20 0.7470491 0.3007696 0.0284320 0.0171919
15 0.3851870 0.2388787 0.0284320 0.0171919
32 0.6016581 0.3145231 0.5182383 0.4985654
33 0.6817847 0.0778478 0.0116313 0.0137535
23 0.3851870 0.1769878 0.0284320 0.0171919
6 0.4575594 0.1769878 0.0284320 0.0171919
29 0.5299319 0.1769878 0.0284320 0.0171919
10 0.6023043 0.1769878 0.0284320 0.0171919
25 0.6746767 0.1769878 0.0284320 0.0171919
30 0.7470491 0.1769878 0.0284320 0.0171919
31 0.4575594 0.2388787 0.0284320 0.0171919
8 0.5299319 0.2388787 0.0284320 0.0171919
21 0.6023043 0.2388787 0.0284320 0.0171919
18 0.6746767 0.2388787 0.0284320 0.0171919
5 0.8194215 0.2388787 0.0284320 0.0171919
20 0.3851870 0.3007696 0.0284320 0.0171919
13 0.4575594 0.3007696 0.0284320 0.0171919
3 0.5299319 0.3007696 0.0284320 0.0171919
17 0.6023043 0.3007696 0.0284320 0.0171919
24 0.6746767 0.3007696 0.0284320 0.0171919
26 0.4575594 0.3626605 0.0284320 0.0171919
11 0.6023043 0.3626605 0.0284320 0.0171919
22 0.6746767 0.3626605 0.0284320 0.0171919
27 0.7470491 0.3626605 0.0284320 0.0171919
4 0.8194215 0.3626605 0.0284320 0.0171919
2 0.3851870 0.4245514 0.0284320 0.0171919
28 0.4575594 0.4245514 0.0284320 0.0171919
12 0.5299319 0.4245514 0.0284320 0.0171919
1 0.6023043 0.4245514 0.0284320 0.0171919
14 0.7470491 0.4245514 0.0284320 0.0171919
9 0.4575594 0.4864422 0.0284320 0.0171919
16 0.5299319 0.4864422 0.0284320 0.0171919
19 0.6746767 0.4864422 0.0284320 0.0171919
15 0.7470491 0.4864422 0.0284320 0.0171919
34 0.8194215 0.4870153 0.0672030 0.0618909
19 0.8194215 0.4864422 0.0284320 0.0171919
24 0.6023043 0.4864422 0.0284320 0.0171919
21 0.3851870 0.3626605 0.0284320 0.0171919
3 0.8194215 0.4245514 0.0284320 0.0171919
29 0.8194215 0.1769878 0.0284320 0.0171919
27 0.8194215 0.3007696 0.0284320 0.0171919
23 0.6746767 0.4245514 0.0284320 0.0171919
30 0.3851870 0.4864422 0.0284320 0.0171919
13 0.7470491 0.2388787 0.0284320 0.0171919
16 0.5299319 0.3626605 0.0284320 0.0171919
