4 0.3092475 0.4970268 0.0273496 0.0168306
14 0.1003959 0.5576170 0.0273496 0.0168306
32 0.3086259 0.5710815 0.4985088 0.4880877
33 0.3857021 0.3393801 0.0111885 0.0134645
16 0.1700130 0.4364366 0.0273496 0.0168306
2 0.3092475 0.4364366 0.0273496 0.0168306
4 0.4484819 0.4364366 0.0273496 0.0168306
11 0.5180991 0.4364366 0.0273496 0.0168306
1 0.1003959 0.4970268 0.0273496 0.0168306
17 0.1700130 0.4970268 0.0273496 0.0168306
8 0.2396303 0.4970268 0.0273496 0.0168306
7 0.5180991 0.4970268 0.0273496 0.0168306
9 0.1700130 0.5576170 0.0273496 0.0168306
28 0.3788647 0.5576170 0.0273496 0.0168306
20 0.5180991 0.5576170 0.0273496 0.0168306
15 0.1003959 0.6182071 0.0273496 0.0168306
22 0.1700130 0.6182071 0.0273496 0.0168306
6 0.2396303 0.6182071 0.0273496 0.0168306
18 0.3788647 0.6182071 0.0273496 0.0168306
21 0.4484819 0.6182071 0.0273496 0.0168306
26 0.5180991 0.6182071 0.0273496 0.0168306
29 0.1003959 0.6787973 0.0273496 0.0168305
14 0.1700130 0.6787973 0.0273496 0.0168305
25 0.2396303 0.6787973 0.0273496 0.0168305
30 0.3092475 0.6787973 0.0273496 0.0168305
5 0.3788647 0.6787973 0.0273496 0.0168305
31 0.4484819 0.6787973 0.0273496 0.0168305
24 0.5180991 0.6787973 0.0273496 0.0168305
10 0.1003959 0.7393875 0.0273496 0.0168306
19 0.1700130 0.7393875 0.0273496 0.0168306
23 0.2396303 0.7393875 0.0273496 0.0168306
3 0.3092475 0.7393875 0.0273496 0.0168306
13 0.3788647 0.7393875 0.0273496 0.0168306
12 0.4484819 0.7393875 0.0273496 0.0168306
34 0.5180991 0.7399485 0.0646445 0.0605901
9 0.5180991 0.7393875 0.0273496 0.0168306
2 0.3092475 0.5576170 0.0273496 0.0168306
25 0.4484819 0.5576170 0.0273496 0.0168306
21 0.3788647 0.4970268 0.0273496 0.0168306
28 0.3092475 0.6182071 0.0273496 0.0168306
24 0.2396303 0.5576170 0.0273496 0.0168306
17 0.4484819 0.4970268 0.0273496 0.0168306
2 0.3788647 0.4364366 0.0273496 0.0168306
4 0.2396303 0.4364366 0.0273496 0.0168306
20 0.1003959 0.4364366 0.0273496 0.0168306
