1 0.2345788 0.6357939 0.0267723 0.0174900
1 0.3708739 0.6987580 0.0267723 0.0174900
32 0.3021179 0.5238577 0.4879852 0.5072108
33 0.3775670 0.2830783 0.0109523 0.0139920
8 0.2345788 0.3839374 0.0267723 0.0174900
29 0.3708739 0.3839374 0.0267723 0.0174900
16 0.4390215 0.3839374 0.0267722 0.0174900
5 0.5071690 0.3839374 0.0267723 0.0174900
2 0.1664312 0.4469016 0.0267723 0.0174900
7 0.2345788 0.4469016 0.0267723 0.0174900
9 0.3027264 0.4469016 0.0267723 0.0174900
3 0.3708739 0.4469016 0.0267723 0.0174900
22 0.4390215 0.4469016 0.0267722 0.0174900
20 0.5071690 0.4469016 0.0267723 0.0174900
13 0.0982837 0.5098656 0.0267723 0.0174900
23 0.1664312 0.5098656 0.0267723 0.0174900
26 0.2345788 0.5098656 0.0267723 0.0174900
15 0.3027264 0.5098656 0.0267723 0.0174900
25 0.3708739 0.5098656 0.0267723 0.0174900
34 0.4390215 0.5104486 0.0632799 0.0629641
20 0.4390215 0.5098656 0.0267722 0.0174900
17 0.5071690 0.5098656 0.0267723 0.0174900
12 0.0982837 0.5728297 0.0267723 0.0174900
11 0.1664312 0.5728297 0.0267723 0.0174900
30 0.3708739 0.5728297 0.0267723 0.0174900
24 0.5071690 0.5728297 0.0267723 0.0174900
6 0.0982837 0.6357939 0.0267723 0.0174900
10 0.1664312 0.6357939 0.0267723 0.0174900
19 0.3027264 0.6357939 0.0267723 0.0174900
14 0.3708739 0.6357939 0.0267723 0.0174900
21 0.4390215 0.6357939 0.0267722 0.0174900
1 0.5071690 0.6357939 0.0267723 0.0174900
27 0.1664312 0.6987580 0.0267723 0.0174900
18 0.2345788 0.6987580 0.0267723 0.0174900
31 0.3027264 0.6987580 0.0267723 0.0174900
4 0.5071690 0.6987580 0.0267723 0.0174900
6 0.0982837 0.4469016 0.0267723 0.0174900
19 0.0982837 0.3839374 0.0267723 0.0174900
30 0.1664312 0.3839374 0.0267723 0.0174900
24 0.3027264 0.5728297 0.0267723 0.0174900
19 0.3027264 0.3839374 0.0267723 0.0174900
7 0.2345788 0.5728297 0.0267723 0.0174900
4 0.0982837 0.6987580 0.0267723 0.0174900
26 0.4390215 0.6987580 0.0267722 0.0174900
23 0.4390215 0.5728297 0.0267722 0.0174900
