30 0.4262606 0.3837622 0.0281543 0.0167034
31 0.2829297 0.5040265 0.0281543 0.0167034
32 0.3545951 0.5324223 0.5170150 0.4944200
33 0.4332991 0.2969047 0.0115176 0.0144763
3 0.1395988 0.3837622 0.0281543 0.0167034
13 0.2829297 0.3837622 0.0281543 0.0167034
31 0.4979260 0.3837622 0.0281543 0.0167034
18 0.5695914 0.3837622 0.0281543 0.0167034
1 0.2829297 0.4438944 0.0281543 0.0167034
10 0.4262606 0.4438944 0.0281543 0.0167034
6 0.4979260 0.4438944 0.0281543 0.0167034
27 0.5695914 0.4438944 0.0281543 0.0167034
26 0.1395988 0.5040265 0.0281543 0.0167034
12 0.2112642 0.5040265 0.0281543 0.0167034
16 0.3545951 0.5040265 0.0281543 0.0167034
14 0.4262606 0.5040265 0.0281543 0.0167034
25 0.4979260 0.5040265 0.0281543 0.0167034
20 0.1395988 0.5641587 0.0281543 0.0167034
15 0.2112642 0.5641587 0.0281543 0.0167034
21 0.2829297 0.5641587 0.0281543 0.0167034
8 0.4262606 0.5641587 0.0281543 0.0167034
23 0.4979260 0.5641587 0.0281543 0.0167034
22 0.5695914 0.5641587 0.0281543 0.0167034
34 0.1395988 0.6248477 0.0665465 0.0601322
18 0.1395988 0.6242909 0.0281543 0.0167034
9 0.2112642 0.6242909 0.0281543 0.0167034
28 0.2829297 0.6242909 0.0281543 0.0167034
4 0.3545951 0.6242909 0.0281543 0.0167034
2 0.5695914 0.6242909 0.0281543 0.0167034
26 0.3545951 0.3837622 0.0281543 0.0167034
8 0.5695914 0.5040265 0.0281543 0.0167034
1 0.3545951 0.5641587 0.0281543 0.0167034
17 0.4979260 0.6242909 0.0281543 0.0167034
24 0.2112642 0.3837622 0.0281543 0.0167034
11 0.2112642 0.4438944 0.0281543 0.0167034
3 0.4262606 0.6242909 0.0281543 0.0167034
8 0.3545951 0.4438944 0.0281543 0.0167034
22 0.1395988 0.4438944 0.0281543 0.0167034
