16 0.5181824 0.2785376 0.0262624 0.0159150
20 0.8524305 0.3931257 0.0262624 0.0159151
32 0.6512848 0.2912696 0.4786911 0.4615354
33 0.7252969 0.0721729 0.0107437 0.0127320
21 0.4513327 0.1639495 0.0262624 0.0159150
16 0.5181824 0.1639495 0.0262624 0.0159150
7 0.5850320 0.1639495 0.0262624 0.0159150
12 0.6518816 0.1639495 0.0262624 0.0159150
23 0.7187313 0.1639495 0.0262624 0.0159150
15 0.8524305 0.1639495 0.0262624 0.0159150
10 0.4513327 0.2212436 0.0262624 0.0159150
9 0.5181824 0.2212436 0.0262624 0.0159150
30 0.5850320 0.2212436 0.0262624 0.0159150
13 0.6518816 0.2212436 0.0262624 0.0159150
2 0.7187313 0.2212436 0.0262624 0.0159150
18 0.7855809 0.2212436 0.0262624 0.0159150
4 0.8524305 0.2212436 0.0262624 0.0159150
19 0.4513327 0.2785376 0.0262624 0.0159150
1 0.5850320 0.2785376 0.0262624 0.0159150
31 0.6518816 0.2785376 0.0262624 0.0159150
25 0.8524305 0.2785376 0.0262624 0.0159150
11 0.6518816 0.3358317 0.0262624 0.0159151
22 0.7187313 0.3358317 0.0262624 0.0159151
34 0.7855809 0.3363622 0.0620746 0.0572941
21 0.7855809 0.3358317 0.0262624 0.0159151
28 0.8524305 0.3358317 0.0262624 0.0159151
5 0.4513327 0.3931257 0.0262624 0.0159151
17 0.5181824 0.3931257 0.0262624 0.0159151
27 0.5850320 0.3931257 0.0262624 0.0159151
3 0.6518816 0.3931257 0.0262624 0.0159151
14 0.4513327 0.4504198 0.0262624 0.0159150
26 0.5181824 0.4504198 0.0262624 0.0159150
29 0.5850320 0.4504198 0.0262624 0.0159150
8 0.6518816 0.4504198 0.0262624 0.0159150
20 0.7855809 0.4504198 0.0262624 0.0159150
6 0.8524305 0.4504198 0.0262624 0.0159150
21 0.7187313 0.2785376 0.0262624 0.0159150
17 0.7855809 0.3931257 0.0262624 0.0159151
21 0.5181824 0.3358317 0.0262624 0.0159151
13 0.7187313 0.3931257 0.0262624 0.0159151
6 0.7855809 0.2785376 0.0262624 0.0159150
16 0.7187313 0.4504198 0.0262624 0.0159150
31 0.5850320 0.3358317 0.0262624 0.0159151
4 0.7855809 0.1639495 0.0262624 0.0159150
16 0.4513327 0.3358317 0.0262624 0.0159151
