24 0.6169593 0.7235982 0.0277504 0.0173155
9 0.3344097 0.4742552 0.0277504 0.0173155
32 0.4056778 0.5931549 0.5108598 0.5090751
33 0.4807301 0.3668993 0.0100911 0.0126980
17 0.1931349 0.4742552 0.0277504 0.0173155
5 0.4756845 0.4742552 0.0277504 0.0173155
8 0.5463219 0.4742552 0.0277504 0.0173155
18 0.6169593 0.4742552 0.0277504 0.0173155
29 0.1931349 0.5360138 0.0277504 0.0161611
13 0.2637723 0.5360138 0.0277504 0.0161611
23 0.4050471 0.5360138 0.0277504 0.0161611
19 0.4756845 0.5360138 0.0277504 0.0161611
21 0.5463219 0.5360138 0.0277504 0.0161611
24 0.6169593 0.5360138 0.0277504 0.0161611
6 0.1931349 0.5989267 0.0277504 0.0173155
31 0.2637723 0.5989267 0.0277504 0.0173155
22 0.3344097 0.5989267 0.0277504 0.0173155
16 0.4756845 0.5989267 0.0277504 0.0173155
12 0.5463219 0.5989267 0.0277504 0.0173155
1 0.6169593 0.5989267 0.0277504 0.0173155
4 0.1931349 0.6612625 0.0277504 0.0173155
11 0.3344097 0.6612625 0.0277504 0.0173155
7 0.4050471 0.6612625 0.0277504 0.0173155
2 0.4756845 0.6612625 0.0277504 0.0173155
34 0.5463219 0.6606852 0.0655919 0.0623357
27 0.5463219 0.6612625 0.0277504 0.0173155
26 0.6169593 0.6612625 0.0277504 0.0173155
9 0.1931349 0.7235982 0.0277504 0.0173155
27 0.2637723 0.7235982 0.0277504 0.0173155
25 0.3344097 0.7235982 0.0277504 0.0173155
14 0.4756845 0.7235982 0.0277504 0.0173155
20 0.3344097 0.7853567 0.0277504 0.0161612
3 0.4050471 0.7853567 0.0277504 0.0161612
15 0.4756845 0.7853567 0.0277504 0.0161612
10 0.5463219 0.7853567 0.0277504 0.0161612
30 0.6169593 0.7853567 0.0277504 0.0161612
7 0.4050471 0.7235982 0.0277504 0.0173155
8 0.5463219 0.7235982 0.0277504 0.0173155
18 0.1931349 0.7853567 0.0277504 0.0161612
17 0.4050471 0.4742552 0.0277504 0.0173155
16 0.2637723 0.4742552 0.0277504 0.0173155
31 0.2637723 0.6612625 0.0277504 0.0173155
14 0.4050471 0.5989267 0.0277504 0.0173155
3 0.2637723 0.7853567 0.0277504 0.0161612
11 0.3344097 0.5360138 0.0277504 0.0161611
