13 0.7016785 0.6449364 0.0233800 0.0158760
22 0.3711693 0.4686001 0.0233801 0.0170099
32 0.5353611 0.5133929 0.3836457 0.4331863
33 0.7091175 0.3143767 0.0106273 0.0170099
8 0.3711693 0.4096323 0.0233801 0.0170100
26 0.4806305 0.4096323 0.0233801 0.0170100
20 0.5364239 0.4096323 0.0223173 0.0170100
18 0.6474792 0.4096323 0.0233801 0.0170100
4 0.7016785 0.4096323 0.0233800 0.0170100
21 0.4806305 0.4686001 0.0233801 0.0170099
14 0.5364239 0.4686001 0.0223173 0.0170099
31 0.5916859 0.4686001 0.0223173 0.0170099
23 0.6474792 0.4686001 0.0233801 0.0170099
9 0.7016785 0.4686001 0.0233800 0.0170099
6 0.3711693 0.5281349 0.0233801 0.0158760
25 0.5916859 0.5281349 0.0223173 0.0158760
15 0.6474792 0.5281349 0.0233801 0.0158760
28 0.3711693 0.5871027 0.0233801 0.0158759
5 0.4264313 0.5871027 0.0233801 0.0158759
1 0.4806305 0.5871027 0.0233801 0.0158759
19 0.5364239 0.5871027 0.0223173 0.0158759
34 0.5922172 0.5871027 0.0467602 0.0498958
14 0.5916859 0.5871027 0.0223173 0.0158759
3 0.6474792 0.5871027 0.0233801 0.0158759
10 0.3711693 0.6449364 0.0233801 0.0158760
17 0.4264313 0.6449364 0.0233801 0.0158760
27 0.5364239 0.6449364 0.0223173 0.0158760
30 0.5916859 0.6449364 0.0223173 0.0158760
7 0.6474792 0.6449364 0.0233801 0.0158760
22 0.3711693 0.7044712 0.0233801 0.0170100
29 0.4264313 0.7044712 0.0233801 0.0170100
2 0.4806305 0.7044712 0.0233801 0.0170100
13 0.5364239 0.7044712 0.0223173 0.0170100
16 0.5916859 0.7044712 0.0223173 0.0170100
12 0.6474792 0.7044712 0.0233801 0.0170100
24 0.7016785 0.7044712 0.0233800 0.0170100
15 0.7016785 0.5281349 0.0233800 0.0158760
14 0.4806305 0.6449364 0.0233801 0.0158760
11 0.7016785 0.5871027 0.0233800 0.0158759
26 0.4264313 0.5281349 0.0233801 0.0158760
29 0.5916859 0.4096323 0.0223173 0.0170100
14 0.4264313 0.4096323 0.0233801 0.0170100
18 0.4264313 0.4686001 0.0233801 0.0170099
9 0.5364239 0.5281349 0.0223173 0.0158760
31 0.4806305 0.5281349 0.0233801 0.0158760
