27 0.2938374 0.2677328 0.0235387 0.0150555
15 0.4524432 0.2677328 0.0246596 0.0150555
32 0.2988814 0.2376218 0.4236960 0.3591816
33 0.4737401 0.1015845 0.0089671 0.0139801
11 0.1352316 0.1741736 0.0246596 0.0150555
16 0.2411556 0.1741736 0.0235387 0.0150555
35 0.2938374 0.1741736 0.0437147 0.0430157
8 0.2938374 0.1741736 0.0235387 0.0150555
3 0.3459587 0.1741736 0.0246596 0.0150555
21 0.3986405 0.1741736 0.0246596 0.0150555
10 0.4524432 0.1741736 0.0246596 0.0150555
15 0.1352316 0.2204155 0.0246596 0.0150555
1 0.1890343 0.2204155 0.0246596 0.0150555
31 0.2411556 0.2204155 0.0235387 0.0150555
7 0.2938374 0.2204155 0.0235387 0.0150555
17 0.3459587 0.2204155 0.0246596 0.0150555
25 0.3986405 0.2204155 0.0246596 0.0150555
26 0.1890343 0.2677328 0.0246596 0.0150555
5 0.3459587 0.2677328 0.0246596 0.0150555
12 0.3986405 0.2677328 0.0246596 0.0150555
22 0.1352316 0.3150502 0.0246596 0.0150555
2 0.2411556 0.3150502 0.0235387 0.0150555
23 0.3986405 0.3150502 0.0246596 0.0150555
6 0.1352316 0.3629052 0.0246596 0.0161309
30 0.1890343 0.3629052 0.0246596 0.0161309
9 0.2411556 0.3629052 0.0235387 0.0161309
20 0.2938374 0.3629052 0.0235387 0.0161309
29 0.3459587 0.3629052 0.0246596 0.0161309
24 0.3986405 0.3629052 0.0246596 0.0161309
13 0.1352316 0.2677328 0.0246596 0.0150555
17 0.4524432 0.2204155 0.0246596 0.0150555
19 0.3459587 0.3150502 0.0246596 0.0150555
2 0.4524432 0.3629052 0.0246596 0.0161309
21 0.1890343 0.3150502 0.0246596 0.0150555
29 0.2938374 0.3150502 0.0235387 0.0150555
9 0.1890343 0.1741736 0.0246596 0.0150555
9 0.4524432 0.3150502 0.0246596 0.0150555
26 0.2411556 0.2677328 0.0235387 0.0150555
