1 0.2605633 0.3182676 0.0278662 0.0167887
26 0.4024274 0.3787069 0.0278661 0.0167887
32 0.2599300 0.2925249 0.5079240 0.4958265
33 0.3378286 0.0586023 0.0126664 0.0145502
11 0.0477672 0.1973889 0.0278662 0.0167887
29 0.1186993 0.1973889 0.0278662 0.0167887
23 0.1896313 0.1973889 0.0278662 0.0167887
15 0.3314954 0.1973889 0.0278662 0.0167887
20 0.4733594 0.1973889 0.0278661 0.0167887
7 0.0477672 0.2578283 0.0278662 0.0167887
17 0.1186993 0.2578283 0.0278662 0.0167887
9 0.2605633 0.2578283 0.0278662 0.0167887
5 0.3314954 0.2578283 0.0278662 0.0167887
13 0.4024274 0.2578283 0.0278661 0.0167887
8 0.4733594 0.2578283 0.0278661 0.0167887
10 0.0477672 0.3182676 0.0278662 0.0167887
3 0.1896313 0.3182676 0.0278662 0.0167887
28 0.3314954 0.3182676 0.0278662 0.0167887
22 0.4024274 0.3182676 0.0278661 0.0167887
31 0.4733594 0.3182676 0.0278661 0.0167887
16 0.0477672 0.3787069 0.0278662 0.0167887
18 0.1896313 0.3787069 0.0278662 0.0167887
27 0.2605633 0.3787069 0.0278662 0.0167887
1 0.3314954 0.3787069 0.0278662 0.0167887
19 0.4733594 0.3787069 0.0278661 0.0167887
4 0.0477672 0.4391463 0.0278662 0.0167887
6 0.1186993 0.4391463 0.0278662 0.0167887
14 0.2605633 0.4391463 0.0278662 0.0167887
26 0.4733594 0.4391463 0.0278661 0.0167887
24 0.1186993 0.4995856 0.0278662 0.0167887
25 0.1896313 0.4995856 0.0278662 0.0167887
30 0.2605633 0.4995856 0.0278662 0.0167887
21 0.3314954 0.4995856 0.0278662 0.0167887
34 0.4024274 0.5001453 0.0658654 0.0604393
13 0.4024274 0.4995856 0.0278661 0.0167887
12 0.4733594 0.4995856 0.0278661 0.0167887
10 0.0477672 0.4995856 0.0278662 0.0167887
11 0.1896313 0.4391463 0.0278662 0.0167887
1 0.1186993 0.3787069 0.0278662 0.0167887
1 0.3314954 0.4391463 0.0278662 0.0167887
23 0.4024274 0.4391463 0.0278661 0.0167887
7 0.1896313 0.2578283 0.0278662 0.0167887
26 0.2605633 0.1973889 0.0278662 0.0167887
15 0.4024274 0.1973889 0.0278661 0.0167887
1 0.1186993 0.3182676 0.0278662 0.0167887
