16 0.4857849 0.2271446 0.0267420 0.0161418
22 0.1454322 0.3433654 0.0267420 0.0161418
32 0.2821811 0.3379849 0.4922959 0.4745686
33 0.3545060 0.1270655 0.0097243 0.0118373
24 0.0773616 0.2271446 0.0267420 0.0161418
27 0.2135027 0.2271446 0.0267420 0.0161418
34 0.3496438 0.2266065 0.0632084 0.0581105
11 0.3496438 0.2271446 0.0267420 0.0161418
11 0.0773616 0.2847169 0.0267420 0.0150657
8 0.1454322 0.2847169 0.0267420 0.0150657
22 0.2135027 0.2847169 0.0267420 0.0150657
4 0.2815733 0.2847169 0.0267420 0.0150657
2 0.4177144 0.2847169 0.0267420 0.0150657
1 0.4857849 0.2847169 0.0267420 0.0150657
23 0.0773616 0.3433654 0.0267420 0.0161418
3 0.2135027 0.3433654 0.0267420 0.0161418
31 0.2815733 0.3433654 0.0267420 0.0161418
16 0.3496438 0.3433654 0.0267420 0.0161418
6 0.4177144 0.3433654 0.0267420 0.0161418
15 0.4857849 0.3433654 0.0267420 0.0161418
13 0.0773616 0.4014759 0.0267420 0.0161418
10 0.2135027 0.4014759 0.0267420 0.0161418
12 0.2815733 0.4014759 0.0267420 0.0161418
5 0.3496438 0.4014759 0.0267420 0.0161418
25 0.4177144 0.4014759 0.0267420 0.0161418
18 0.4857849 0.4014759 0.0267420 0.0161418
7 0.2815733 0.4595863 0.0267420 0.0161418
14 0.4177144 0.4595863 0.0267420 0.0161418
9 0.4857849 0.4595863 0.0267420 0.0161418
11 0.0773616 0.4595863 0.0267420 0.0161418
11 0.4177144 0.2271446 0.0267420 0.0161418
16 0.2815733 0.2271446 0.0267420 0.0161418
12 0.1454322 0.2271446 0.0267420 0.0161418
29 0.1454322 0.4014759 0.0267420 0.0161418
22 0.2135027 0.4595863 0.0267420 0.0161418
12 0.3496438 0.2847169 0.0267420 0.0150657
20 0.3496438 0.4595863 0.0267420 0.0161418
2 0.1454322 0.4595863 0.0267420 0.0161418
