27 0.4050751 0.4157605 0.0240816 0.0155460
30 0.5752883 0.4157605 0.0229870 0.0155460
32 0.5128950 0.3818925 0.3951572 0.3808770
33 0.6978855 0.2053343 0.0098516 0.0144356
25 0.3481550 0.2997208 0.0240816 0.0166564
28 0.4050751 0.2997208 0.0240816 0.0166564
34 0.4609007 0.2991655 0.0481632 0.0488589
12 0.4609007 0.2997208 0.0240816 0.0166564
30 0.5183681 0.2997208 0.0229870 0.0166564
9 0.5752883 0.2997208 0.0229870 0.0166564
5 0.6327557 0.2997208 0.0240816 0.0166564
6 0.3481550 0.3574630 0.0240816 0.0166564
8 0.4050751 0.3574630 0.0240816 0.0166564
1 0.4609007 0.3574630 0.0240816 0.0166564
24 0.5752883 0.3574630 0.0229870 0.0166564
27 0.6885813 0.3574630 0.0240816 0.0166564
11 0.3481550 0.4157605 0.0240816 0.0155460
18 0.5183681 0.4157605 0.0229870 0.0155460
7 0.6327557 0.4157605 0.0240816 0.0155460
17 0.4050751 0.4735028 0.0240816 0.0155460
22 0.4609007 0.4735028 0.0240816 0.0155460
4 0.5183681 0.4735028 0.0229870 0.0155460
13 0.5752883 0.4735028 0.0229870 0.0155460
23 0.6885813 0.4735028 0.0240816 0.0155460
3 0.3481550 0.5301347 0.0240816 0.0155460
21 0.4050751 0.5301347 0.0240816 0.0155460
10 0.5183681 0.5301347 0.0229870 0.0155460
2 0.5752883 0.5301347 0.0229870 0.0155460
29 0.6327557 0.5301347 0.0240816 0.0155460
23 0.4609007 0.4157605 0.0240816 0.0155460
3 0.3481550 0.4735028 0.0240816 0.0155460
6 0.6885813 0.4157605 0.0240816 0.0155460
15 0.5183681 0.3574630 0.0229870 0.0166564
21 0.6885813 0.5301347 0.0240816 0.0155460
31 0.4609007 0.5301347 0.0240816 0.0155460
14 0.6327557 0.4735028 0.0240816 0.0155460
19 0.6885813 0.2997208 0.0240816 0.0166564
11 0.6327557 0.3574630 0.0240816 0.0166564
