16 0.3193158 0.6111694 0.0222689 0.0151649
28 0.3193158 0.6804953 0.0222689 0.0151651
32 0.3580214 0.4887660 0.3626659 0.4744488
33 0.4831517 0.3040776 0.0127251 0.0184147
3 0.2238774 0.4037335 0.0222690 0.0162483
20 0.3193158 0.4037335 0.0222689 0.0162483
10 0.3670350 0.4037335 0.0222690 0.0162483
21 0.4147542 0.4037335 0.0222689 0.0162483
23 0.5101926 0.4037335 0.0222690 0.0162483
11 0.2238774 0.4730594 0.0222690 0.0162482
26 0.2715966 0.4730594 0.0222690 0.0162482
19 0.3193158 0.4730594 0.0222689 0.0162482
2 0.3670350 0.4730594 0.0222690 0.0162482
17 0.4624734 0.4730594 0.0222689 0.0162482
25 0.5101926 0.4730594 0.0222690 0.0162482
29 0.2238774 0.5423852 0.0222690 0.0162482
13 0.2715966 0.5423852 0.0222690 0.0162482
34 0.3193158 0.5423852 0.0413566 0.0422454
5 0.3193158 0.5423852 0.0222689 0.0162482
16 0.4624734 0.5423852 0.0222689 0.0162482
1 0.5101926 0.5423852 0.0222690 0.0162482
8 0.2238774 0.6111694 0.0222690 0.0151649
4 0.4147542 0.6111694 0.0222689 0.0151649
22 0.4624734 0.6111694 0.0222689 0.0151649
24 0.5101926 0.6111694 0.0222690 0.0151649
6 0.3670350 0.6804953 0.0222690 0.0151651
28 0.4147542 0.6804953 0.0222689 0.0151651
14 0.4624734 0.6804953 0.0222689 0.0151651
18 0.5101926 0.6804953 0.0222690 0.0151651
30 0.2715966 0.6111694 0.0222690 0.0151649
30 0.2715966 0.4037335 0.0222690 0.0162483
15 0.2238774 0.6804953 0.0222690 0.0151651
11 0.3670350 0.6111694 0.0222690 0.0151649
8 0.2715966 0.6804953 0.0222690 0.0151651
15 0.4147542 0.4730594 0.0222689 0.0162482
1 0.4147542 0.5423852 0.0222689 0.0162482
11 0.4624734 0.4037335 0.0222689 0.0162483
25 0.3670350 0.5423852 0.0222690 0.0162482
