19 0.9865168 0.3085982 0.0240725 0.0149982
24 0.8147266 0.3085982 0.0240725 0.0149982
32 0.8345986 0.2759234 0.3308028 0.3674565
19 0.7020234 0.1966471 0.0240725 0.0160695
16 0.7589221 0.1966471 0.0240725 0.0160695
17 0.8147266 0.1966471 0.0240725 0.0160695
15 0.9865168 0.1966471 0.0240725 0.0160695
21 0.7020234 0.2523548 0.0240725 0.0160695
10 0.7589221 0.2523548 0.0240725 0.0160695
1 0.8147266 0.2523548 0.0240725 0.0160695
29 0.8721723 0.2523548 0.0229783 0.0160695
30 0.9865168 0.2523548 0.0240725 0.0160695
13 0.7589221 0.3085982 0.0240725 0.0149982
9 0.8721723 0.3085982 0.0229783 0.0149982
5 0.7020234 0.3643059 0.0240725 0.0149982
22 0.7589221 0.3643059 0.0240725 0.0149982
23 0.8147266 0.3643059 0.0240725 0.0149982
26 0.9290710 0.3643059 0.0229783 0.0149982
27 0.9865168 0.3643059 0.0240725 0.0149982
25 0.7020234 0.4189423 0.0240725 0.0149982
34 0.8147266 0.4189423 0.0481451 0.0471373
15 0.8147266 0.4189423 0.0240725 0.0149982
11 0.9290710 0.4189423 0.0229783 0.0149982
3 0.9865168 0.4189423 0.0240725 0.0149982
14 0.7589221 0.4189423 0.0240725 0.0149982
18 0.8721723 0.1966471 0.0229783 0.0160695
23 0.8721723 0.4189423 0.0229783 0.0149982
17 0.8721723 0.3643059 0.0229783 0.0149982
18 0.7020234 0.3085982 0.0240725 0.0149982
3 0.9290710 0.1966471 0.0229783 0.0160695
28 0.9290710 0.3085982 0.0229783 0.0149982
8 0.9290710 0.2523548 0.0229783 0.0160695
