3 0.6308969 0.4073930 0.0262698 0.0167671
2 0.4971601 0.7092017 0.0262697 0.0167670
32 0.6302999 0.5415302 0.4788255 0.4862473
33 0.7043327 0.3107024 0.0107467 0.0134137
3 0.5640285 0.4073930 0.0262697 0.0167671
25 0.6977654 0.4073930 0.0262698 0.0167671
18 0.7646337 0.4073930 0.0262697 0.0167671
29 0.8315022 0.4073930 0.0262697 0.0167671
24 0.4302917 0.4677547 0.0262697 0.0167671
4 0.4971601 0.4677547 0.0262697 0.0167671
7 0.5640285 0.4677547 0.0262697 0.0167671
11 0.6308969 0.4677547 0.0262698 0.0167671
17 0.6977654 0.4677547 0.0262698 0.0167671
23 0.8315022 0.4677547 0.0262697 0.0167671
21 0.4971601 0.5281165 0.0262697 0.0167671
14 0.5640285 0.5281165 0.0262697 0.0167671
30 0.6977654 0.5281165 0.0262698 0.0167671
16 0.7646337 0.5281165 0.0262697 0.0167671
10 0.8315022 0.5281165 0.0262697 0.0167671
34 0.4302917 0.5890371 0.0620921 0.0603617
19 0.4302917 0.5884782 0.0262697 0.0167670
28 0.5640285 0.5884782 0.0262697 0.0167670
5 0.6308969 0.5884782 0.0262698 0.0167670
13 0.7646337 0.5884782 0.0262697 0.0167670
19 0.8315022 0.5884782 0.0262697 0.0167670
8 0.4971601 0.6488399 0.0262697 0.0167670
1 0.5640285 0.6488399 0.0262697 0.0167670
22 0.6308969 0.6488399 0.0262698 0.0167670
27 0.6977654 0.6488399 0.0262698 0.0167670
26 0.7646337 0.6488399 0.0262697 0.0167670
12 0.8315022 0.6488399 0.0262697 0.0167670
20 0.4302917 0.7092017 0.0262697 0.0167670
31 0.5640285 0.7092017 0.0262697 0.0167670
6 0.6308969 0.7092017 0.0262698 0.0167670
15 0.6977654 0.7092017 0.0262698 0.0167670
2 0.8315022 0.7092017 0.0262697 0.0167670
6 0.7646337 0.7092017 0.0262697 0.0167670
7 0.7646337 0.4677547 0.0262697 0.0167671
20 0.6977654 0.5884782 0.0262698 0.0167670
30 0.4971601 0.5884782 0.0262697 0.0167670
14 0.4302917 0.5281165 0.0262697 0.0167671
21 0.4302917 0.4073930 0.0262697 0.0167671
15 0.4971601 0.4073930 0.0262697 0.0167671
16 0.4302917 0.6488399 0.0262697 0.0167670
27 0.6308969 0.5281165 0.0262698 0.0167671
