19 0.8067163 0.5863505 0.0238442 0.0156203
29 0.8636171 0.5277743 0.0227603 0.0167360
32 0.8334514 0.5718458 0.3330973 0.4262113
19 0.6950822 0.4697560 0.0238441 0.0167360
15 0.7514411 0.4697560 0.0238442 0.0167360
16 0.8067163 0.4697560 0.0238442 0.0167360
22 0.8636171 0.4697560 0.0227603 0.0167360
6 0.9768769 0.4697560 0.0238441 0.0167360
10 0.7514411 0.5277743 0.0238442 0.0167360
4 0.8067163 0.5277743 0.0238442 0.0167360
30 0.9199761 0.5277743 0.0227603 0.0167360
3 0.9768769 0.5277743 0.0238441 0.0167360
28 0.6950822 0.5863505 0.0238441 0.0156203
18 0.9199761 0.5863505 0.0227603 0.0156203
2 0.9768769 0.5863505 0.0238441 0.0156203
27 0.7514411 0.6443688 0.0238442 0.0156203
29 0.8067163 0.6443688 0.0238442 0.0156203
17 0.9768769 0.6443688 0.0238441 0.0156203
12 0.6950822 0.7012713 0.0238441 0.0156203
20 0.7514411 0.7012713 0.0238442 0.0156203
14 0.8636171 0.7012713 0.0227603 0.0156203
8 0.9199761 0.7012713 0.0227603 0.0156203
21 0.9768769 0.7012713 0.0238441 0.0156203
7 0.6950822 0.7598474 0.0238441 0.0167360
11 0.7514411 0.7598474 0.0238442 0.0167360
9 0.8067163 0.7598474 0.0238442 0.0167360
24 0.8636171 0.7598474 0.0227603 0.0167360
31 0.9768769 0.7598474 0.0238441 0.0167360
15 0.9199761 0.4697560 0.0227603 0.0167360
17 0.6950822 0.6443688 0.0238441 0.0156203
20 0.6950822 0.5277743 0.0238441 0.0167360
30 0.8067163 0.7012713 0.0238442 0.0156203
15 0.8636171 0.5863505 0.0227603 0.0156203
17 0.9199761 0.6443688 0.0227603 0.0156203
19 0.9199761 0.7598474 0.0227603 0.0167360
1 0.7514411 0.5863505 0.0238442 0.0156203
8 0.8636171 0.6443688 0.0227603 0.0156203
