16 0.2373310 0.4378560 0.0223837 0.0170277
20 0.3812264 0.5825910 0.0223837 0.0158925
32 0.3242012 0.4543161 0.3645349 0.4972071
33 0.4499764 0.2607686 0.0127907 0.0192980
22 0.1893659 0.3652047 0.0223837 0.0170277
1 0.2373310 0.3652047 0.0223837 0.0170277
20 0.2852962 0.3652047 0.0223837 0.0170277
13 0.4291915 0.3652047 0.0223837 0.0170277
2 0.4771566 0.3652047 0.0223837 0.0170277
21 0.3812264 0.4378560 0.0223837 0.0170277
3 0.4771566 0.4378560 0.0223837 0.0170277
23 0.1893659 0.5105073 0.0223837 0.0170277
29 0.2373310 0.5105073 0.0223837 0.0170277
18 0.2852962 0.5105073 0.0223837 0.0170277
25 0.3332612 0.5105073 0.0223837 0.0170277
11 0.3812264 0.5105073 0.0223837 0.0170277
19 0.4291915 0.5105073 0.0223837 0.0170277
8 0.1893659 0.5825910 0.0223837 0.0158925
4 0.2373310 0.5825910 0.0223837 0.0158925
34 0.2852961 0.5831586 0.0415698 0.0442718
24 0.2852962 0.5825910 0.0223837 0.0158925
30 0.3332612 0.5825910 0.0223837 0.0158925
31 0.4291915 0.5825910 0.0223837 0.0158925
7 0.4771566 0.5825910 0.0223837 0.0158925
27 0.1893659 0.6552422 0.0223837 0.0158925
12 0.2373310 0.6552422 0.0223837 0.0158925
15 0.2852962 0.6552422 0.0223837 0.0158925
16 0.3332612 0.6552422 0.0223837 0.0158925
10 0.3812264 0.6552422 0.0223837 0.0158925
22 0.1893659 0.4378560 0.0223837 0.0170277
15 0.2852962 0.4378560 0.0223837 0.0170277
14 0.3332612 0.4378560 0.0223837 0.0170277
15 0.3332612 0.3652047 0.0223837 0.0170277
18 0.4771566 0.6552422 0.0223837 0.0158925
1 0.4771566 0.5105073 0.0223837 0.0170277
11 0.3812264 0.3652047 0.0223837 0.0170277
13 0.4291915 0.6552422 0.0223837 0.0158925
5 0.4291915 0.4378560 0.0223837 0.0170277
