4 0.4215465 0.4250651 0.0276453 0.0174232
16 0.2104367 0.2996176 0.0276453 0.0174233
32 0.4209182 0.3983494 0.5038990 0.5145671
33 0.4981995 0.1555853 0.0125661 0.0151002
11 0.2808067 0.2996176 0.0276453 0.0174233
20 0.3511766 0.2996176 0.0276453 0.0174233
29 0.4215465 0.2996176 0.0276453 0.0174233
23 0.2104367 0.3623414 0.0276453 0.0174233
10 0.2808067 0.3623414 0.0276453 0.0174233
13 0.3511766 0.3623414 0.0276453 0.0174233
4 0.4215465 0.3623414 0.0276453 0.0174233
6 0.4919164 0.3623414 0.0276453 0.0174233
7 0.5622864 0.3623414 0.0276453 0.0174233
2 0.2808067 0.4250651 0.0276453 0.0174232
1 0.5622864 0.4250651 0.0276453 0.0174232
22 0.6326563 0.4250651 0.0276453 0.0174232
16 0.2104367 0.4877889 0.0276453 0.0174233
14 0.3511766 0.4877889 0.0276453 0.0174233
9 0.4919164 0.4877889 0.0276453 0.0174233
19 0.5622864 0.4877889 0.0276453 0.0174233
28 0.6326563 0.4877889 0.0276453 0.0174233
21 0.2104367 0.5505126 0.0276453 0.0174232
34 0.2808067 0.5510934 0.0653435 0.0627238
23 0.2808067 0.5505126 0.0276453 0.0174232
24 0.3511766 0.5505126 0.0276453 0.0174232
30 0.4215465 0.5505126 0.0276453 0.0174232
27 0.4919164 0.5505126 0.0276453 0.0174232
17 0.5622864 0.5505126 0.0276453 0.0174232
5 0.6326563 0.5505126 0.0276453 0.0174232
4 0.2104367 0.4250651 0.0276453 0.0174232
31 0.4215465 0.4877889 0.0276453 0.0174233
28 0.2808067 0.4877889 0.0276453 0.0174233
22 0.5622864 0.2996176 0.0276453 0.0174233
7 0.4919164 0.2996176 0.0276453 0.0174233
12 0.4919164 0.4250651 0.0276453 0.0174232
9 0.3511766 0.4250651 0.0276453 0.0174232
14 0.6326563 0.3623414 0.0276453 0.0174233
23 0.6326563 0.2996176 0.0276453 0.0174233
