12 0.3619725 0.4231787 0.0266650 0.0153318
10 0.5655960 0.4828632 0.0266650 0.0164269
32 0.4304530 0.4773875 0.4908781 0.4829515
33 0.5025697 0.2627424 0.0096964 0.0120464
23 0.2262235 0.3645894 0.0266650 0.0164269
22 0.2940980 0.3645894 0.0266650 0.0164269
21 0.4298470 0.3645894 0.0266650 0.0164269
14 0.4977215 0.3645894 0.0266650 0.0164269
25 0.5655960 0.3645894 0.0266650 0.0164269
18 0.6334705 0.3645894 0.0266650 0.0164269
9 0.2262235 0.4231787 0.0266650 0.0153318
30 0.2940980 0.4231787 0.0266650 0.0153318
29 0.4977215 0.4231787 0.0266650 0.0153318
13 0.6334705 0.4231787 0.0266650 0.0153318
27 0.2262235 0.4828632 0.0266650 0.0164269
34 0.2940980 0.4823156 0.0630263 0.0591369
14 0.2940980 0.4828632 0.0266650 0.0164269
8 0.3619725 0.4828632 0.0266650 0.0164269
24 0.4298470 0.4828632 0.0266650 0.0164269
12 0.4977215 0.4828632 0.0266650 0.0164269
7 0.6334705 0.4828632 0.0266650 0.0164269
11 0.2262235 0.5420001 0.0266650 0.0164269
3 0.4977215 0.5420001 0.0266650 0.0164269
1 0.5655960 0.5420001 0.0266650 0.0164269
15 0.6334705 0.5420001 0.0266650 0.0164269
19 0.3619725 0.6011370 0.0266650 0.0164269
2 0.4298470 0.6011370 0.0266650 0.0164269
6 0.4977215 0.6011370 0.0266650 0.0164269
31 0.5655960 0.6011370 0.0266650 0.0164269
31 0.4298470 0.5420001 0.0266650 0.0164269
25 0.6334705 0.6011370 0.0266650 0.0164269
9 0.2940980 0.5420001 0.0266650 0.0164269
7 0.4298470 0.4231787 0.0266650 0.0153318
25 0.3619725 0.5420001 0.0266650 0.0164269
3 0.2262235 0.6011370 0.0266650 0.0164269
11 0.3619725 0.3645894 0.0266650 0.0164269
7 0.2940980 0.6011370 0.0266650 0.0164269
16 0.5655960 0.4231787 0.0266650 0.0153318
