16 0.1857304 0.4102952 0.0268886 0.0160385
25 0.5279486 0.4102952 0.0268886 0.0160385
32 0.3220066 0.5386037 0.4901053 0.4651184
33 0.3977834 0.3178061 0.0109999 0.0128309
25 0.2541740 0.4102952 0.0268886 0.0160385
1 0.3226176 0.4102952 0.0268886 0.0160385
22 0.4595049 0.4102952 0.0268886 0.0160385
30 0.2541740 0.4680341 0.0268886 0.0160386
2 0.3226176 0.4680341 0.0268886 0.0160386
5 0.3910613 0.4680341 0.0268885 0.0160386
6 0.4595049 0.4680341 0.0268886 0.0160386
26 0.5279486 0.4680341 0.0268886 0.0160386
16 0.2541740 0.5257729 0.0268886 0.0160386
28 0.3910613 0.5257729 0.0268885 0.0160386
9 0.4595049 0.5257729 0.0268886 0.0160386
10 0.5279486 0.5257729 0.0268886 0.0160386
17 0.1172868 0.5835118 0.0268886 0.0160385
19 0.1857304 0.5835118 0.0268886 0.0160385
11 0.3226176 0.5835118 0.0268886 0.0160385
27 0.3910613 0.5835118 0.0268885 0.0160385
8 0.4595049 0.5835118 0.0268886 0.0160385
34 0.5279486 0.5840463 0.0635548 0.0577388
11 0.5279486 0.5835118 0.0268886 0.0160385
4 0.1172868 0.6412506 0.0268886 0.0160385
29 0.1857304 0.6412506 0.0268886 0.0160385
23 0.2541740 0.6412506 0.0268886 0.0160385
14 0.3226176 0.6412506 0.0268886 0.0160385
15 0.4595049 0.6412506 0.0268886 0.0160385
24 0.5279486 0.6412506 0.0268886 0.0160385
13 0.1857304 0.5257729 0.0268886 0.0160386
19 0.3910613 0.4102952 0.0268885 0.0160385
18 0.1172868 0.5257729 0.0268886 0.0160386
3 0.1172868 0.4680341 0.0268886 0.0160386
4 0.1857304 0.4680341 0.0268886 0.0160386
24 0.3226176 0.5257729 0.0268886 0.0160386
6 0.1172868 0.4102952 0.0268886 0.0160385
21 0.3910613 0.6412506 0.0268885 0.0160385
16 0.2541740 0.5835118 0.0268886 0.0160385
