12 0.3545403 0.3541738 0.0252688 0.0163075
14 0.4079493 0.3541738 0.0241202 0.0163075
32 0.4642298 0.2918558 0.4284209 0.4368081
33 0.6462800 0.1217919 0.0091886 0.0128130
30 0.2994084 0.2015821 0.0252688 0.0163075
12 0.5153417 0.2015821 0.0252688 0.0163075
8 0.5693250 0.2015821 0.0252688 0.0163075
18 0.6244569 0.2015821 0.0252688 0.0163075
2 0.2994084 0.2516694 0.0252688 0.0163075
31 0.3545403 0.2516694 0.0252688 0.0163075
15 0.4079493 0.2516694 0.0241202 0.0163075
26 0.4619326 0.2516694 0.0241202 0.0163075
11 0.5153417 0.2516694 0.0252688 0.0163075
1 0.5693250 0.2516694 0.0252688 0.0163075
22 0.6244569 0.2516694 0.0252688 0.0163075
28 0.2994084 0.3029216 0.0252688 0.0163075
23 0.3545403 0.3029216 0.0252688 0.0163075
6 0.4079493 0.3029216 0.0241202 0.0163075
20 0.4619326 0.3029216 0.0241202 0.0163075
29 0.5153417 0.3029216 0.0252688 0.0163075
10 0.5693250 0.3029216 0.0252688 0.0163075
24 0.2994084 0.3541738 0.0252688 0.0163075
19 0.4619326 0.3541738 0.0241202 0.0163075
21 0.5153417 0.3541738 0.0252688 0.0163075
4 0.6244569 0.3541738 0.0252688 0.0163075
35 0.4085236 0.4060083 0.0459433 0.0454280
2 0.4079493 0.4060083 0.0241202 0.0174723
5 0.4619326 0.4060083 0.0241202 0.0174723
17 0.5153417 0.4060083 0.0252688 0.0174723
3 0.6244569 0.4060083 0.0252688 0.0174723
7 0.2994084 0.4572605 0.0252688 0.0174723
9 0.3545403 0.4572605 0.0252688 0.0174723
16 0.4079493 0.4572605 0.0241202 0.0174723
13 0.4619326 0.4572605 0.0241202 0.0174723
27 0.5153417 0.4572605 0.0252688 0.0174723
14 0.5693250 0.4572605 0.0252688 0.0174723
13 0.5693250 0.3541738 0.0252688 0.0163075
23 0.4619326 0.2015821 0.0241202 0.0163075
21 0.4079493 0.2015821 0.0241202 0.0163075
23 0.3545403 0.2015821 0.0252688 0.0163075
14 0.5693250 0.4060083 0.0252688 0.0174723
20 0.2994084 0.4060083 0.0252688 0.0174723
25 0.6244569 0.3029216 0.0252688 0.0163075
31 0.6244569 0.4572605 0.0252688 0.0174723
22 0.3545403 0.4060083 0.0252688 0.0174723
