23 0.6182471 0.5262431 0.0244341 0.0162118
30 0.7386723 0.7063104 0.0255976 0.0173699
32 0.5565801 0.5111892 0.4200337 0.4423517
33 0.7468169 0.3079622 0.0116353 0.0173698
13 0.3768149 0.4052333 0.0255976 0.0173698
9 0.4373184 0.4052333 0.0255976 0.0173698
29 0.4966584 0.4052333 0.0255976 0.0173698
26 0.5577436 0.4052333 0.0244341 0.0173698
28 0.6793323 0.4052333 0.0255976 0.0173698
34 0.7386722 0.4046543 0.0511953 0.0509515
3 0.7386723 0.4052333 0.0255976 0.0173698
23 0.3768149 0.4654487 0.0255976 0.0173698
18 0.4373184 0.4654487 0.0255976 0.0173698
1 0.4966584 0.4654487 0.0255976 0.0173698
5 0.5577436 0.4654487 0.0244341 0.0173698
12 0.6182471 0.4654487 0.0244341 0.0173698
24 0.6793323 0.4654487 0.0255976 0.0173698
2 0.7386723 0.4654487 0.0255976 0.0173698
21 0.3768149 0.5262431 0.0255976 0.0162118
17 0.4373184 0.5262431 0.0255976 0.0162118
19 0.6793323 0.5262431 0.0255976 0.0162118
16 0.7386723 0.5262431 0.0255976 0.0162118
27 0.4966584 0.5864585 0.0255976 0.0162118
22 0.5577436 0.5864585 0.0244341 0.0162118
6 0.6182471 0.5864585 0.0244341 0.0162118
8 0.6793323 0.5864585 0.0255976 0.0162118
7 0.7386723 0.5864585 0.0255976 0.0162118
11 0.3768149 0.6455160 0.0255976 0.0162118
10 0.4373184 0.6455160 0.0255976 0.0162118
31 0.5577436 0.6455160 0.0244341 0.0162118
15 0.6793323 0.6455160 0.0255976 0.0162118
3 0.7386723 0.6455160 0.0255976 0.0162118
4 0.3768149 0.7063104 0.0255976 0.0173699
14 0.4373184 0.7063104 0.0255976 0.0173699
30 0.4966584 0.7063104 0.0255976 0.0173699
25 0.6793323 0.7063104 0.0255976 0.0173699
14 0.3768149 0.5864585 0.0255976 0.0162118
30 0.4373184 0.5864585 0.0255976 0.0162118
28 0.6182471 0.6455160 0.0244341 0.0162118
10 0.6182471 0.7063104 0.0244341 0.0173699
20 0.4966584 0.6455160 0.0255976 0.0162118
23 0.6182471 0.4052333 0.0244341 0.0173698
10 0.5577436 0.7063104 0.0244341 0.0173699
30 0.5577436 0.5262431 0.0244341 0.0162118
13 0.4966584 0.5262431 0.0255976 0.0162118
