27 0.2627017 0.4524685 0.0241161 0.0159797
21 0.2100848 0.2655055 0.0241161 0.0149144
32 0.3673874 0.3480675 0.4088771 0.3994936
33 0.5411327 0.1925313 0.0087695 0.0117185
28 0.3136743 0.2655055 0.0230199 0.0149144
18 0.3651950 0.2655055 0.0230199 0.0149144
35 0.4676883 0.2655055 0.0438474 0.0426126
29 0.4676883 0.2655055 0.0241161 0.0149144
9 0.5203052 0.2655055 0.0241161 0.0149144
20 0.2100848 0.3113141 0.0241161 0.0149144
8 0.2627017 0.3113141 0.0241161 0.0149144
4 0.3136743 0.3113141 0.0230199 0.0149144
24 0.4676883 0.3113141 0.0241161 0.0149144
13 0.5203052 0.3113141 0.0241161 0.0149144
17 0.2100848 0.3581880 0.0241161 0.0149144
11 0.2627017 0.3581880 0.0241161 0.0149144
10 0.3136743 0.3581880 0.0230199 0.0149144
23 0.3651950 0.3581880 0.0230199 0.0149144
7 0.4676883 0.3581880 0.0241161 0.0149144
31 0.5203052 0.3581880 0.0241161 0.0149144
25 0.2100848 0.4050620 0.0241161 0.0149144
1 0.2627017 0.4050620 0.0241161 0.0149144
22 0.3136743 0.4050620 0.0230199 0.0149144
19 0.3651950 0.4050620 0.0230199 0.0149144
15 0.4161676 0.4050620 0.0241161 0.0149144
16 0.4676883 0.4050620 0.0241161 0.0149144
21 0.5203052 0.4050620 0.0241161 0.0149144
26 0.4161676 0.4524685 0.0241161 0.0159797
12 0.4676883 0.4524685 0.0241161 0.0159797
27 0.5203052 0.4524685 0.0241161 0.0159797
5 0.2627017 0.4993424 0.0241161 0.0159797
3 0.3136743 0.4993424 0.0230199 0.0159797
6 0.3651950 0.4993424 0.0230199 0.0159797
14 0.4161676 0.4993424 0.0241161 0.0159797
29 0.4676883 0.4993424 0.0241161 0.0159797
30 0.5203052 0.4993424 0.0241161 0.0159797
2 0.2100848 0.4993424 0.0241161 0.0159797
23 0.4161676 0.3113141 0.0241161 0.0149144
21 0.2100848 0.4524685 0.0241161 0.0159797
3 0.3651950 0.4524685 0.0230199 0.0159797
1 0.4161676 0.3581880 0.0241161 0.0149144
24 0.3651950 0.3113141 0.0230199 0.0149144
12 0.3136743 0.4524685 0.0230199 0.0159797
1 0.4161676 0.2655055 0.0241161 0.0149144
19 0.2627017 0.2655055 0.0241161 0.0149144
