14 0.3136445 0.4319899 0.0266769 0.0170643
20 0.4494544 0.4934214 0.0266769 0.0170643
32 0.3815495 0.4609992 0.4898859 0.5051036
33 0.4561237 0.2203925 0.0109133 0.0147891
6 0.1778345 0.3091269 0.0266770 0.0170643
24 0.2457395 0.3091269 0.0266769 0.0170643
25 0.3136445 0.3091269 0.0266769 0.0170643
22 0.4494544 0.3091269 0.0266769 0.0170643
7 0.5173594 0.3091269 0.0266769 0.0170643
15 0.3136445 0.3705584 0.0266769 0.0170643
2 0.4494544 0.3705584 0.0266769 0.0170643
9 0.5173594 0.3705584 0.0266769 0.0170643
28 0.5852644 0.3705584 0.0266769 0.0170643
1 0.1778345 0.4319899 0.0266770 0.0170643
31 0.2457395 0.4319899 0.0266769 0.0170643
29 0.3815495 0.4319899 0.0266769 0.0170643
34 0.4494544 0.4325587 0.0630547 0.0614315
7 0.4494544 0.4319899 0.0266769 0.0170643
10 0.5173594 0.4319899 0.0266769 0.0170643
14 0.5852644 0.4319899 0.0266769 0.0170643
4 0.2457395 0.4934214 0.0266769 0.0170643
18 0.3136445 0.4934214 0.0266769 0.0170643
3 0.3815495 0.4934214 0.0266769 0.0170643
12 0.5173594 0.4934214 0.0266769 0.0170643
13 0.5852644 0.4934214 0.0266769 0.0170643
21 0.1778345 0.5548529 0.0266770 0.0170643
8 0.3815495 0.5548529 0.0266769 0.0170643
23 0.4494544 0.5548529 0.0266769 0.0170643
30 0.5852644 0.5548529 0.0266769 0.0170643
26 0.1778345 0.3705584 0.0266770 0.0170643
16 0.3136445 0.5548529 0.0266769 0.0170643
22 0.2457395 0.5548529 0.0266769 0.0170643
7 0.2457395 0.3705584 0.0266769 0.0170643
18 0.5173594 0.5548529 0.0266769 0.0170643
12 0.3815495 0.3091269 0.0266769 0.0170643
12 0.1778345 0.4934214 0.0266770 0.0170643
29 0.5852644 0.3091269 0.0266769 0.0170643
20 0.3815495 0.3705584 0.0266769 0.0170643
