19 0.5552631 0.2296373 0.0268184 0.0174264
14 0.3504683 0.2923724 0.0268184 0.0174264
32 0.4863886 0.3283870 0.4888256 0.5146599
33 0.5613581 0.0855790 0.0121901 0.0151029
10 0.2822033 0.2296373 0.0268184 0.0174264
3 0.3504683 0.2296373 0.0268184 0.0174264
5 0.4187332 0.2296373 0.0268184 0.0174264
8 0.6235280 0.2296373 0.0268184 0.0174264
1 0.2822033 0.2923724 0.0268184 0.0174264
24 0.4869981 0.2923724 0.0268184 0.0174264
28 0.5552631 0.2923724 0.0268184 0.0174264
2 0.2822033 0.3551075 0.0268184 0.0174264
19 0.3504683 0.3551075 0.0268184 0.0174264
27 0.4187332 0.3551075 0.0268184 0.0174264
25 0.4869981 0.3551075 0.0268184 0.0174264
4 0.5552631 0.3551075 0.0268184 0.0174264
17 0.6235280 0.3551075 0.0268184 0.0174264
6 0.6917929 0.3551075 0.0268184 0.0174264
34 0.3504683 0.4184234 0.0633889 0.0627351
21 0.3504683 0.4178425 0.0268184 0.0174264
14 0.4187332 0.4178425 0.0268184 0.0174264
21 0.5552631 0.4178425 0.0268184 0.0174264
26 0.6235280 0.4178425 0.0268184 0.0174264
12 0.6917929 0.4178425 0.0268184 0.0174264
18 0.3504683 0.4805776 0.0268184 0.0174264
20 0.4187332 0.4805776 0.0268184 0.0174264
22 0.4869981 0.4805776 0.0268184 0.0174264
29 0.6235280 0.4805776 0.0268184 0.0174264
15 0.6917929 0.4805776 0.0268184 0.0174264
30 0.2822033 0.4805776 0.0268184 0.0174264
20 0.5552631 0.4805776 0.0268184 0.0174264
16 0.4869981 0.2296373 0.0268184 0.0174264
18 0.4869981 0.4178425 0.0268184 0.0174264
27 0.4187332 0.2923724 0.0268184 0.0174264
29 0.2822033 0.4178425 0.0268184 0.0174264
4 0.6235280 0.2923724 0.0268184 0.0174264
23 0.6917929 0.2923724 0.0268184 0.0174264
19 0.6917929 0.2296373 0.0268184 0.0174264
