24 0.5407787 0.2430321 0.0274932 0.0159321
19 0.1208828 0.4150994 0.0274932 0.0159321
32 0.3302059 0.2759585 0.5011258 0.4705296
33 0.4070618 0.0539705 0.0124969 0.0138078
34 0.1908654 0.1862074 0.0649839 0.0573558
16 0.1908654 0.1856763 0.0274932 0.0159322
12 0.2608481 0.1856763 0.0274932 0.0159322
10 0.3308307 0.1856763 0.0274932 0.0159322
30 0.4008134 0.1856763 0.0274932 0.0159322
2 0.5407787 0.1856763 0.0274932 0.0159322
13 0.1208828 0.2430321 0.0274932 0.0159321
23 0.1908654 0.2430321 0.0274932 0.0159321
11 0.2608481 0.2430321 0.0274932 0.0159321
19 0.4008134 0.2430321 0.0274932 0.0159321
9 0.4707961 0.2430321 0.0274932 0.0159321
18 0.2608481 0.3003878 0.0274932 0.0159321
20 0.3308307 0.3003878 0.0274932 0.0159321
21 0.4707961 0.3003878 0.0274932 0.0159321
24 0.5407787 0.3003878 0.0274932 0.0159321
27 0.1208828 0.3577436 0.0274932 0.0159321
4 0.1908654 0.3577436 0.0274932 0.0159321
26 0.2608481 0.3577436 0.0274932 0.0159321
7 0.3308307 0.3577436 0.0274932 0.0159321
28 0.4707961 0.3577436 0.0274932 0.0159321
31 0.5407787 0.3577436 0.0274932 0.0159321
5 0.1908654 0.4150994 0.0274932 0.0159321
22 0.2608481 0.4150994 0.0274932 0.0159321
14 0.4707961 0.4150994 0.0274932 0.0159321
29 0.5407787 0.4150994 0.0274932 0.0159321
29 0.4707961 0.1856763 0.0274932 0.0159322
19 0.4008134 0.3003878 0.0274932 0.0159321
2 0.4008134 0.4150994 0.0274932 0.0159321
13 0.1908654 0.3003878 0.0274932 0.0159321
4 0.1208828 0.3003878 0.0274932 0.0159321
10 0.3308307 0.2430321 0.0274932 0.0159321
22 0.4008134 0.3577436 0.0274932 0.0159321
23 0.1208828 0.1856763 0.0274932 0.0159322
6 0.3308307 0.4150994 0.0274932 0.0159321
