10 0.4003548 0.2826318 0.0263107 0.0169547
28 0.4003548 0.4657422 0.0263107 0.0169546
32 0.4667295 0.3787082 0.4795718 0.5007279
33 0.5402798 0.1424731 0.0119594 0.0146940
25 0.2664096 0.2826318 0.0263107 0.0169547
8 0.3333822 0.2826318 0.0263107 0.0169547
19 0.4673275 0.2826318 0.0263107 0.0169547
28 0.5343001 0.2826318 0.0263107 0.0169547
16 0.6012727 0.2826318 0.0263107 0.0169547
30 0.3333822 0.3436686 0.0263107 0.0169547
29 0.4003548 0.3436686 0.0263107 0.0169547
1 0.4673275 0.3436686 0.0263107 0.0169547
22 0.6012727 0.3436686 0.0263107 0.0169547
17 0.6682454 0.3436686 0.0263107 0.0169547
10 0.2664096 0.4047054 0.0263107 0.0169547
15 0.3333822 0.4047054 0.0263107 0.0169547
13 0.4003548 0.4047054 0.0263107 0.0169547
18 0.5343001 0.4047054 0.0263107 0.0169547
7 0.6012727 0.4047054 0.0263107 0.0169547
2 0.6682454 0.4047054 0.0263107 0.0169547
9 0.2664096 0.4657422 0.0263107 0.0169546
20 0.4673275 0.4657422 0.0263107 0.0169546
21 0.5343001 0.4657422 0.0263107 0.0169546
23 0.6012727 0.4657422 0.0263107 0.0169546
26 0.6682454 0.4657422 0.0263107 0.0169546
27 0.2664096 0.5267790 0.0263107 0.0169547
14 0.3333822 0.5267790 0.0263107 0.0169547
31 0.4003548 0.5267790 0.0263107 0.0169547
11 0.4673275 0.5267790 0.0263107 0.0169547
34 0.5343001 0.5273442 0.0621889 0.0610368
25 0.5343001 0.5267790 0.0263107 0.0169547
24 0.6012727 0.5267790 0.0263107 0.0169547
3 0.6682454 0.5267790 0.0263107 0.0169547
4 0.4673275 0.5878158 0.0263107 0.0169547
6 0.5343001 0.5878158 0.0263107 0.0169547
5 0.6682454 0.5878158 0.0263107 0.0169547
1 0.6682454 0.2826318 0.0263107 0.0169547
14 0.5343001 0.3436686 0.0263107 0.0169547
17 0.4673275 0.4047054 0.0263107 0.0169547
13 0.3333822 0.4657422 0.0263107 0.0169546
10 0.3333822 0.5878158 0.0263107 0.0169547
6 0.4003548 0.5878158 0.0263107 0.0169547
3 0.2664096 0.5878158 0.0263107 0.0169547
5 0.6012727 0.5878158 0.0263107 0.0169547
24 0.2664096 0.3436686 0.0263107 0.0169547
