10 0.7353710 0.3657943 0.0248482 0.0161756
18 0.7353710 0.5895572 0.0248482 0.0150972
32 0.6162124 0.4644656 0.4077368 0.4119394
33 0.8008800 0.2752107 0.0112947 0.0161756
31 0.4417101 0.3657943 0.0248482 0.0161756
30 0.5004423 0.3657943 0.0248482 0.0161756
14 0.5580450 0.3657943 0.0248482 0.0161756
4 0.6173419 0.3657943 0.0237187 0.0161756
34 0.6766388 0.3652551 0.0496965 0.0474485
22 0.6760741 0.3657943 0.0237188 0.0161756
9 0.7929737 0.3657943 0.0248482 0.0161756
7 0.4417101 0.4218698 0.0248482 0.0161756
23 0.5004423 0.4218698 0.0248482 0.0161756
19 0.6173419 0.4218698 0.0237187 0.0161756
18 0.6760741 0.4218698 0.0237188 0.0161756
16 0.7353710 0.4218698 0.0248482 0.0161756
6 0.5004423 0.4784845 0.0248482 0.0150972
25 0.6173419 0.4784845 0.0237187 0.0150972
1 0.6760741 0.4784845 0.0237188 0.0150972
29 0.7353710 0.4784845 0.0248482 0.0150972
17 0.5004423 0.5345600 0.0248482 0.0150972
15 0.5580450 0.5345600 0.0248482 0.0150972
26 0.6760741 0.5345600 0.0237188 0.0150972
20 0.7353710 0.5345600 0.0248482 0.0150972
27 0.7929737 0.5345600 0.0248482 0.0150972
21 0.4417101 0.5895572 0.0248482 0.0150972
22 0.5004423 0.5895572 0.0248482 0.0150972
2 0.5580450 0.5895572 0.0248482 0.0150972
11 0.6760741 0.5895572 0.0237188 0.0150972
13 0.7929737 0.5895572 0.0248482 0.0150972
10 0.4417101 0.6461719 0.0248482 0.0161757
8 0.5004423 0.6461719 0.0248482 0.0161757
24 0.5580450 0.6461719 0.0248482 0.0161757
12 0.6173419 0.6461719 0.0237187 0.0161757
5 0.7353710 0.6461719 0.0248482 0.0161757
3 0.7929737 0.6461719 0.0248482 0.0161757
31 0.5580450 0.4218698 0.0248482 0.0161756
7 0.7929737 0.4218698 0.0248482 0.0161756
11 0.6760741 0.6461719 0.0237188 0.0161757
6 0.6173419 0.5895572 0.0237187 0.0150972
2 0.4417101 0.5345600 0.0248482 0.0150972
15 0.5580450 0.4784845 0.0248482 0.0150972
25 0.7929737 0.4784845 0.0248482 0.0150972
18 0.4417101 0.4784845 0.0248482 0.0150972
12 0.6173419 0.5345600 0.0237187 0.0150972
