14 0.3733704 0.4355052 0.0278836 0.0160175
13 0.0894650 0.3201791 0.0278836 0.0160175
32 0.3017603 0.3906561 0.5082413 0.4645076
33 0.3803413 0.1701485 0.0114069 0.0128140
18 0.0894650 0.2625161 0.0278836 0.0160175
13 0.1604414 0.2625161 0.0278836 0.0160175
30 0.2314177 0.2625161 0.0278835 0.0160175
22 0.3733704 0.2625161 0.0278836 0.0160175
1 0.1604414 0.3201791 0.0278836 0.0160175
4 0.3023941 0.3201791 0.0278836 0.0160175
21 0.3733704 0.3201791 0.0278836 0.0160175
31 0.4443468 0.3201791 0.0278836 0.0160175
9 0.0894650 0.3778421 0.0278836 0.0160175
25 0.1604414 0.3778421 0.0278836 0.0160175
10 0.2314177 0.3778421 0.0278835 0.0160175
26 0.3023941 0.3778421 0.0278836 0.0160175
6 0.3733704 0.3778421 0.0278836 0.0160175
5 0.4443468 0.3778421 0.0278836 0.0160175
20 0.5153231 0.3778421 0.0278836 0.0160175
16 0.1604414 0.4355052 0.0278836 0.0160175
2 0.3023941 0.4355052 0.0278836 0.0160175
7 0.4443468 0.4355052 0.0278836 0.0160175
29 0.5153231 0.4355052 0.0278836 0.0160175
24 0.0894650 0.4931682 0.0278836 0.0160175
11 0.1604414 0.4931682 0.0278836 0.0160175
3 0.2314177 0.4931682 0.0278835 0.0160175
19 0.3023941 0.4931682 0.0278836 0.0160175
28 0.3733704 0.4931682 0.0278836 0.0160175
34 0.4443467 0.4937021 0.0659066 0.0576630
23 0.4443468 0.4931682 0.0278836 0.0160175
8 0.5153231 0.4931682 0.0278836 0.0160175
23 0.0894650 0.5508312 0.0278836 0.0160175
14 0.1604414 0.5508312 0.0278836 0.0160175
15 0.2314177 0.5508312 0.0278835 0.0160175
17 0.3023941 0.5508312 0.0278836 0.0160175
12 0.5153231 0.5508312 0.0278836 0.0160175
1 0.4443468 0.2625161 0.0278836 0.0160175
6 0.5153231 0.3201791 0.0278836 0.0160175
17 0.2314177 0.3201791 0.0278835 0.0160175
15 0.3023941 0.2625161 0.0278836 0.0160175
28 0.5153231 0.2625161 0.0278836 0.0160175
23 0.4443468 0.5508312 0.0278836 0.0160175
5 0.2314177 0.4355052 0.0278835 0.0160175
14 0.3733704 0.5508312 0.0278836 0.0160175
5 0.0894650 0.4355052 0.0278836 0.0160175
