30 0.8217384 0.3594910 0.0283871 0.0174090
4 0.3881903 0.4848360 0.0283871 0.0174090
32 0.6043192 0.4360907 0.5174190 0.5048620
33 0.6843192 0.1964264 0.0116129 0.0139272
26 0.4604484 0.2968184 0.0283871 0.0174090
27 0.5327064 0.2968184 0.0283871 0.0174090
30 0.6049644 0.2968184 0.0283871 0.0174090
22 0.6772224 0.2968184 0.0283871 0.0174090
8 0.7494804 0.2968184 0.0283871 0.0174090
20 0.8217384 0.2968184 0.0283871 0.0174090
11 0.3881903 0.3594910 0.0283871 0.0174090
10 0.4604484 0.3594910 0.0283871 0.0174090
12 0.5327064 0.3594910 0.0283871 0.0174090
25 0.6049644 0.3594910 0.0283871 0.0174090
14 0.7494804 0.3594910 0.0283871 0.0174090
15 0.5327064 0.4221635 0.0283871 0.0174090
2 0.7494804 0.4221635 0.0283871 0.0174090
13 0.4604484 0.4848360 0.0283871 0.0174090
9 0.5327064 0.4848360 0.0283871 0.0174090
34 0.6049644 0.4854163 0.0670967 0.0626725
18 0.6049644 0.4848360 0.0283871 0.0174090
31 0.6772224 0.4848360 0.0283871 0.0174090
28 0.7494804 0.4848360 0.0283871 0.0174090
23 0.4604484 0.5475085 0.0283871 0.0174090
3 0.5327064 0.5475085 0.0283871 0.0174090
1 0.6049644 0.5475085 0.0283871 0.0174090
16 0.6772224 0.5475085 0.0283871 0.0174090
4 0.7494804 0.5475085 0.0283871 0.0174090
29 0.8217384 0.5475085 0.0283871 0.0174090
5 0.8217384 0.4221635 0.0283871 0.0174090
24 0.6772224 0.4221635 0.0283871 0.0174090
4 0.6049644 0.4221635 0.0283871 0.0174090
7 0.3881903 0.5475085 0.0283871 0.0174090
20 0.3881903 0.2968184 0.0283871 0.0174090
7 0.8217384 0.4848360 0.0283871 0.0174090
3 0.3881903 0.4221635 0.0283871 0.0174090
26 0.4604484 0.4221635 0.0283871 0.0174090
5 0.6772224 0.3594910 0.0283871 0.0174090
