31 0.4376680 0.5452196 0.0242699 0.0161516
11 0.6456956 0.4763061 0.0242699 0.0161516
32 0.5318582 0.4919193 0.3952524 0.4716269
33 0.6682319 0.3083294 0.0138685 0.0183052
30 0.3856611 0.4073926 0.0242699 0.0161516
14 0.4896749 0.4073926 0.0242699 0.0161516
12 0.5936886 0.4073926 0.0242699 0.0161516
18 0.6456956 0.4073926 0.0242699 0.0161516
19 0.6977024 0.4073926 0.0242699 0.0161516
16 0.3856611 0.4763061 0.0242699 0.0161516
11 0.4376680 0.4763061 0.0242699 0.0161516
29 0.4896749 0.4763061 0.0242699 0.0161516
24 0.5416818 0.4763061 0.0242699 0.0161516
17 0.6977024 0.4763061 0.0242699 0.0161516
4 0.3856611 0.5452196 0.0242699 0.0161516
20 0.4896749 0.5452196 0.0242699 0.0161516
31 0.5416818 0.5452196 0.0242699 0.0161516
15 0.5936886 0.5452196 0.0242699 0.0161516
2 0.6456956 0.5452196 0.0242699 0.0161516
8 0.3856611 0.6135947 0.0242699 0.0150749
28 0.4896749 0.6135947 0.0242699 0.0150749
9 0.5416818 0.6135947 0.0242699 0.0150749
13 0.6456956 0.6135947 0.0242699 0.0150749
22 0.6977024 0.6135947 0.0242699 0.0150749
34 0.3856611 0.6825082 0.0450726 0.0430709
27 0.3856611 0.6825083 0.0242699 0.0150749
26 0.4376680 0.6825083 0.0242699 0.0150749
25 0.5936886 0.6825083 0.0242699 0.0150749
5 0.6977024 0.6825083 0.0242699 0.0150749
2 0.4376680 0.6135947 0.0242699 0.0150749
14 0.5936886 0.6135947 0.0242699 0.0150749
2 0.4896749 0.6825083 0.0242699 0.0150749
7 0.5416818 0.6825083 0.0242699 0.0150749
5 0.5416818 0.4073926 0.0242699 0.0161516
12 0.5936886 0.4763061 0.0242699 0.0161516
4 0.4376680 0.4073926 0.0242699 0.0161516
24 0.6456956 0.6825083 0.0242699 0.0150749
27 0.6977024 0.5452196 0.0242699 0.0161516
