30 0.3916834 0.1439278 0.0225272 0.0166015
11 0.5847734 0.1439278 0.0225271 0.0166015
32 0.4308377 0.2371513 0.3668708 0.4720803
33 0.5574189 0.0421051 0.0128727 0.0188151
14 0.2951384 0.1439278 0.0225272 0.0166015
4 0.3434109 0.1439278 0.0225271 0.0166015
34 0.4399559 0.1439278 0.0418361 0.0431640
14 0.4399559 0.1439278 0.0225272 0.0166015
10 0.5365009 0.1439278 0.0225272 0.0166015
22 0.2951384 0.2147610 0.0225272 0.0166015
13 0.3434109 0.2147610 0.0225271 0.0166015
8 0.3916834 0.2147610 0.0225272 0.0166015
7 0.4882284 0.2147610 0.0225272 0.0166015
15 0.5365009 0.2147610 0.0225272 0.0166015
17 0.5847734 0.2147610 0.0225271 0.0166015
11 0.2951384 0.2855942 0.0225272 0.0166015
19 0.4399559 0.2855942 0.0225272 0.0166015
27 0.4882284 0.2855942 0.0225272 0.0166015
28 0.5847734 0.2855942 0.0225271 0.0166015
23 0.3434109 0.3558740 0.0225271 0.0154947
30 0.3916834 0.3558740 0.0225272 0.0154947
12 0.4399559 0.3558740 0.0225272 0.0154947
31 0.4882284 0.3558740 0.0225272 0.0154947
3 0.5365009 0.3558740 0.0225272 0.0154947
29 0.2951384 0.4267072 0.0225272 0.0154947
9 0.3434109 0.4267072 0.0225271 0.0154947
2 0.3916834 0.4267072 0.0225272 0.0154947
5 0.4882284 0.4267072 0.0225272 0.0154947
24 0.5365009 0.4267072 0.0225272 0.0154947
13 0.5847734 0.4267072 0.0225271 0.0154947
9 0.3916834 0.2855942 0.0225272 0.0166015
7 0.4882284 0.1439278 0.0225272 0.0166015
15 0.5847734 0.3558740 0.0225271 0.0154947
4 0.2951384 0.3558740 0.0225272 0.0154947
16 0.5365009 0.2855942 0.0225272 0.0166015
25 0.4399559 0.4267072 0.0225272 0.0154947
7 0.4399559 0.2147610 0.0225272 0.0166015
29 0.3434109 0.2855942 0.0225271 0.0166015
