13 0.5733228 0.6620302 0.0232685 0.0150924
12 0.6730450 0.5245816 0.0232685 0.0161704
32 0.6636267 0.4712192 0.3789442 0.4721764
33 0.7943736 0.2874154 0.0132963 0.0183265
14 0.5234617 0.3865940 0.0232685 0.0161704
27 0.5733228 0.3865940 0.0232685 0.0161704
16 0.6231839 0.3865940 0.0232685 0.0161704
2 0.6730450 0.3865940 0.0232685 0.0161704
11 0.7727671 0.3865940 0.0232685 0.0161704
7 0.8226282 0.3865940 0.0232685 0.0161704
10 0.5234617 0.4555878 0.0232685 0.0161704
4 0.5733228 0.4555878 0.0232685 0.0161704
13 0.6730450 0.4555878 0.0232685 0.0161704
20 0.7229060 0.4555878 0.0232685 0.0161704
9 0.8226282 0.4555878 0.0232685 0.0161704
34 0.5234617 0.5245816 0.0432129 0.0420431
8 0.5234617 0.5245816 0.0232685 0.0161704
22 0.6231839 0.5245816 0.0232685 0.0161704
5 0.7229060 0.5245816 0.0232685 0.0161704
21 0.7727671 0.5245816 0.0232685 0.0161704
15 0.6231839 0.5930364 0.0232685 0.0150924
12 0.6730450 0.5930364 0.0232685 0.0150924
1 0.7229060 0.5930364 0.0232685 0.0150924
19 0.7727671 0.5930364 0.0232685 0.0150924
23 0.8226282 0.5930364 0.0232685 0.0150924
31 0.6231839 0.6620302 0.0232685 0.0150924
6 0.6730450 0.6620302 0.0232685 0.0150924
24 0.7229060 0.6620302 0.0232685 0.0150924
3 0.7727671 0.6620302 0.0232685 0.0150924
25 0.5733228 0.5245816 0.0232685 0.0161704
23 0.5234617 0.6620302 0.0232685 0.0150924
20 0.7727671 0.4555878 0.0232685 0.0161704
6 0.8226282 0.5245816 0.0232685 0.0161704
26 0.5234617 0.5930364 0.0232685 0.0150924
21 0.6231839 0.4555878 0.0232685 0.0161704
12 0.8226282 0.6620302 0.0232685 0.0150924
21 0.7229060 0.3865940 0.0232685 0.0161704
13 0.5733228 0.5930364 0.0232685 0.0150924
