19 0.4918002 0.2331187 0.0263382 0.0160562
5 0.2236296 0.4065259 0.0263382 0.0160562
32 0.3577149 0.3182167 0.4836647 0.4752642
33 0.4313421 0.0918240 0.0107747 0.0139154
15 0.1565870 0.1753163 0.0263382 0.0160562
21 0.2236296 0.1753163 0.0263382 0.0160562
11 0.3577149 0.1753163 0.0263382 0.0160562
5 0.4918002 0.1753163 0.0263382 0.0160562
1 0.1565870 0.2331187 0.0263382 0.0160562
14 0.2236296 0.2331187 0.0263382 0.0160562
29 0.2906723 0.2331187 0.0263382 0.0160562
10 0.3577149 0.2331187 0.0263382 0.0160562
17 0.5588428 0.2331187 0.0263382 0.0160562
13 0.1565870 0.2909211 0.0263382 0.0160562
26 0.2236296 0.2909211 0.0263382 0.0160562
4 0.3577149 0.2909211 0.0263382 0.0160562
31 0.4918002 0.2909211 0.0263382 0.0160562
27 0.5588428 0.2909211 0.0263382 0.0160562
28 0.1565870 0.3487235 0.0263382 0.0160562
3 0.2236296 0.3487235 0.0263382 0.0160562
7 0.2906723 0.3487235 0.0263382 0.0160562
19 0.4247575 0.3487235 0.0263382 0.0160562
34 0.4918002 0.3492587 0.0622539 0.0578024
23 0.4918002 0.3487235 0.0263382 0.0160562
24 0.5588428 0.3487235 0.0263382 0.0160562
8 0.1565870 0.4065259 0.0263382 0.0160562
9 0.2906723 0.4065259 0.0263382 0.0160562
18 0.4247575 0.4065259 0.0263382 0.0160562
23 0.5588428 0.4065259 0.0263382 0.0160562
1 0.3577149 0.3487235 0.0263382 0.0160562
20 0.3577149 0.4065259 0.0263382 0.0160562
26 0.2906723 0.1753163 0.0263382 0.0160562
13 0.4918002 0.4065259 0.0263382 0.0160562
1 0.5588428 0.1753163 0.0263382 0.0160562
3 0.4247575 0.2909211 0.0263382 0.0160562
5 0.4247575 0.2331187 0.0263382 0.0160562
7 0.2906723 0.2909211 0.0263382 0.0160562
29 0.4247575 0.1753163 0.0263382 0.0160562
