30 0.4533985 0.4669385 0.0271078 0.0159191
27 0.3153953 0.2377047 0.0271078 0.0159190
32 0.3147792 0.2706040 0.4941008 0.4701416
33 0.3905577 0.0487990 0.0123217 0.0137965
26 0.1773920 0.1803962 0.0271078 0.0159190
20 0.2463937 0.1803962 0.0271078 0.0159190
15 0.3153953 0.1803962 0.0271078 0.0159190
11 0.3843969 0.1803962 0.0271078 0.0159190
5 0.4533985 0.1803962 0.0271078 0.0159190
17 0.5224001 0.1803962 0.0271078 0.0159190
25 0.1083904 0.2377047 0.0271078 0.0159190
34 0.1773920 0.2382353 0.0640729 0.0573085
23 0.1773920 0.2377047 0.0271078 0.0159190
14 0.4533985 0.2377047 0.0271078 0.0159190
10 0.5224001 0.2377047 0.0271078 0.0159190
4 0.1773920 0.2950132 0.0271078 0.0159190
21 0.3153953 0.2950132 0.0271078 0.0159190
24 0.3843969 0.2950132 0.0271078 0.0159190
27 0.4533985 0.2950132 0.0271078 0.0159190
1 0.5224001 0.2950132 0.0271078 0.0159190
9 0.1773920 0.3523216 0.0271078 0.0159190
6 0.2463937 0.3523216 0.0271078 0.0159190
13 0.3153953 0.3523216 0.0271078 0.0159190
30 0.3843969 0.3523216 0.0271078 0.0159190
29 0.4533985 0.3523216 0.0271078 0.0159190
16 0.1083904 0.4096300 0.0271078 0.0159190
12 0.1773920 0.4096300 0.0271078 0.0159190
23 0.3153953 0.4096300 0.0271078 0.0159190
28 0.3843969 0.4096300 0.0271078 0.0159190
19 0.4533985 0.4096300 0.0271078 0.0159190
2 0.5224001 0.4096300 0.0271078 0.0159190
22 0.1083904 0.4669385 0.0271078 0.0159191
3 0.1773920 0.4669385 0.0271078 0.0159191
18 0.2463937 0.4669385 0.0271078 0.0159191
7 0.3153953 0.4669385 0.0271078 0.0159191
31 0.5224001 0.4669385 0.0271078 0.0159191
25 0.2463937 0.4096300 0.0271078 0.0159190
6 0.5224001 0.3523216 0.0271078 0.0159190
20 0.2463937 0.2950132 0.0271078 0.0159190
22 0.1083904 0.1803962 0.0271078 0.0159190
5 0.1083904 0.2950132 0.0271078 0.0159190
15 0.1083904 0.3523216 0.0271078 0.0159190
15 0.3843969 0.4669385 0.0271078 0.0159191
18 0.2463937 0.2377047 0.0271078 0.0159190
25 0.3843969 0.2377047 0.0271078 0.0159190
