13 0.3221634 0.2536147 0.0274376 0.0167193
7 0.3920046 0.4943723 0.0274376 0.0167193
32 0.3227869 0.3684204 0.5051020 0.4915468
33 0.3969933 0.1499551 0.0099773 0.0122608
4 0.1126396 0.2536147 0.0274376 0.0167193
20 0.1824808 0.2536147 0.0274376 0.0167193
15 0.4618459 0.2536147 0.0274376 0.0167193
2 0.1824808 0.3132468 0.0274376 0.0156047
31 0.2523221 0.3132468 0.0274376 0.0156047
1 0.3221634 0.3132468 0.0274376 0.0156047
34 0.3920046 0.3132468 0.0648526 0.0601894
26 0.3920046 0.3132468 0.0274376 0.0156047
17 0.4618459 0.3132468 0.0274376 0.0156047
5 0.5316872 0.3132468 0.0274376 0.0156047
25 0.1126396 0.3739935 0.0274376 0.0167193
11 0.1824808 0.3739935 0.0274376 0.0167193
6 0.2523221 0.3739935 0.0274376 0.0167193
27 0.5316872 0.3739935 0.0274376 0.0167193
21 0.1126396 0.4341829 0.0274376 0.0167193
14 0.1824808 0.4341829 0.0274376 0.0167193
19 0.2523221 0.4341829 0.0274376 0.0167193
3 0.3221634 0.4341829 0.0274376 0.0167193
23 0.3920046 0.4341829 0.0274376 0.0167193
18 0.4618459 0.4341829 0.0274376 0.0167193
7 0.5316872 0.4341829 0.0274376 0.0167193
13 0.1126396 0.4943723 0.0274376 0.0167193
9 0.1824808 0.4943723 0.0274376 0.0167193
26 0.2523221 0.4943723 0.0274376 0.0167193
29 0.4618459 0.4943723 0.0274376 0.0167193
4 0.3920046 0.3739935 0.0274376 0.0167193
9 0.5316872 0.2536147 0.0274376 0.0167193
12 0.1126396 0.3132468 0.0274376 0.0156047
5 0.5316872 0.4943723 0.0274376 0.0167193
14 0.3920046 0.2536147 0.0274376 0.0167193
4 0.3221634 0.4943723 0.0274376 0.0167193
7 0.3221634 0.3739935 0.0274376 0.0167193
26 0.2523221 0.2536147 0.0274376 0.0167193
17 0.4618459 0.3739935 0.0274376 0.0167193
