20 0.2161346 0.2642989 0.0262701 0.0167296
7 0.4167424 0.5654314 0.0262701 0.0167296
32 0.4161454 0.3981356 0.4788317 0.4851579
33 0.4901792 0.1678250 0.0107468 0.0133837
34 0.2830039 0.2648566 0.0620929 0.0602265
14 0.2830039 0.2642989 0.0262701 0.0167296
31 0.3498732 0.2642989 0.0262701 0.0167296
20 0.4167424 0.2642989 0.0262701 0.0167296
23 0.4836117 0.2642989 0.0262700 0.0167296
3 0.2161346 0.3245254 0.0262701 0.0167296
14 0.2830039 0.3245254 0.0262701 0.0167296
8 0.4836117 0.3245254 0.0262700 0.0167296
5 0.5504810 0.3245254 0.0262701 0.0167296
25 0.6173502 0.3245254 0.0262701 0.0167296
4 0.2161346 0.3847519 0.0262701 0.0167296
27 0.2830039 0.3847519 0.0262701 0.0167296
17 0.3498732 0.3847519 0.0262701 0.0167296
11 0.4167424 0.3847519 0.0262701 0.0167296
30 0.4836117 0.3847519 0.0262700 0.0167296
26 0.6173502 0.3847519 0.0262701 0.0167296
29 0.2161346 0.4449784 0.0262701 0.0167295
16 0.2830039 0.4449784 0.0262701 0.0167295
10 0.3498732 0.4449784 0.0262701 0.0167295
7 0.4167424 0.4449784 0.0262701 0.0167295
1 0.4836117 0.4449784 0.0262700 0.0167295
21 0.5504810 0.4449784 0.0262701 0.0167295
6 0.6173502 0.4449784 0.0262701 0.0167295
15 0.2161346 0.5052049 0.0262701 0.0167296
28 0.2830039 0.5052049 0.0262701 0.0167296
18 0.3498732 0.5052049 0.0262701 0.0167296
13 0.4167424 0.5052049 0.0262701 0.0167296
9 0.2161346 0.5654314 0.0262701 0.0167296
19 0.2830039 0.5654314 0.0262701 0.0167296
12 0.3498732 0.5654314 0.0262701 0.0167296
2 0.4836117 0.5654314 0.0262700 0.0167296
3 0.3498732 0.3245254 0.0262701 0.0167296
29 0.5504810 0.5052049 0.0262701 0.0167296
29 0.6173502 0.5654314 0.0262701 0.0167296
5 0.6173502 0.5052049 0.0262701 0.0167296
31 0.5504810 0.3847519 0.0262701 0.0167296
31 0.5504810 0.2642989 0.0262701 0.0167296
30 0.4167424 0.3245254 0.0262701 0.0167296
1 0.4836117 0.5052049 0.0262700 0.0167296
4 0.5504810 0.5654314 0.0262701 0.0167296
30 0.6173502 0.2642989 0.0262701 0.0167296
