1 0.6201498 0.4938820 0.0265884 0.0164865
3 0.4171106 0.4938820 0.0265885 0.0164865
32 0.4165063 0.4477197 0.4846352 0.4781094
33 0.4914374 0.2207552 0.0108771 0.0131892
29 0.2817511 0.3158275 0.0265885 0.0164865
15 0.3494308 0.3158275 0.0265885 0.0164865
9 0.4171106 0.3158275 0.0265885 0.0164865
19 0.4847903 0.3158275 0.0265885 0.0164865
26 0.5524700 0.3158275 0.0265885 0.0164865
7 0.6201498 0.3158275 0.0265884 0.0164865
2 0.2140714 0.3751790 0.0265885 0.0164865
5 0.4171106 0.3751790 0.0265885 0.0164865
24 0.5524700 0.3751790 0.0265885 0.0164865
30 0.6201498 0.3751790 0.0265884 0.0164865
18 0.2140714 0.4345305 0.0265885 0.0164865
20 0.3494308 0.4345305 0.0265885 0.0164865
22 0.4171106 0.4345305 0.0265885 0.0164865
3 0.4847903 0.4345305 0.0265885 0.0164865
34 0.2817511 0.4944316 0.0628455 0.0593515
5 0.2817511 0.4938820 0.0265885 0.0164865
11 0.3494308 0.4938820 0.0265885 0.0164865
17 0.5524700 0.4938820 0.0265885 0.0164865
4 0.2140714 0.5532335 0.0265885 0.0164865
16 0.2817511 0.5532335 0.0265885 0.0164865
28 0.3494308 0.5532335 0.0265885 0.0164865
27 0.4171106 0.5532335 0.0265885 0.0164865
31 0.4847903 0.5532335 0.0265885 0.0164865
6 0.6201498 0.5532335 0.0265884 0.0164865
25 0.2817511 0.4345305 0.0265885 0.0164865
29 0.2817511 0.3751790 0.0265885 0.0164865
18 0.5524700 0.5532335 0.0265885 0.0164865
6 0.5524700 0.4345305 0.0265885 0.0164865
26 0.4847903 0.4938820 0.0265885 0.0164865
17 0.3494308 0.3751790 0.0265885 0.0164865
5 0.2140714 0.4938820 0.0265885 0.0164865
15 0.4847903 0.3751790 0.0265885 0.0164865
17 0.6201498 0.4345305 0.0265884 0.0164865
16 0.2140714 0.3158275 0.0265885 0.0164865
