30 0.5189066 0.2452556 0.0287450 0.0165657
26 0.5189066 0.3048920 0.0287450 0.0165657
32 0.2987459 0.3181445 0.5239433 0.4804043
33 0.3797546 0.0900905 0.0117593 0.0132525
26 0.0798918 0.1856192 0.0287450 0.0165657
27 0.2262300 0.1856192 0.0287450 0.0165657
2 0.2993992 0.1856192 0.0287450 0.0165657
6 0.3725684 0.1856192 0.0287450 0.0165657
19 0.4457375 0.1856192 0.0287450 0.0165657
16 0.5189066 0.1856192 0.0287450 0.0165657
4 0.0798918 0.2452556 0.0287450 0.0165657
34 0.2262301 0.2458078 0.0679428 0.0596364
21 0.2262300 0.2452556 0.0287450 0.0165657
17 0.2993992 0.2452556 0.0287450 0.0165657
15 0.3725684 0.2452556 0.0287450 0.0165657
1 0.4457375 0.2452556 0.0287450 0.0165657
23 0.0798918 0.3048920 0.0287450 0.0165657
11 0.1530609 0.3048920 0.0287450 0.0165657
29 0.2262300 0.3048920 0.0287450 0.0165657
25 0.4457375 0.3048920 0.0287450 0.0165657
30 0.1530609 0.3645284 0.0287450 0.0165657
9 0.2993992 0.3645284 0.0287450 0.0165657
3 0.4457375 0.3645284 0.0287450 0.0165657
20 0.5189066 0.3645284 0.0287450 0.0165657
31 0.2262300 0.4241647 0.0287450 0.0165657
24 0.2993992 0.4241647 0.0287450 0.0165657
14 0.3725684 0.4241647 0.0287450 0.0165657
10 0.4457375 0.4241647 0.0287450 0.0165657
13 0.0798918 0.4241647 0.0287450 0.0165657
7 0.1530609 0.4241647 0.0287450 0.0165657
16 0.2262300 0.3645284 0.0287450 0.0165657
26 0.0798918 0.3645284 0.0287450 0.0165657
21 0.1530609 0.1856192 0.0287450 0.0165657
6 0.3725684 0.3645284 0.0287450 0.0165657
6 0.1530609 0.2452556 0.0287450 0.0165657
19 0.3725684 0.3048920 0.0287450 0.0165657
25 0.2993992 0.3048920 0.0287450 0.0165657
15 0.5189066 0.4241647 0.0287450 0.0165657
