19 0.2522755 0.4195181 0.0233407 0.0159720
9 0.3039585 0.2700656 0.0244522 0.0159721
32 0.2572770 0.3373763 0.4201330 0.3810468
33 0.4306652 0.1930576 0.0088917 0.0148312
7 0.0950035 0.2700656 0.0244522 0.0159721
25 0.2000367 0.2700656 0.0233407 0.0159721
14 0.2522755 0.2700656 0.0233407 0.0159721
1 0.4095475 0.2700656 0.0244522 0.0159721
2 0.0950035 0.3191225 0.0244522 0.0159720
16 0.1483537 0.3191225 0.0244522 0.0159720
30 0.2000367 0.3191225 0.0233407 0.0159720
27 0.2522755 0.3191225 0.0233407 0.0159720
5 0.3561972 0.3191225 0.0244522 0.0159720
8 0.0950035 0.3693203 0.0244522 0.0159720
24 0.2000367 0.3693203 0.0233407 0.0159720
29 0.2522755 0.3693203 0.0233407 0.0159720
23 0.3561972 0.3693203 0.0244522 0.0159720
31 0.4095475 0.3693203 0.0244522 0.0159720
35 0.0950035 0.4195181 0.0444585 0.0456343
10 0.0950035 0.4195181 0.0244522 0.0159720
22 0.1483537 0.4195181 0.0244522 0.0159720
3 0.3039585 0.4195181 0.0244522 0.0159720
9 0.3561972 0.4195181 0.0244522 0.0159720
26 0.0950035 0.4702863 0.0244522 0.0171129
6 0.1483537 0.4702863 0.0244522 0.0171129
12 0.2000367 0.4702863 0.0233407 0.0171129
4 0.2522755 0.4702863 0.0233407 0.0171129
11 0.4095475 0.4702863 0.0244522 0.0171129
23 0.3039585 0.3191225 0.0244522 0.0159720
23 0.3561972 0.4702863 0.0244522 0.0171129
10 0.4095475 0.4195181 0.0244522 0.0159720
11 0.4095475 0.3191225 0.0244522 0.0159720
6 0.1483537 0.2700656 0.0244522 0.0159721
3 0.1483537 0.3693203 0.0244522 0.0159720
18 0.3039585 0.3693203 0.0244522 0.0159720
1 0.2000367 0.4195181 0.0233407 0.0159720
5 0.3561972 0.2700656 0.0244522 0.0159721
6 0.3039585 0.4702863 0.0244522 0.0171129
