30 0.7463390 0.5334187 0.0276994 0.0171735
23 0.6758316 0.4097697 0.0276994 0.0171735
32 0.5341874 0.4235085 0.5048829 0.4980309
33 0.6122491 0.1870869 0.0113316 0.0137388
10 0.3938023 0.2861206 0.0276993 0.0171735
27 0.4643097 0.2861206 0.0276994 0.0171735
16 0.5348170 0.2861206 0.0276993 0.0171735
19 0.7463390 0.2861206 0.0276994 0.0171735
24 0.4643097 0.3479451 0.0276994 0.0171735
34 0.5348170 0.3485176 0.0654711 0.0618245
13 0.5348170 0.3479451 0.0276993 0.0171735
29 0.6053243 0.3479451 0.0276993 0.0171735
1 0.6758316 0.3479451 0.0276994 0.0171735
20 0.7463390 0.3479451 0.0276994 0.0171735
3 0.3232950 0.4097697 0.0276993 0.0171735
26 0.3938023 0.4097697 0.0276993 0.0171735
9 0.5348170 0.4097697 0.0276993 0.0171735
18 0.3938023 0.4715942 0.0276993 0.0171735
28 0.4643097 0.4715942 0.0276994 0.0171735
12 0.5348170 0.4715942 0.0276993 0.0171735
31 0.6053243 0.4715942 0.0276993 0.0171735
30 0.6758316 0.4715942 0.0276994 0.0171735
21 0.7463390 0.4715942 0.0276994 0.0171735
25 0.3232950 0.5334187 0.0276993 0.0171735
17 0.3938023 0.5334187 0.0276993 0.0171735
4 0.4643097 0.5334187 0.0276994 0.0171735
8 0.6053243 0.5334187 0.0276993 0.0171735
2 0.6758316 0.5334187 0.0276994 0.0171735
2 0.6053243 0.2861206 0.0276993 0.0171735
21 0.3232950 0.3479451 0.0276993 0.0171735
31 0.6053243 0.4097697 0.0276993 0.0171735
1 0.3938023 0.3479451 0.0276993 0.0171735
25 0.6758316 0.2861206 0.0276994 0.0171735
24 0.7463390 0.4097697 0.0276994 0.0171735
4 0.5348170 0.5334187 0.0276993 0.0171735
5 0.4643097 0.4097697 0.0276994 0.0171735
26 0.3232950 0.2861206 0.0276993 0.0171735
15 0.3232950 0.4715942 0.0276993 0.0171735
