6 0.7784960 0.4215618 0.0244874 0.0166717
31 0.5686032 0.4215618 0.0244875 0.0166717
32 0.6636380 0.3665452 0.3987963 0.4868129
33 0.8012344 0.1770438 0.0139929 0.0188946
21 0.5161300 0.2792968 0.0244875 0.0166717
28 0.6210764 0.2792968 0.0244875 0.0166717
16 0.6735497 0.2792968 0.0244875 0.0166717
29 0.7260228 0.2792968 0.0244875 0.0166717
31 0.8309692 0.2792968 0.0244876 0.0166717
20 0.6210764 0.3504293 0.0244875 0.0166717
11 0.6735497 0.3504293 0.0244875 0.0166717
27 0.7260228 0.3504293 0.0244875 0.0166717
15 0.7784960 0.3504293 0.0244874 0.0166717
7 0.8309692 0.3504293 0.0244876 0.0166717
14 0.5161300 0.4215618 0.0244875 0.0166717
13 0.6210764 0.4215618 0.0244875 0.0166717
6 0.6735497 0.4215618 0.0244875 0.0166717
23 0.7260228 0.4215618 0.0244875 0.0166717
24 0.8309692 0.4215618 0.0244876 0.0166717
10 0.5686032 0.4921385 0.0244875 0.0155602
2 0.6210764 0.4921385 0.0244875 0.0155602
4 0.7260228 0.4921385 0.0244875 0.0155602
19 0.8309692 0.4921385 0.0244876 0.0155602
17 0.5161300 0.5632710 0.0244875 0.0155602
26 0.6210764 0.5632710 0.0244875 0.0155602
34 0.6735496 0.5632710 0.0454768 0.0444578
17 0.6735497 0.5632710 0.0244875 0.0155602
12 0.7784960 0.5632710 0.0244874 0.0155602
26 0.5161300 0.3504293 0.0244875 0.0166717
27 0.7784960 0.4921385 0.0244874 0.0155602
6 0.8309692 0.5632710 0.0244876 0.0155602
27 0.5686032 0.5632710 0.0244875 0.0155602
6 0.5686032 0.3504293 0.0244875 0.0166717
16 0.6735497 0.4921385 0.0244875 0.0155602
13 0.7784960 0.2792968 0.0244874 0.0166717
28 0.5161300 0.4921385 0.0244875 0.0155602
10 0.7260228 0.5632710 0.0244875 0.0155602
4 0.5686032 0.2792968 0.0244875 0.0166717
