2 0.5506598 0.4394617 0.0286105 0.0161568
21 0.5506598 0.4976264 0.0286105 0.0161569
32 0.5513100 0.4340761 0.5266936 0.4750118
33 0.6286884 0.2229597 0.0104038 0.0118483
30 0.3321795 0.3231323 0.0286105 0.0161569
1 0.5506598 0.3231323 0.0286105 0.0161569
16 0.6234866 0.3231323 0.0286105 0.0161569
34 0.7691400 0.3225937 0.0676249 0.0581647
8 0.7691400 0.3231323 0.0286105 0.0161569
22 0.3321795 0.3807584 0.0286105 0.0150798
18 0.4050063 0.3807584 0.0286105 0.0150798
15 0.4778330 0.3807584 0.0286105 0.0150798
5 0.6234866 0.3807584 0.0286105 0.0150798
25 0.7691400 0.3807584 0.0286105 0.0150798
14 0.3321795 0.4394617 0.0286105 0.0161568
19 0.4050063 0.4394617 0.0286105 0.0161568
10 0.4778330 0.4394617 0.0286105 0.0161568
29 0.6234866 0.4394617 0.0286105 0.0161568
17 0.3321795 0.4976264 0.0286105 0.0161569
2 0.4778330 0.4976264 0.0286105 0.0161569
13 0.6234866 0.4976264 0.0286105 0.0161569
12 0.6963133 0.4976264 0.0286105 0.0161569
27 0.7691400 0.4976264 0.0286105 0.0161569
8 0.3321795 0.5557911 0.0286105 0.0161568
21 0.4050063 0.5557911 0.0286105 0.0161568
11 0.4778330 0.5557911 0.0286105 0.0161568
9 0.5506598 0.5557911 0.0286105 0.0161568
6 0.6963133 0.5557911 0.0286105 0.0161568
26 0.7691400 0.5557911 0.0286105 0.0161568
7 0.3321795 0.6134172 0.0286105 0.0150798
20 0.4778330 0.6134172 0.0286105 0.0150798
31 0.5506598 0.6134172 0.0286105 0.0150798
4 0.6234866 0.6134172 0.0286105 0.0150798
23 0.6963133 0.6134172 0.0286105 0.0150798
24 0.7691400 0.6134172 0.0286105 0.0150798
27 0.5506598 0.3807584 0.0286105 0.0150798
1 0.4050063 0.3231323 0.0286105 0.0161569
25 0.7691400 0.4394617 0.0286105 0.0161568
6 0.6963133 0.3231323 0.0286105 0.0161569
31 0.6963133 0.3807584 0.0286105 0.0150798
24 0.6963133 0.4394617 0.0286105 0.0161568
14 0.4050063 0.6134172 0.0286105 0.0150798
4 0.4050063 0.4976264 0.0286105 0.0161569
22 0.4778330 0.3231323 0.0286105 0.0161569
12 0.6234866 0.5557911 0.0286105 0.0161568
