17 0.4661480 0.6944179 0.0274900 0.0167811
15 0.3261988 0.5735938 0.0274900 0.0167811
32 0.2555994 0.5870186 0.5010682 0.4866524
33 0.3330713 0.3559986 0.0112459 0.0134249
7 0.1162750 0.4527697 0.0274900 0.0167811
21 0.3261988 0.4527697 0.0274900 0.0167811
1 0.3961734 0.4527697 0.0274900 0.0167811
23 0.4661480 0.4527697 0.0274900 0.0167811
5 0.1162750 0.5131818 0.0274900 0.0167811
26 0.1862496 0.5131818 0.0274900 0.0167811
15 0.3261988 0.5131818 0.0274900 0.0167811
28 0.3961734 0.5131818 0.0274900 0.0167811
24 0.4661480 0.5131818 0.0274900 0.0167811
27 0.0463004 0.5735938 0.0274900 0.0167811
12 0.1862496 0.5735938 0.0274900 0.0167811
3 0.3961734 0.5735938 0.0274900 0.0167811
4 0.0463004 0.6340058 0.0274900 0.0167811
31 0.1162750 0.6340058 0.0274900 0.0167811
34 0.1862496 0.6345652 0.0649764 0.0604121
4 0.1862496 0.6340058 0.0274900 0.0167811
19 0.2562242 0.6340058 0.0274900 0.0167811
10 0.3261988 0.6340058 0.0274900 0.0167811
25 0.3961734 0.6340058 0.0274900 0.0167811
11 0.4661480 0.6340058 0.0274900 0.0167811
9 0.0463004 0.6944179 0.0274900 0.0167811
2 0.1162750 0.6944179 0.0274900 0.0167811
20 0.1862496 0.6944179 0.0274900 0.0167811
18 0.2562242 0.6944179 0.0274900 0.0167811
14 0.3261988 0.6944179 0.0274900 0.0167811
30 0.0463004 0.7548298 0.0274900 0.0167811
6 0.1862496 0.7548298 0.0274900 0.0167811
17 0.2562242 0.7548298 0.0274900 0.0167811
8 0.3261988 0.7548298 0.0274900 0.0167811
22 0.3961734 0.7548298 0.0274900 0.0167811
13 0.4661480 0.7548298 0.0274900 0.0167811
2 0.0463004 0.5131818 0.0274900 0.0167811
15 0.2562242 0.4527697 0.0274900 0.0167811
2 0.2562242 0.5735938 0.0274900 0.0167811
5 0.1162750 0.7548298 0.0274900 0.0167811
24 0.0463004 0.4527697 0.0274900 0.0167811
29 0.4661480 0.5735938 0.0274900 0.0167811
25 0.3961734 0.6944179 0.0274900 0.0167811
17 0.2562242 0.5131818 0.0274900 0.0167811
26 0.1862496 0.4527697 0.0274900 0.0167811
2 0.1162750 0.5735938 0.0274900 0.0167811
