14 0.4953777 0.4705634 0.0267451 0.0160437
7 0.2911423 0.4122715 0.0267451 0.0149741
32 0.2917501 0.4652155 0.4923533 0.4716832
33 0.3640835 0.2555785 0.0097255 0.0117653
14 0.1549853 0.3550491 0.0267451 0.0160436
5 0.3592207 0.3550491 0.0267451 0.0160436
6 0.0869068 0.4122715 0.0267451 0.0149741
21 0.1549853 0.4122715 0.0267451 0.0149741
15 0.3592207 0.4122715 0.0267451 0.0149741
26 0.4272992 0.4122715 0.0267451 0.0149741
30 0.0869068 0.4705634 0.0267451 0.0160437
17 0.1549853 0.4705634 0.0267451 0.0160437
8 0.2230638 0.4705634 0.0267451 0.0160437
18 0.2911423 0.4705634 0.0267451 0.0160437
20 0.3592207 0.4705634 0.0267451 0.0160437
23 0.0869068 0.5283205 0.0267451 0.0160436
10 0.1549853 0.5283205 0.0267451 0.0160436
22 0.2230638 0.5283205 0.0267451 0.0160436
29 0.2911423 0.5283205 0.0267451 0.0160436
9 0.3592207 0.5283205 0.0267451 0.0160436
27 0.4272992 0.5283205 0.0267451 0.0160436
31 0.4953777 0.5283205 0.0267451 0.0160436
7 0.2230638 0.5860776 0.0267451 0.0160437
3 0.2911423 0.5860776 0.0267451 0.0160437
13 0.3592207 0.5860776 0.0267451 0.0160437
12 0.4272992 0.5860776 0.0267451 0.0160437
34 0.4953777 0.5855428 0.0632158 0.0577572
17 0.4953777 0.5860776 0.0267451 0.0160437
4 0.2230638 0.4122715 0.0267451 0.0149741
16 0.0869068 0.3550491 0.0267451 0.0160436
2 0.4272992 0.3550491 0.0267451 0.0160436
4 0.2911423 0.3550491 0.0267451 0.0160436
28 0.1549853 0.5860776 0.0267451 0.0160437
18 0.2230638 0.3550491 0.0267451 0.0160436
30 0.0869068 0.5860776 0.0267451 0.0160437
8 0.4272992 0.4705634 0.0267451 0.0160437
30 0.4953777 0.3550491 0.0267451 0.0160436
20 0.4953777 0.4122715 0.0267451 0.0149741
