3 0.3936717 0.2777050 0.0269930 0.0162132
2 0.3936717 0.2193374 0.0269930 0.0162132
32 0.3243489 0.3490432 0.4920080 0.4701832
33 0.4004199 0.1258412 0.0110426 0.0129706
16 0.1875436 0.2193374 0.0269930 0.0162132
1 0.3249623 0.2193374 0.0269930 0.0162132
11 0.4623811 0.2193374 0.0269930 0.0162132
25 0.5310904 0.2193374 0.0269930 0.0162132
28 0.1188343 0.2777050 0.0269930 0.0162132
15 0.1875436 0.2777050 0.0269930 0.0162132
26 0.3249623 0.2777050 0.0269930 0.0162132
17 0.4623811 0.2777050 0.0269930 0.0162132
2 0.5310904 0.2777050 0.0269930 0.0162132
18 0.3249623 0.3360726 0.0269930 0.0162132
3 0.3936717 0.3360726 0.0269930 0.0162132
24 0.4623811 0.3360726 0.0269930 0.0162132
20 0.5310904 0.3360726 0.0269930 0.0162132
8 0.1188343 0.3944402 0.0269930 0.0162132
19 0.1875436 0.3944402 0.0269930 0.0162132
34 0.2562530 0.3949806 0.0638015 0.0583675
13 0.2562530 0.3944402 0.0269930 0.0162132
9 0.3249623 0.3944402 0.0269930 0.0162132
14 0.3936717 0.3944402 0.0269930 0.0162132
30 0.1188343 0.4528078 0.0269930 0.0162132
13 0.2562530 0.4528078 0.0269930 0.0162132
21 0.3249623 0.4528078 0.0269930 0.0162132
12 0.4623811 0.4528078 0.0269930 0.0162132
27 0.5310904 0.4528078 0.0269930 0.0162132
17 0.1875436 0.3360726 0.0269930 0.0162132
1 0.3936717 0.4528078 0.0269930 0.0162132
19 0.2562530 0.2193374 0.0269930 0.0162132
1 0.1875436 0.4528078 0.0269930 0.0162132
28 0.2562530 0.3360726 0.0269930 0.0162132
21 0.5310904 0.3944402 0.0269930 0.0162132
27 0.2562530 0.2777050 0.0269930 0.0162132
25 0.4623811 0.3944402 0.0269930 0.0162132
30 0.1188343 0.2193374 0.0269930 0.0162132
15 0.1188343 0.3360726 0.0269930 0.0162132
