18 0.4764113 0.4907073 0.0261600 0.0162930
23 0.2766437 0.2560885 0.0261600 0.0162930
32 0.2760492 0.3484154 0.4768261 0.4811858
33 0.3491784 0.1213999 0.0118909 0.0141206
11 0.0768762 0.2560885 0.0261600 0.0162930
21 0.2100546 0.2560885 0.0261600 0.0162930
28 0.3432329 0.2560885 0.0261600 0.0162930
15 0.4098221 0.2560885 0.0261600 0.0162930
3 0.4764113 0.2560885 0.0261600 0.0162930
10 0.1434654 0.3147432 0.0261600 0.0162930
8 0.2766437 0.3147432 0.0261600 0.0162930
27 0.4098221 0.3147432 0.0261600 0.0162930
7 0.4764113 0.3147432 0.0261600 0.0162930
18 0.2100546 0.3733979 0.0261600 0.0162930
12 0.2766437 0.3733979 0.0261600 0.0162930
22 0.3432329 0.3733979 0.0261600 0.0162930
5 0.4098221 0.3733979 0.0261600 0.0162930
1 0.1434654 0.4320526 0.0261600 0.0162930
29 0.2100546 0.4320526 0.0261600 0.0162930
30 0.3432329 0.4320526 0.0261600 0.0162930
4 0.4098221 0.4320526 0.0261600 0.0162930
26 0.4764113 0.4320526 0.0261600 0.0162930
14 0.0768762 0.4907073 0.0261600 0.0162930
9 0.1434654 0.4907073 0.0261600 0.0162930
6 0.2100546 0.4907073 0.0261600 0.0162930
34 0.2766437 0.4912504 0.0618328 0.0586547
6 0.2766437 0.4907073 0.0261600 0.0162930
19 0.3432329 0.4907073 0.0261600 0.0162930
28 0.3432329 0.3147432 0.0261600 0.0162930
18 0.2100546 0.3147432 0.0261600 0.0162930
29 0.1434654 0.2560885 0.0261600 0.0162930
13 0.0768762 0.3147432 0.0261600 0.0162930
18 0.4098221 0.4907073 0.0261600 0.0162930
13 0.0768762 0.3733979 0.0261600 0.0162930
28 0.1434654 0.3733979 0.0261600 0.0162930
16 0.4764113 0.3733979 0.0261600 0.0162930
26 0.2766437 0.4320526 0.0261600 0.0162930
31 0.0768762 0.4320526 0.0261600 0.0162930
