8 0.5910752 0.5729934 0.0287495 0.0168031
8 0.2251719 0.3915195 0.0287495 0.0168031
32 0.4453673 0.5069010 0.5292530 0.4940122
33 0.5231217 0.2873401 0.0104544 0.0123223
7 0.3715332 0.3915195 0.0287495 0.0168031
11 0.4447139 0.3915195 0.0287495 0.0168031
19 0.5178946 0.3915195 0.0287495 0.0168031
5 0.6642559 0.3915195 0.0287495 0.0168031
12 0.2251719 0.4514507 0.0287495 0.0156829
23 0.3715332 0.4514507 0.0287495 0.0156829
9 0.4447139 0.4514507 0.0287495 0.0156829
6 0.5178946 0.4514507 0.0287495 0.0156829
30 0.5910752 0.4514507 0.0287495 0.0156829
29 0.2251719 0.5125021 0.0287495 0.0168031
24 0.2983525 0.5125021 0.0287495 0.0168031
15 0.3715332 0.5125021 0.0287495 0.0168031
34 0.4447139 0.5119420 0.0679535 0.0604913
3 0.4447139 0.5125021 0.0287495 0.0168031
8 0.5178946 0.5125021 0.0287495 0.0168031
18 0.5910752 0.5125021 0.0287495 0.0168031
16 0.6642559 0.5125021 0.0287495 0.0168031
14 0.2251719 0.5729934 0.0287495 0.0168031
17 0.2983525 0.5729934 0.0287495 0.0168031
13 0.3715332 0.5729934 0.0287495 0.0168031
27 0.4447139 0.5729934 0.0287495 0.0168031
26 0.5178946 0.5729934 0.0287495 0.0168031
22 0.6642559 0.5729934 0.0287495 0.0168031
4 0.2251719 0.6334847 0.0287495 0.0168032
2 0.2983525 0.6334847 0.0287495 0.0168032
21 0.3715332 0.6334847 0.0287495 0.0168032
1 0.4447139 0.6334847 0.0287495 0.0168032
20 0.5178946 0.6334847 0.0287495 0.0168032
10 0.6642559 0.6334847 0.0287495 0.0168032
25 0.3715332 0.6934159 0.0287495 0.0156829
31 0.5178946 0.6934159 0.0287495 0.0156829
17 0.2983525 0.6934159 0.0287495 0.0156829
15 0.2983525 0.3915195 0.0287495 0.0168031
4 0.5910752 0.3915195 0.0287495 0.0168031
29 0.4447139 0.6934159 0.0287495 0.0156829
5 0.6642559 0.4514507 0.0287495 0.0156829
21 0.2983525 0.4514507 0.0287495 0.0156829
8 0.5910752 0.6334847 0.0287495 0.0168032
2 0.2251719 0.6934159 0.0287495 0.0156829
11 0.5910752 0.6934159 0.0287495 0.0156829
14 0.6642559 0.6934159 0.0287495 0.0156829
