23 0.4207329 0.6883986 0.0272884 0.0163719
28 0.5596553 0.6883986 0.0272883 0.0163719
32 0.3506515 0.5246792 0.4973919 0.4747864
33 0.4275550 0.2992921 0.0111634 0.0130976
23 0.1428880 0.3937036 0.0272883 0.0163719
18 0.2123492 0.3937036 0.0272883 0.0163719
29 0.2818105 0.3937036 0.0272883 0.0163719
4 0.4207329 0.3937036 0.0272884 0.0163719
3 0.4901941 0.3937036 0.0272884 0.0163719
6 0.1428880 0.4526427 0.0272883 0.0163719
34 0.2123492 0.4531884 0.0644997 0.0589390
29 0.2123492 0.4526427 0.0272883 0.0163719
16 0.3512717 0.4526427 0.0272884 0.0163719
7 0.4207329 0.4526427 0.0272884 0.0163719
31 0.2123492 0.5115816 0.0272883 0.0163719
8 0.2818105 0.5115816 0.0272883 0.0163719
20 0.3512717 0.5115816 0.0272884 0.0163719
9 0.4901941 0.5115816 0.0272884 0.0163719
26 0.5596553 0.5115816 0.0272883 0.0163719
12 0.1428880 0.5705206 0.0272883 0.0163719
28 0.2123492 0.5705206 0.0272883 0.0163719
13 0.2818105 0.5705206 0.0272883 0.0163719
1 0.3512717 0.5705206 0.0272884 0.0163719
22 0.4207329 0.5705206 0.0272884 0.0163719
10 0.4901941 0.5705206 0.0272884 0.0163719
5 0.5596553 0.5705206 0.0272883 0.0163719
17 0.1428880 0.6294596 0.0272883 0.0163719
30 0.2818105 0.6294596 0.0272883 0.0163719
14 0.3512717 0.6294596 0.0272884 0.0163719
25 0.4207329 0.6294596 0.0272884 0.0163719
11 0.5596553 0.6294596 0.0272883 0.0163719
27 0.1428880 0.6883986 0.0272883 0.0163719
19 0.2123492 0.6883986 0.0272883 0.0163719
24 0.2818105 0.6883986 0.0272883 0.0163719
15 0.4901941 0.6883986 0.0272884 0.0163719
4 0.1428880 0.5115816 0.0272883 0.0163719
4 0.2818105 0.4526427 0.0272883 0.0163719
4 0.2123492 0.6294596 0.0272883 0.0163719
18 0.3512717 0.6883986 0.0272884 0.0163719
25 0.5596553 0.3937036 0.0272883 0.0163719
5 0.5596553 0.4526427 0.0272883 0.0163719
3 0.4901941 0.6294596 0.0272884 0.0163719
6 0.3512717 0.3937036 0.0272884 0.0163719
21 0.4901941 0.4526427 0.0272884 0.0163719
31 0.4207329 0.5115816 0.0272884 0.0163719
