7 0.5511400 0.4359700 0.0244872 0.0172361
3 0.6560851 0.3624291 0.0244872 0.0172361
32 0.6461736 0.4526316 0.3987913 0.5032954
33 0.7837682 0.2567141 0.0139926 0.0195343
31 0.5511400 0.3624291 0.0244872 0.0172361
17 0.7085576 0.3624291 0.0244872 0.0172361
29 0.7610301 0.3624291 0.0244872 0.0172361
28 0.8135027 0.3624291 0.0244872 0.0172361
23 0.6560851 0.4359700 0.0244872 0.0172361
19 0.7085576 0.4359700 0.0244872 0.0172361
34 0.7610301 0.4359700 0.0454762 0.0448140
3 0.7610301 0.4359700 0.0244872 0.0172361
22 0.8135027 0.4359700 0.0244872 0.0172361
14 0.4986675 0.5095109 0.0244872 0.0172361
9 0.5511400 0.5095109 0.0244872 0.0172361
3 0.6560851 0.5095109 0.0244872 0.0172361
11 0.7085576 0.5095109 0.0244872 0.0172361
10 0.7610301 0.5095109 0.0244872 0.0172361
12 0.8135027 0.5095109 0.0244872 0.0172361
6 0.4986675 0.5824772 0.0244872 0.0160871
1 0.6036125 0.5824772 0.0244872 0.0160871
2 0.6560851 0.5824772 0.0244872 0.0160871
27 0.7085576 0.5824772 0.0244872 0.0160871
16 0.7610301 0.5824772 0.0244872 0.0160871
8 0.4986675 0.6560181 0.0244872 0.0160871
4 0.6036125 0.6560181 0.0244872 0.0160871
21 0.7085576 0.6560181 0.0244872 0.0160871
24 0.8135027 0.6560181 0.0244872 0.0160871
3 0.4986675 0.3624291 0.0244872 0.0172361
2 0.5511400 0.5824772 0.0244872 0.0160871
28 0.8135027 0.5824772 0.0244872 0.0160871
9 0.6036125 0.5095109 0.0244872 0.0172361
30 0.5511400 0.6560181 0.0244872 0.0160871
21 0.6036125 0.3624291 0.0244872 0.0172361
6 0.7610301 0.6560181 0.0244872 0.0160871
5 0.6560851 0.6560181 0.0244872 0.0160871
18 0.4986675 0.4359700 0.0244872 0.0172361
13 0.6036125 0.4359700 0.0244872 0.0172361
