19 0.4631179 0.5289411 0.0246212 0.0148621
21 0.4049224 0.6388143 0.0246212 0.0159237
32 0.5778303 0.4599387 0.4040114 0.4055222
33 0.7608105 0.2736320 0.0111914 0.0159237
7 0.4049224 0.3628044 0.0246212 0.0159236
1 0.5201944 0.3628044 0.0246212 0.0159236
24 0.5789495 0.3628044 0.0235021 0.0159236
18 0.6371450 0.3628044 0.0235020 0.0159236
19 0.6959001 0.3628044 0.0246212 0.0159236
3 0.7529765 0.3628044 0.0246212 0.0159236
4 0.4049224 0.4180064 0.0246212 0.0159237
31 0.5201944 0.4180064 0.0246212 0.0159237
8 0.5789495 0.4180064 0.0235021 0.0159237
12 0.6371450 0.4180064 0.0235020 0.0159237
26 0.6959001 0.4180064 0.0246212 0.0159237
27 0.7529765 0.4180064 0.0246212 0.0159237
20 0.4049224 0.4737391 0.0246212 0.0148621
16 0.5201944 0.4737391 0.0246212 0.0148621
21 0.6371450 0.4737391 0.0235020 0.0148621
23 0.6959001 0.4737391 0.0246212 0.0148621
14 0.7529765 0.4737391 0.0246212 0.0148621
9 0.5789495 0.5289411 0.0235021 0.0148621
6 0.6371450 0.5289411 0.0235020 0.0148621
28 0.6959001 0.5289411 0.0246212 0.0148621
22 0.7529765 0.5289411 0.0246212 0.0148621
2 0.4049224 0.5830815 0.0246212 0.0148621
30 0.4631179 0.5830815 0.0246212 0.0148621
10 0.5201944 0.5830815 0.0246212 0.0148621
17 0.5789495 0.5830815 0.0235021 0.0148621
15 0.6371450 0.5830815 0.0235020 0.0148621
25 0.4631179 0.6388143 0.0246212 0.0159237
34 0.5201944 0.6382836 0.0492424 0.0467093
9 0.5201944 0.6388143 0.0246212 0.0159237
5 0.6371450 0.6388143 0.0235020 0.0159237
11 0.7529765 0.6388143 0.0246212 0.0159237
15 0.4631179 0.4180064 0.0246212 0.0159237
26 0.5201944 0.5289411 0.0246212 0.0148621
5 0.4631179 0.4737391 0.0246212 0.0148621
23 0.4049224 0.5289411 0.0246212 0.0148621
12 0.4631179 0.3628044 0.0246212 0.0159236
16 0.5789495 0.4737391 0.0235021 0.0148621
15 0.6959001 0.6388143 0.0246212 0.0159237
4 0.7529765 0.5830815 0.0246212 0.0148621
6 0.5789495 0.6388143 0.0235021 0.0159237
16 0.6959001 0.5830815 0.0246212 0.0148621
