13 0.6391698 0.5757570 0.0283192 0.0170941
7 0.4229136 0.3911403 0.0283192 0.0170941
32 0.4943554 0.4663545 0.5161829 0.4957299
33 0.5741642 0.2310253 0.0115851 0.0136753
26 0.2787428 0.3296014 0.0283193 0.0170942
25 0.3508282 0.3296014 0.0283192 0.0170942
16 0.4229136 0.3296014 0.0283192 0.0170942
1 0.4949990 0.3296014 0.0283193 0.0170942
15 0.6391698 0.3296014 0.0283192 0.0170942
14 0.2787428 0.3911403 0.0283193 0.0170941
3 0.3508282 0.3911403 0.0283192 0.0170941
21 0.4949990 0.3911403 0.0283193 0.0170941
24 0.7112552 0.3911403 0.0283192 0.0170941
20 0.4229136 0.4526792 0.0283192 0.0170942
28 0.5670844 0.4526792 0.0283193 0.0170942
34 0.6391698 0.4532490 0.0669364 0.0615389
3 0.6391698 0.4526792 0.0283192 0.0170942
18 0.7112552 0.4526792 0.0283192 0.0170942
9 0.2787428 0.5142181 0.0283193 0.0170941
4 0.3508282 0.5142181 0.0283192 0.0170941
13 0.4229136 0.5142181 0.0283192 0.0170941
7 0.4949990 0.5142181 0.0283193 0.0170941
29 0.5670844 0.5142181 0.0283193 0.0170941
17 0.6391698 0.5142181 0.0283192 0.0170941
23 0.3508282 0.5757570 0.0283192 0.0170941
27 0.4229136 0.5757570 0.0283192 0.0170941
31 0.5670844 0.5757570 0.0283193 0.0170941
11 0.7112552 0.5757570 0.0283192 0.0170941
19 0.2787428 0.5757570 0.0283193 0.0170941
17 0.5670844 0.3296014 0.0283193 0.0170942
1 0.4949990 0.5757570 0.0283193 0.0170941
23 0.4949990 0.4526792 0.0283193 0.0170942
27 0.2787428 0.4526792 0.0283193 0.0170942
24 0.5670844 0.3911403 0.0283193 0.0170941
24 0.6391698 0.3911403 0.0283192 0.0170941
16 0.7112552 0.3296014 0.0283192 0.0170942
7 0.7112552 0.5142181 0.0283192 0.0170941
20 0.3508282 0.4526792 0.0283192 0.0170942
