16 0.7290805 0.6837952 0.0232693 0.0148748
17 0.9013840 0.6296085 0.0243774 0.0148748
32 0.7279725 0.5605469 0.4000099 0.4058694
33 0.9091404 0.3740807 0.0110806 0.0159373
14 0.5567771 0.4633295 0.0243774 0.0159373
3 0.6143962 0.4633295 0.0243773 0.0159373
20 0.6709073 0.4633295 0.0243773 0.0159373
23 0.7290805 0.4633295 0.0232693 0.0159373
16 0.7866998 0.4633295 0.0232692 0.0159373
9 0.8448729 0.4633295 0.0243774 0.0159373
34 0.9013840 0.4627983 0.0487546 0.0467494
26 0.9013840 0.4633295 0.0243774 0.0159373
7 0.5567771 0.5185788 0.0243774 0.0159373
29 0.6143962 0.5185788 0.0243773 0.0159373
21 0.6709073 0.5185788 0.0243773 0.0159373
28 0.7290805 0.5185788 0.0232693 0.0159373
5 0.6143962 0.5743592 0.0243773 0.0148748
31 0.6709073 0.5743592 0.0243773 0.0148748
25 0.7290805 0.5743592 0.0232693 0.0148748
30 0.7866998 0.5743592 0.0232692 0.0148748
24 0.8448729 0.5743592 0.0243774 0.0148748
10 0.9013840 0.5743592 0.0243774 0.0148748
11 0.6143962 0.6296085 0.0243773 0.0148748
17 0.6709073 0.6296085 0.0243773 0.0148748
6 0.7290805 0.6296085 0.0232693 0.0148748
15 0.7866998 0.6296085 0.0232692 0.0148748
4 0.8448729 0.6296085 0.0243774 0.0148748
18 0.5567771 0.6837952 0.0243774 0.0148748
27 0.6709073 0.6837952 0.0243773 0.0148748
13 0.9013840 0.6837952 0.0243774 0.0148748
12 0.6143962 0.7395757 0.0243773 0.0159373
1 0.6709073 0.7395757 0.0243773 0.0159373
22 0.7866998 0.7395757 0.0232692 0.0159373
19 0.8448729 0.7395757 0.0243774 0.0159373
2 0.9013840 0.7395757 0.0243774 0.0159373
1 0.7290805 0.7395757 0.0232693 0.0159373
24 0.9013840 0.5185788 0.0243774 0.0159373
30 0.6143962 0.6837952 0.0243773 0.0148748
24 0.5567771 0.5743592 0.0243774 0.0148748
24 0.7866998 0.5185788 0.0232692 0.0159373
14 0.5567771 0.6296085 0.0243774 0.0148748
29 0.5567771 0.7395757 0.0243774 0.0159373
31 0.8448729 0.6837952 0.0243774 0.0148748
20 0.7866998 0.6837952 0.0232692 0.0148748
26 0.8448729 0.5185788 0.0243774 0.0159373
