2 0.3684653 0.4365552 0.0271225 0.0169009
18 0.3684653 0.3148689 0.0271225 0.0169009
32 0.3678489 0.4500759 0.4943694 0.4901253
33 0.4442850 0.2174072 0.0110955 0.0135207
5 0.1613480 0.3148689 0.0271225 0.0169009
16 0.2303871 0.3148689 0.0271225 0.0169009
17 0.4375044 0.3148689 0.0271225 0.0169009
10 0.5755826 0.3148689 0.0271225 0.0169009
3 0.1613480 0.3757120 0.0271225 0.0169009
27 0.2303871 0.3757120 0.0271225 0.0169009
25 0.3684653 0.3757120 0.0271225 0.0169009
24 0.4375044 0.3757120 0.0271225 0.0169009
4 0.5755826 0.3757120 0.0271225 0.0169009
1 0.1613480 0.4365552 0.0271225 0.0169009
12 0.2303871 0.4365552 0.0271225 0.0169009
18 0.5755826 0.4365552 0.0271225 0.0169009
20 0.2303871 0.4973983 0.0271225 0.0169008
28 0.2994262 0.4973983 0.0271225 0.0169008
13 0.3684653 0.4973983 0.0271225 0.0169008
19 0.4375044 0.4973983 0.0271225 0.0169008
8 0.5065435 0.4973983 0.0271225 0.0169008
7 0.5755826 0.4973983 0.0271225 0.0169008
2 0.1613480 0.5582414 0.0271225 0.0169009
26 0.2303871 0.5582414 0.0271225 0.0169009
9 0.2994262 0.5582414 0.0271225 0.0169009
23 0.5065435 0.5582414 0.0271225 0.0169009
34 0.5755826 0.5588048 0.0641077 0.0608431
29 0.5755826 0.5582414 0.0271225 0.0169009
6 0.5065435 0.3757120 0.0271225 0.0169009
6 0.5065435 0.3148689 0.0271225 0.0169009
23 0.2994262 0.3757120 0.0271225 0.0169009
24 0.5065435 0.4365552 0.0271225 0.0169009
26 0.1613480 0.4973983 0.0271225 0.0169008
29 0.4375044 0.4365552 0.0271225 0.0169009
3 0.4375044 0.5582414 0.0271225 0.0169009
25 0.3684653 0.5582414 0.0271225 0.0169009
1 0.2994262 0.3148689 0.0271225 0.0169009
30 0.2994262 0.4365552 0.0271225 0.0169009
