18 0.4687484 0.3329896 0.0236723 0.0158671
20 0.4687484 0.2343868 0.0236723 0.0158671
32 0.4738210 0.3012553 0.4261022 0.3785440
33 0.6496729 0.1578846 0.0090181 0.0147338
29 0.3092419 0.2343868 0.0247996 0.0158671
12 0.3633501 0.2343868 0.0247996 0.0158671
20 0.4157674 0.2343868 0.0236723 0.0158671
2 0.5211658 0.2343868 0.0247996 0.0158671
1 0.5741467 0.2343868 0.0247996 0.0158671
27 0.3092419 0.2831215 0.0247996 0.0158671
11 0.4157674 0.2831215 0.0236723 0.0158671
19 0.5211658 0.2831215 0.0247996 0.0158671
35 0.5741467 0.2831215 0.0450902 0.0453346
14 0.5741467 0.2831215 0.0247996 0.0158671
24 0.6282549 0.2831215 0.0247995 0.0158671
5 0.3633501 0.3329896 0.0247996 0.0158671
26 0.4157674 0.3329896 0.0236723 0.0158671
31 0.5211658 0.3329896 0.0247996 0.0158671
22 0.5741467 0.3329896 0.0247996 0.0158671
28 0.6282549 0.3329896 0.0247995 0.0158671
10 0.4157674 0.3828576 0.0236723 0.0158671
25 0.5211658 0.3828576 0.0247996 0.0158671
4 0.5741467 0.3828576 0.0247996 0.0158671
14 0.6282549 0.3828576 0.0247995 0.0158671
30 0.4157674 0.4332924 0.0236723 0.0170005
7 0.4687484 0.4332924 0.0236723 0.0170005
18 0.5741467 0.4332924 0.0247996 0.0170005
16 0.6282549 0.4332924 0.0247995 0.0170005
24 0.4687484 0.3828576 0.0236723 0.0158671
18 0.3633501 0.2831215 0.0247996 0.0158671
5 0.5211658 0.4332924 0.0247996 0.0170005
1 0.3633501 0.3828576 0.0247996 0.0158671
14 0.3092419 0.4332924 0.0247996 0.0170005
7 0.4687484 0.2831215 0.0236723 0.0158671
19 0.6282549 0.2343868 0.0247995 0.0158671
11 0.3092419 0.3828576 0.0247996 0.0158671
24 0.3633501 0.4332924 0.0247996 0.0170005
14 0.3092419 0.3329896 0.0247996 0.0158671
