13 0.4537311 0.5092302 0.0240209 0.0163413
22 0.1447349 0.4128164 0.0240209 0.0152519
32 0.3014167 0.4024669 0.4072636 0.4085333
33 0.4744765 0.2434113 0.0087349 0.0119836
4 0.2479156 0.3180366 0.0229290 0.0152519
3 0.2992330 0.3180366 0.0229290 0.0152519
19 0.3500045 0.3180366 0.0240209 0.0152519
12 0.4013219 0.3180366 0.0240209 0.0152519
14 0.4537311 0.3180366 0.0240209 0.0152519
6 0.1447349 0.3648818 0.0240209 0.0152519
27 0.1971442 0.3648818 0.0240209 0.0152519
2 0.2992330 0.3648818 0.0229290 0.0152519
35 0.3500045 0.3648818 0.0436744 0.0435769
8 0.3500045 0.3648818 0.0240209 0.0152519
17 0.4013219 0.3648818 0.0240209 0.0152519
10 0.4537311 0.3648818 0.0240209 0.0152519
30 0.1971442 0.4128164 0.0240209 0.0152519
21 0.2992330 0.4128164 0.0229290 0.0152519
5 0.3500045 0.4128164 0.0240209 0.0152519
13 0.4013219 0.4128164 0.0240209 0.0152519
7 0.1447349 0.4607509 0.0240209 0.0152519
1 0.1971442 0.4607509 0.0240209 0.0152519
16 0.2479156 0.4607509 0.0229290 0.0152519
15 0.2992330 0.4607509 0.0229290 0.0152519
24 0.4537311 0.4607509 0.0240209 0.0152519
28 0.1971442 0.5092302 0.0240209 0.0163413
18 0.2479156 0.5092302 0.0229290 0.0163413
31 0.2992330 0.5092302 0.0229290 0.0163413
23 0.1447349 0.5571648 0.0240209 0.0163413
25 0.1971442 0.5571648 0.0240209 0.0163413
9 0.2479156 0.5571648 0.0229290 0.0163413
11 0.2992330 0.5571648 0.0229290 0.0163413
8 0.3500045 0.5571648 0.0240209 0.0163413
26 0.4013219 0.5571648 0.0240209 0.0163413
20 0.4537311 0.5571648 0.0240209 0.0163413
26 0.3500045 0.4607509 0.0240209 0.0152519
9 0.3500045 0.5092302 0.0240209 0.0163413
11 0.1447349 0.3180366 0.0240209 0.0152519
2 0.2479156 0.3648818 0.0229290 0.0152519
11 0.1447349 0.5092302 0.0240209 0.0163413
12 0.4537311 0.4128164 0.0240209 0.0152519
23 0.4013219 0.4607509 0.0240209 0.0152519
25 0.4013219 0.5092302 0.0240209 0.0163413
16 0.1971442 0.3180366 0.0240209 0.0152519
8 0.2479156 0.4128164 0.0229290 0.0152519
