14 0.5986815 0.4729567 0.0235866 0.0165197
14 0.4975958 0.5428903 0.0235867 0.0154184
32 0.4880488 0.4184415 0.3841253 0.4823766
33 0.6205834 0.2306671 0.0134781 0.0187224
4 0.3459674 0.3319882 0.0235866 0.0165198
20 0.3965102 0.3319882 0.0235866 0.0165198
2 0.5481386 0.3319882 0.0235867 0.0165198
18 0.5986815 0.3319882 0.0235866 0.0165198
13 0.6492242 0.3319882 0.0235866 0.0165198
15 0.3459674 0.4024725 0.0235866 0.0165197
34 0.3965102 0.4024724 0.0438038 0.0429513
24 0.3965102 0.4024725 0.0235866 0.0165197
1 0.4975958 0.4024725 0.0235867 0.0165197
11 0.6492242 0.4024725 0.0235866 0.0165197
3 0.3965102 0.4729567 0.0235866 0.0165197
29 0.4470531 0.4729567 0.0235866 0.0165197
12 0.4975958 0.4729567 0.0235867 0.0165197
30 0.6492242 0.4729567 0.0235866 0.0165197
26 0.3459674 0.5428903 0.0235866 0.0154184
14 0.3965102 0.5428903 0.0235866 0.0154184
27 0.4470531 0.5428903 0.0235866 0.0154184
25 0.5986815 0.5428903 0.0235866 0.0154184
22 0.6492242 0.5428903 0.0235866 0.0154184
7 0.3459674 0.6133746 0.0235866 0.0154184
9 0.3965102 0.6133746 0.0235866 0.0154184
17 0.4470531 0.6133746 0.0235866 0.0154184
28 0.5481386 0.6133746 0.0235867 0.0154184
16 0.6492242 0.6133746 0.0235866 0.0154184
23 0.5986815 0.6133746 0.0235866 0.0154184
21 0.3459674 0.4729567 0.0235866 0.0165197
3 0.5481386 0.4729567 0.0235867 0.0165197
22 0.4975958 0.6133746 0.0235867 0.0154184
3 0.4470531 0.3319882 0.0235866 0.0165198
19 0.5481386 0.4024725 0.0235867 0.0165197
2 0.5986815 0.4024725 0.0235866 0.0165197
14 0.4470531 0.4024725 0.0235866 0.0165197
1 0.4975958 0.3319882 0.0235867 0.0165198
14 0.5481386 0.5428903 0.0235867 0.0154184
