28 0.3910988 0.5083573 0.0284888 0.0156193
20 0.3185819 0.6896524 0.0284888 0.0167349
32 0.5367801 0.5635826 0.5244525 0.4920072
33 0.6138292 0.3449127 0.0103596 0.0122723
34 0.3185819 0.4481115 0.0673371 0.0602458
14 0.3185819 0.4486693 0.0284888 0.0167349
31 0.3910988 0.4486693 0.0284888 0.0167349
20 0.5361326 0.4486693 0.0284888 0.0167349
7 0.6086494 0.4486693 0.0284887 0.0167349
13 0.6811664 0.4486693 0.0284888 0.0167349
27 0.3185819 0.5083573 0.0284888 0.0156193
16 0.6086494 0.5083573 0.0284887 0.0156193
22 0.6811664 0.5083573 0.0284888 0.0156193
5 0.3185819 0.5691609 0.0284888 0.0167349
19 0.3910988 0.5691609 0.0284888 0.0167349
14 0.5361326 0.5691609 0.0284888 0.0167349
15 0.6086494 0.5691609 0.0284887 0.0167349
30 0.6811664 0.5691609 0.0284888 0.0167349
1 0.7536832 0.5691609 0.0284888 0.0167349
11 0.3185819 0.6294067 0.0284888 0.0167349
2 0.3910988 0.6294067 0.0284888 0.0167349
29 0.4636157 0.6294067 0.0284888 0.0167349
25 0.5361326 0.6294067 0.0284888 0.0167349
8 0.6086494 0.6294067 0.0284887 0.0167349
18 0.7536832 0.6294067 0.0284888 0.0167349
21 0.5361326 0.6896524 0.0284888 0.0167349
17 0.6811664 0.6896524 0.0284888 0.0167349
6 0.7536832 0.6896524 0.0284888 0.0167349
23 0.3185819 0.7493403 0.0284888 0.0156192
24 0.3910988 0.7493403 0.0284888 0.0156192
10 0.4636157 0.7493403 0.0284888 0.0156192
4 0.5361326 0.7493403 0.0284888 0.0156192
9 0.6086494 0.7493403 0.0284887 0.0156192
3 0.6811664 0.7493403 0.0284888 0.0156192
26 0.7536832 0.7493403 0.0284888 0.0156192
21 0.6086494 0.6896524 0.0284887 0.0167349
13 0.3910988 0.6896524 0.0284888 0.0167349
21 0.6811664 0.6294067 0.0284888 0.0167349
31 0.4636157 0.5691609 0.0284888 0.0167349
9 0.4636157 0.5083573 0.0284888 0.0156193
3 0.7536832 0.5083573 0.0284888 0.0156193
16 0.5361326 0.5083573 0.0284888 0.0156193
25 0.4636157 0.4486693 0.0284888 0.0167349
18 0.7536832 0.4486693 0.0284888 0.0167349
4 0.4636157 0.6896524 0.0284888 0.0167349
