31 0.6535825 0.2532831 0.0264019 0.0163108
22 0.7207872 0.3707207 0.0264019 0.0163108
32 0.5869778 0.3652837 0.4860344 0.4795369
33 0.6583828 0.1521563 0.0096007 0.0119612
15 0.4519682 0.2532831 0.0264019 0.0163108
26 0.5191729 0.2532831 0.0264019 0.0163108
11 0.7207872 0.2532831 0.0264019 0.0163108
12 0.7879919 0.2532831 0.0264019 0.0163108
30 0.3847634 0.3114582 0.0264019 0.0152234
8 0.4519682 0.3114582 0.0264019 0.0152234
18 0.5191729 0.3114582 0.0264019 0.0152234
27 0.5863777 0.3114582 0.0264019 0.0152234
21 0.6535825 0.3114582 0.0264019 0.0152234
7 0.7207872 0.3114582 0.0264019 0.0152234
2 0.7879919 0.3114582 0.0264019 0.0152234
9 0.3847634 0.3707207 0.0264019 0.0163108
20 0.4519682 0.3707207 0.0264019 0.0163108
4 0.5191729 0.3707207 0.0264019 0.0163108
22 0.7879919 0.3707207 0.0264019 0.0163108
34 0.4519682 0.4288958 0.0624044 0.0587188
19 0.4519682 0.4294395 0.0264019 0.0163108
3 0.5191729 0.4294395 0.0264019 0.0163108
31 0.5863777 0.4294395 0.0264019 0.0163108
19 0.3847634 0.4881583 0.0264019 0.0163108
13 0.4519682 0.4881583 0.0264019 0.0163108
14 0.5191729 0.4881583 0.0264019 0.0163108
25 0.5863777 0.4881583 0.0264019 0.0163108
16 0.7879919 0.4881583 0.0264019 0.0163108
26 0.7207872 0.4294395 0.0264019 0.0163108
9 0.6535825 0.4881583 0.0264019 0.0163108
26 0.7879919 0.4294395 0.0264019 0.0163108
4 0.3847634 0.2532831 0.0264019 0.0163108
7 0.6535825 0.4294395 0.0264019 0.0163108
1 0.5863777 0.3707207 0.0264019 0.0163108
31 0.6535825 0.3707207 0.0264019 0.0163108
5 0.5863777 0.2532831 0.0264019 0.0163108
4 0.7207872 0.4881583 0.0264019 0.0163108
14 0.3847634 0.4294395 0.0264019 0.0163108
