31 0.3256792 0.6967914 0.0273777 0.0168673
13 0.5347450 0.5146243 0.0273776 0.0168673
32 0.5341228 0.5494835 0.4990203 0.4981485
33 0.6106559 0.3144654 0.0124444 0.0146183
15 0.3256792 0.4539019 0.0273777 0.0168673
2 0.3953678 0.4539019 0.0273777 0.0168673
10 0.5347450 0.4539019 0.0273776 0.0168673
31 0.6044337 0.4539019 0.0273777 0.0168673
27 0.6741223 0.4539019 0.0273777 0.0168673
14 0.7438109 0.4539019 0.0273777 0.0168673
6 0.3953678 0.5146243 0.0273777 0.0168673
11 0.4650564 0.5146243 0.0273777 0.0168673
23 0.6044337 0.5146243 0.0273777 0.0168673
20 0.7438109 0.5146243 0.0273777 0.0168673
29 0.3256792 0.5753467 0.0273777 0.0168673
21 0.5347450 0.5753467 0.0273776 0.0168673
17 0.6044337 0.5753467 0.0273777 0.0168673
9 0.3953678 0.6360691 0.0273777 0.0168673
8 0.4650564 0.6360691 0.0273777 0.0168673
16 0.5347450 0.6360691 0.0273776 0.0168673
13 0.6741223 0.6360691 0.0273777 0.0168673
34 0.7438109 0.6366313 0.0647108 0.0607224
16 0.7438109 0.6360691 0.0273777 0.0168673
30 0.3953678 0.6967914 0.0273777 0.0168673
5 0.5347450 0.6967914 0.0273776 0.0168673
28 0.6044337 0.6967914 0.0273777 0.0168673
19 0.6741223 0.6967914 0.0273777 0.0168673
25 0.7438109 0.6967914 0.0273777 0.0168673
8 0.6741223 0.5753467 0.0273777 0.0168673
17 0.3953678 0.5753467 0.0273777 0.0168673
28 0.7438109 0.5753467 0.0273777 0.0168673
27 0.4650564 0.4539019 0.0273777 0.0168673
5 0.6741223 0.5146243 0.0273777 0.0168673
13 0.6044337 0.6360691 0.0273777 0.0168673
12 0.4650564 0.5753467 0.0273777 0.0168673
28 0.4650564 0.6967914 0.0273777 0.0168673
16 0.3256792 0.6360691 0.0273777 0.0168673
1 0.3256792 0.5146243 0.0273777 0.0168673
