24 0.3349775 0.4053726 0.0261804 0.0160700
12 0.4016185 0.6946328 0.0261804 0.0160700
32 0.5349006 0.5483957 0.4807675 0.4756723
33 0.6080867 0.3218086 0.0107102 0.0139273
23 0.4016185 0.4053726 0.0261804 0.0160700
11 0.4682596 0.4053726 0.0261804 0.0160700
8 0.5349006 0.4053726 0.0261804 0.0160700
31 0.6015416 0.4053726 0.0261804 0.0160700
7 0.6681827 0.4053726 0.0261804 0.0160700
15 0.7348237 0.4053726 0.0261804 0.0160700
3 0.3349775 0.4632247 0.0261804 0.0160700
2 0.4016185 0.4632247 0.0261804 0.0160700
10 0.5349006 0.4632247 0.0261804 0.0160700
6 0.6681827 0.4632247 0.0261804 0.0160700
17 0.3349775 0.5210767 0.0261804 0.0160700
14 0.4016185 0.5210767 0.0261804 0.0160700
24 0.4682596 0.5210767 0.0261804 0.0160700
9 0.6015416 0.5210767 0.0261804 0.0160700
4 0.6681827 0.5210767 0.0261804 0.0160700
1 0.7348237 0.5210767 0.0261804 0.0160700
27 0.3349775 0.5789287 0.0261804 0.0160700
5 0.4016185 0.5789287 0.0261804 0.0160700
19 0.5349006 0.5789287 0.0261804 0.0160700
16 0.6015416 0.5789287 0.0261804 0.0160700
34 0.7348237 0.5794644 0.0618810 0.0578520
13 0.7348237 0.5789287 0.0261804 0.0160700
28 0.4016185 0.6367807 0.0261804 0.0160700
25 0.5349006 0.6367807 0.0261804 0.0160700
12 0.6015416 0.6367807 0.0261804 0.0160700
18 0.6681827 0.6367807 0.0261804 0.0160700
22 0.7348237 0.6367807 0.0261804 0.0160700
29 0.5349006 0.6946328 0.0261804 0.0160700
21 0.6015416 0.6946328 0.0261804 0.0160700
20 0.6681827 0.6946328 0.0261804 0.0160700
30 0.7348237 0.6946328 0.0261804 0.0160700
9 0.3349775 0.6367807 0.0261804 0.0160700
31 0.6681827 0.5789287 0.0261804 0.0160700
25 0.4682596 0.4632247 0.0261804 0.0160700
4 0.5349006 0.5210767 0.0261804 0.0160700
10 0.4682596 0.6367807 0.0261804 0.0160700
25 0.4682596 0.5789287 0.0261804 0.0160700
21 0.6015416 0.4632247 0.0261804 0.0160700
26 0.7348237 0.4632247 0.0261804 0.0160700
7 0.4682596 0.6946328 0.0261804 0.0160700
24 0.3349775 0.6946328 0.0261804 0.0160700
