13 0.6439556 0.4468251 0.0244492 0.0160236
9 0.6963468 0.5146585 0.0244492 0.0149554
32 0.5292771 0.3939471 0.3981729 0.4678900
33 0.6666584 0.2118118 0.0139710 0.0181601
13 0.4343909 0.3100901 0.0244492 0.0160237
17 0.5391732 0.3100901 0.0244492 0.0160237
34 0.5915644 0.3100901 0.0454057 0.0416614
28 0.5915644 0.3100901 0.0244492 0.0160237
21 0.4867820 0.3784576 0.0244492 0.0160236
6 0.5391732 0.3784576 0.0244492 0.0160236
24 0.5915644 0.3784576 0.0244492 0.0160236
9 0.6439556 0.3784576 0.0244492 0.0160236
15 0.6963468 0.3784576 0.0244492 0.0160236
28 0.3819997 0.4468251 0.0244492 0.0160236
16 0.4343909 0.4468251 0.0244492 0.0160236
8 0.4867820 0.4468251 0.0244492 0.0160236
4 0.5391732 0.4468251 0.0244492 0.0160236
30 0.3819997 0.5146585 0.0244492 0.0149554
5 0.4343909 0.5146585 0.0244492 0.0149554
23 0.4867820 0.5146585 0.0244492 0.0149554
29 0.5391732 0.5146585 0.0244492 0.0149554
14 0.5915644 0.5146585 0.0244492 0.0149554
22 0.3819997 0.5830259 0.0244492 0.0149554
11 0.4343909 0.5830259 0.0244492 0.0149554
19 0.4867820 0.5830259 0.0244492 0.0149554
18 0.5391732 0.5830259 0.0244492 0.0149554
1 0.6439556 0.5830259 0.0244492 0.0149554
26 0.6963468 0.5830259 0.0244492 0.0149554
11 0.5915644 0.5830259 0.0244492 0.0149554
27 0.5915644 0.4468251 0.0244492 0.0160236
19 0.4867820 0.3100901 0.0244492 0.0160237
23 0.3819997 0.3100901 0.0244492 0.0160237
26 0.6963468 0.4468251 0.0244492 0.0160236
13 0.6439556 0.5146585 0.0244492 0.0149554
9 0.4343909 0.3784576 0.0244492 0.0160236
31 0.6963468 0.3100901 0.0244492 0.0160237
1 0.6439556 0.3100901 0.0244492 0.0160237
14 0.3819997 0.3784576 0.0244492 0.0160236
