1 0.2469601 0.3697991 0.0271985 0.0162326
22 0.5931231 0.4282366 0.0271985 0.0162326
32 0.4540398 0.4033466 0.4957549 0.4794042
33 0.5300719 0.1771717 0.0123630 0.0140683
8 0.3161927 0.3113616 0.0271985 0.0162326
13 0.3854253 0.3113616 0.0271985 0.0162326
29 0.5238905 0.3113616 0.0271985 0.0162326
7 0.5931231 0.3113616 0.0271985 0.0162326
26 0.3161927 0.3697991 0.0271985 0.0162326
21 0.3854253 0.3697991 0.0271985 0.0162326
12 0.4546579 0.3697991 0.0271985 0.0162326
5 0.5931231 0.3697991 0.0271985 0.0162326
19 0.6623557 0.3697991 0.0271985 0.0162326
3 0.3854253 0.4282366 0.0271985 0.0162326
34 0.5238905 0.4287777 0.0642874 0.0584375
7 0.5238905 0.4282366 0.0271985 0.0162326
27 0.6623557 0.4282366 0.0271985 0.0162326
1 0.2469601 0.4866742 0.0271985 0.0162326
11 0.3854253 0.4866742 0.0271985 0.0162326
25 0.4546579 0.4866742 0.0271985 0.0162326
14 0.5238905 0.4866742 0.0271985 0.0162326
16 0.5931231 0.4866742 0.0271985 0.0162326
15 0.2469601 0.5451117 0.0271985 0.0162326
24 0.3854253 0.5451117 0.0271985 0.0162326
28 0.4546579 0.5451117 0.0271985 0.0162326
17 0.5238905 0.5451117 0.0271985 0.0162326
23 0.5931231 0.5451117 0.0271985 0.0162326
20 0.6623557 0.5451117 0.0271985 0.0162326
21 0.4546579 0.4282366 0.0271985 0.0162326
9 0.3161927 0.5451117 0.0271985 0.0162326
19 0.4546579 0.3113616 0.0271985 0.0162326
17 0.2469601 0.3113616 0.0271985 0.0162326
31 0.5238905 0.3697991 0.0271985 0.0162326
10 0.3161927 0.4282366 0.0271985 0.0162326
17 0.3161927 0.4866742 0.0271985 0.0162326
17 0.6623557 0.4866742 0.0271985 0.0162326
2 0.2469601 0.4282366 0.0271985 0.0162326
12 0.6623557 0.3113616 0.0271985 0.0162326
