10 0.7815651 0.6010272 0.0231567 0.0161181
8 0.8311867 0.3068711 0.0231567 0.0172694
32 0.6729488 0.3972479 0.3771242 0.5042675
33 0.8030678 0.2009519 0.0132324 0.0195720
2 0.5334570 0.3068711 0.0231568 0.0172694
27 0.5830786 0.3068711 0.0231567 0.0172694
11 0.6327002 0.3068711 0.0231567 0.0172694
34 0.6823218 0.3068711 0.0430054 0.0449005
25 0.6823218 0.3068711 0.0231568 0.0172694
24 0.7815651 0.3068711 0.0231567 0.0172694
22 0.5334570 0.3805541 0.0231568 0.0172694
29 0.6327002 0.3805541 0.0231567 0.0172694
10 0.6823218 0.3805541 0.0231568 0.0172694
3 0.7319434 0.3805541 0.0231567 0.0172694
28 0.7815651 0.3805541 0.0231567 0.0172694
19 0.8311867 0.3805541 0.0231567 0.0172694
17 0.6327002 0.4542370 0.0231567 0.0172694
7 0.6823218 0.4542370 0.0231568 0.0172694
25 0.7815651 0.4542370 0.0231567 0.0172694
5 0.8311867 0.4542370 0.0231567 0.0172694
1 0.5334570 0.5273443 0.0231568 0.0161181
6 0.6823218 0.5273443 0.0231568 0.0161181
12 0.7319434 0.5273443 0.0231567 0.0161181
18 0.7815651 0.5273443 0.0231567 0.0161181
31 0.5334570 0.6010272 0.0231568 0.0161181
20 0.5830786 0.6010272 0.0231567 0.0161181
4 0.6823218 0.6010272 0.0231568 0.0161181
21 0.8311867 0.6010272 0.0231567 0.0161181
1 0.7319434 0.6010272 0.0231567 0.0161181
25 0.7319434 0.4542370 0.0231567 0.0172694
31 0.6327002 0.6010272 0.0231567 0.0161181
29 0.5830786 0.5273443 0.0231567 0.0161181
24 0.5334570 0.4542370 0.0231568 0.0172694
1 0.7319434 0.3068711 0.0231567 0.0172694
7 0.8311867 0.5273443 0.0231567 0.0161181
16 0.5830786 0.3805541 0.0231567 0.0172694
16 0.6327002 0.5273443 0.0231567 0.0161181
16 0.5830786 0.4542370 0.0231567 0.0172694
