25 0.5765522 0.2946836 0.0285165 0.0160517
25 0.5039648 0.2946836 0.0285165 0.0160517
32 0.5759041 0.4230975 0.5197778 0.4655003
33 0.6562688 0.2021187 0.0116659 0.0128414
5 0.6491396 0.2946836 0.0285165 0.0160517
19 0.7217270 0.2946836 0.0285165 0.0160517
15 0.7943144 0.2946836 0.0285165 0.0160517
8 0.3587899 0.3524699 0.0285165 0.0160517
24 0.4313773 0.3524699 0.0285165 0.0160517
13 0.5039648 0.3524699 0.0285165 0.0160517
27 0.6491396 0.3524699 0.0285165 0.0160517
14 0.7943144 0.3524699 0.0285165 0.0160517
11 0.3587899 0.4102561 0.0285165 0.0160517
1 0.5765522 0.4102561 0.0285165 0.0160517
4 0.6491396 0.4102561 0.0285165 0.0160517
2 0.7217270 0.4102561 0.0285165 0.0160517
34 0.7943144 0.4107912 0.0674026 0.0577863
4 0.7943144 0.4102561 0.0285165 0.0160517
18 0.3587899 0.4680424 0.0285165 0.0160518
23 0.4313773 0.4680424 0.0285165 0.0160518
21 0.6491396 0.4680424 0.0285165 0.0160518
26 0.7217270 0.4680424 0.0285165 0.0160518
25 0.7943144 0.4680424 0.0285165 0.0160518
31 0.3587899 0.5258286 0.0285165 0.0160517
28 0.5039648 0.5258286 0.0285165 0.0160517
12 0.5765522 0.5258286 0.0285165 0.0160517
10 0.6491396 0.5258286 0.0285165 0.0160517
29 0.7217270 0.5258286 0.0285165 0.0160517
30 0.4313773 0.4102561 0.0285165 0.0160517
1 0.4313773 0.2946836 0.0285165 0.0160517
13 0.5765522 0.4680424 0.0285165 0.0160518
18 0.3587899 0.2946836 0.0285165 0.0160517
5 0.5765522 0.3524699 0.0285165 0.0160517
2 0.4313773 0.5258286 0.0285165 0.0160517
7 0.5039648 0.4680424 0.0285165 0.0160518
24 0.5039648 0.4102561 0.0285165 0.0160517
4 0.7943144 0.5258286 0.0285165 0.0160517
29 0.7217270 0.3524699 0.0285165 0.0160517
