8 0.4622132 0.4997141 0.0222557 0.0159012
19 0.5575944 0.3548995 0.0222556 0.0170370
32 0.5485862 0.2986773 0.3624487 0.4974807
33 0.6736416 0.1050233 0.0127175 0.0193086
28 0.4145226 0.2095170 0.0222556 0.0170370
16 0.4622132 0.2095170 0.0222557 0.0170370
4 0.5099038 0.2095170 0.0222556 0.0170370
27 0.5575944 0.2095170 0.0222556 0.0170370
9 0.6052850 0.2095170 0.0222556 0.0170370
17 0.6529757 0.2095170 0.0222556 0.0170370
10 0.7006662 0.2095170 0.0222557 0.0170370
15 0.5099038 0.2822082 0.0222556 0.0170370
1 0.5575944 0.2822082 0.0222556 0.0170370
26 0.7006662 0.2822082 0.0222557 0.0170370
31 0.4145226 0.3548995 0.0222556 0.0170370
13 0.5099038 0.3548995 0.0222556 0.0170370
21 0.7006662 0.3548995 0.0222557 0.0170370
24 0.4145226 0.4270228 0.0222556 0.0159012
23 0.4622132 0.4270228 0.0222557 0.0159012
29 0.5099038 0.4270228 0.0222556 0.0159012
6 0.6052850 0.4270228 0.0222556 0.0159012
25 0.6529757 0.4270228 0.0222556 0.0159012
34 0.7006662 0.4275907 0.0413319 0.0442963
17 0.7006662 0.4270228 0.0222557 0.0159012
18 0.5575944 0.4997141 0.0222556 0.0159012
5 0.6052850 0.4997141 0.0222556 0.0159012
20 0.6529757 0.4997141 0.0222556 0.0159012
14 0.7006662 0.4997141 0.0222557 0.0159012
16 0.4622132 0.3548995 0.0222557 0.0170370
23 0.4622132 0.2822082 0.0222557 0.0170370
25 0.6052850 0.2822082 0.0222556 0.0170370
15 0.6052850 0.3548995 0.0222556 0.0170370
10 0.5575944 0.4270228 0.0222556 0.0159012
23 0.4145226 0.4997141 0.0222556 0.0159012
30 0.4145226 0.2822082 0.0222556 0.0170370
19 0.6529757 0.2822082 0.0222556 0.0170370
7 0.5099038 0.4997141 0.0222556 0.0159012
22 0.6529757 0.3548995 0.0222556 0.0170370
