22 0.4130743 0.3189655 0.0236694 0.0165670
10 0.3623543 0.5304709 0.0236694 0.0154625
32 0.4034939 0.3349803 0.3854721 0.4837563
33 0.5364930 0.1466688 0.0135253 0.0187759
20 0.2609142 0.2482797 0.0236693 0.0165670
30 0.3116343 0.2482797 0.0236693 0.0165670
8 0.3623543 0.2482797 0.0236694 0.0165670
4 0.5145144 0.2482797 0.0236693 0.0165670
5 0.5652344 0.2482797 0.0236693 0.0165670
29 0.2609142 0.3189655 0.0236693 0.0165670
15 0.3623543 0.3189655 0.0236694 0.0165670
18 0.4637944 0.3189655 0.0236693 0.0165670
6 0.5652344 0.3189655 0.0236693 0.0165670
3 0.3116343 0.3896514 0.0236693 0.0165670
2 0.4130743 0.3896514 0.0236694 0.0165670
34 0.4637944 0.3896514 0.0439573 0.0430742
24 0.4637944 0.3896514 0.0236693 0.0165670
16 0.5652344 0.3896514 0.0236693 0.0165670
27 0.2609142 0.4597850 0.0236693 0.0154625
23 0.3116343 0.4597850 0.0236693 0.0154625
14 0.3623543 0.4597850 0.0236694 0.0154625
10 0.4130743 0.4597850 0.0236694 0.0154625
25 0.4637944 0.4597850 0.0236693 0.0154625
31 0.5145144 0.4597850 0.0236693 0.0154625
17 0.5652344 0.4597850 0.0236693 0.0154625
24 0.3116343 0.5304709 0.0236693 0.0154625
11 0.4130743 0.5304709 0.0236694 0.0154625
28 0.4637944 0.5304709 0.0236693 0.0154625
3 0.4637944 0.2482797 0.0236693 0.0165670
18 0.2609142 0.3896514 0.0236693 0.0165670
26 0.5145144 0.5304709 0.0236693 0.0154625
17 0.5145144 0.3896514 0.0236693 0.0165670
18 0.3623543 0.3896514 0.0236694 0.0165670
15 0.3116343 0.3189655 0.0236693 0.0165670
4 0.2609142 0.5304709 0.0236693 0.0154625
26 0.4130743 0.2482797 0.0236694 0.0165670
19 0.5145144 0.3189655 0.0236693 0.0165670
30 0.5652344 0.5304709 0.0236693 0.0154625
