10 0.6557607 0.1853026 0.0237436 0.0153346
13 0.4021362 0.1371081 0.0237436 0.0153346
32 0.5597072 0.1693323 0.4079577 0.3364425
33 0.7280707 0.0160741 0.0086340 0.0142393
28 0.4021362 0.0900089 0.0237436 0.0153346
8 0.4539404 0.0900089 0.0237436 0.0153346
30 0.5041256 0.0900089 0.0226643 0.0153346
35 0.5548505 0.0900089 0.0420909 0.0438132
7 0.5548506 0.0900089 0.0226643 0.0153346
17 0.6050358 0.0900089 0.0237436 0.0153346
16 0.7075649 0.0900089 0.0237436 0.0153346
10 0.4539404 0.1371081 0.0237436 0.0153346
19 0.6050358 0.1371081 0.0237436 0.0153346
23 0.6557607 0.1371081 0.0237436 0.0153346
14 0.7075649 0.1371081 0.0237436 0.0153346
15 0.4021362 0.1853026 0.0237436 0.0153346
27 0.5041256 0.1853026 0.0226643 0.0153346
18 0.6050358 0.1853026 0.0237436 0.0153346
25 0.4021362 0.2334972 0.0237436 0.0153346
26 0.4539404 0.2334972 0.0237436 0.0153346
20 0.5041256 0.2334972 0.0226643 0.0153346
1 0.5548506 0.2334972 0.0226643 0.0153346
9 0.6050358 0.2334972 0.0237436 0.0153346
3 0.6557607 0.2334972 0.0237436 0.0153346
21 0.4021362 0.2822394 0.0237436 0.0164300
12 0.5041256 0.2822394 0.0226643 0.0164300
6 0.6050358 0.2822394 0.0237436 0.0164300
5 0.7075649 0.2822394 0.0237436 0.0164300
15 0.7075649 0.1853026 0.0237436 0.0153346
15 0.5548506 0.2822394 0.0226643 0.0164300
31 0.6557607 0.0900089 0.0237436 0.0153346
7 0.5041256 0.1371081 0.0226643 0.0153346
2 0.4539404 0.1853026 0.0237436 0.0153346
11 0.5548506 0.1853026 0.0226643 0.0153346
23 0.7075649 0.2334972 0.0237436 0.0153346
19 0.6557607 0.2822394 0.0237436 0.0164300
18 0.4539404 0.2822394 0.0237436 0.0164300
27 0.5548506 0.1371081 0.0226643 0.0153346
