5 0.1939507 0.1549033 0.0237656 0.0152212
22 0.4478107 0.2973299 0.0237656 0.0152212
32 0.3516680 0.2190496 0.4083366 0.3631335
33 0.5201879 0.0815155 0.0086421 0.0141339
12 0.2960348 0.1549033 0.0226854 0.0152212
13 0.3468068 0.1549033 0.0226854 0.0152212
2 0.3970387 0.1549033 0.0237656 0.0152212
6 0.4478107 0.1549033 0.0237656 0.0152212
14 0.4996630 0.1549033 0.0237656 0.0152212
23 0.1939507 0.2016540 0.0237656 0.0152212
20 0.2458030 0.2016540 0.0237656 0.0152212
18 0.3970387 0.2016540 0.0237656 0.0152212
28 0.4478107 0.2016540 0.0237656 0.0152212
7 0.4996630 0.2016540 0.0237656 0.0152212
16 0.1939507 0.2494920 0.0237656 0.0152212
29 0.2458030 0.2494920 0.0237656 0.0152212
9 0.3468068 0.2494920 0.0226854 0.0152212
25 0.3970387 0.2494920 0.0237656 0.0152212
27 0.4478107 0.2494920 0.0237656 0.0152212
22 0.4996630 0.2494920 0.0237656 0.0152212
11 0.2960348 0.2973299 0.0226854 0.0152212
21 0.2458030 0.3457115 0.0237656 0.0163084
4 0.2960348 0.3457115 0.0226854 0.0163084
19 0.3468068 0.3457115 0.0226854 0.0163084
35 0.3970387 0.3457115 0.0432102 0.0424018
10 0.3970387 0.3457115 0.0237656 0.0163084
8 0.4478107 0.3457115 0.0237656 0.0163084
1 0.4996630 0.3457115 0.0237656 0.0163084
11 0.2458030 0.1549033 0.0237656 0.0152212
21 0.1939507 0.2973299 0.0237656 0.0152212
29 0.1939507 0.3457115 0.0237656 0.0163084
6 0.3468068 0.2973299 0.0226854 0.0152212
5 0.2960348 0.2016540 0.0226854 0.0152212
20 0.3468068 0.2016540 0.0226854 0.0152212
7 0.2960348 0.2494920 0.0226854 0.0152212
12 0.3970387 0.2973299 0.0237656 0.0152212
22 0.2458030 0.2973299 0.0237656 0.0152212
9 0.4996630 0.2973299 0.0237656 0.0152212
