11 0.3335123 0.4437459 0.0287827 0.0163839
2 0.7731018 0.4437459 0.0287826 0.0163839
32 0.5539612 0.4382846 0.5298623 0.4816869
33 0.6318052 0.2242015 0.0104664 0.0120149
34 0.3335123 0.3252356 0.0680317 0.0589821
31 0.3335123 0.3257817 0.0287827 0.0163839
9 0.4067773 0.3257817 0.0287826 0.0163839
4 0.4800421 0.3257817 0.0287826 0.0163839
20 0.5533070 0.3257817 0.0287827 0.0163839
2 0.3335123 0.3842177 0.0287827 0.0152916
16 0.4067773 0.3842177 0.0287826 0.0152916
23 0.4800421 0.3842177 0.0287826 0.0152916
15 0.5533070 0.3842177 0.0287827 0.0152916
29 0.6998369 0.3842177 0.0287827 0.0152916
12 0.4067773 0.4437459 0.0287826 0.0163839
6 0.4800421 0.4437459 0.0287826 0.0163839
27 0.6265720 0.4437459 0.0287827 0.0163839
22 0.6998369 0.4437459 0.0287827 0.0163839
10 0.5533070 0.5027279 0.0287827 0.0163839
26 0.6265720 0.5027279 0.0287827 0.0163839
5 0.6998369 0.5027279 0.0287827 0.0163839
3 0.7731018 0.5027279 0.0287826 0.0163839
31 0.3335123 0.5617100 0.0287827 0.0163839
17 0.4800421 0.5617100 0.0287826 0.0163839
18 0.5533070 0.5617100 0.0287827 0.0163839
14 0.6265720 0.5617100 0.0287827 0.0163839
13 0.6998369 0.5617100 0.0287827 0.0163839
1 0.7731018 0.5617100 0.0287826 0.0163839
25 0.6265720 0.3257817 0.0287827 0.0163839
3 0.7731018 0.3842177 0.0287826 0.0152916
16 0.4067773 0.5617100 0.0287826 0.0163839
17 0.4800421 0.5027279 0.0287826 0.0163839
29 0.6265720 0.3842177 0.0287827 0.0152916
10 0.6998369 0.3257817 0.0287827 0.0163839
4 0.5533070 0.4437459 0.0287827 0.0163839
28 0.4067773 0.5027279 0.0287826 0.0163839
2 0.7731018 0.3257817 0.0287826 0.0163839
25 0.3335123 0.5027279 0.0287827 0.0163839
