24 0.2806021 0.4617996 0.0282794 0.0160902
16 0.4245698 0.5776494 0.0282794 0.0160902
32 0.2799594 0.4371279 0.5154557 0.4751987
33 0.3590131 0.2129371 0.0128543 0.0139449
5 0.0646506 0.3459498 0.0282794 0.0160903
26 0.1366344 0.3459498 0.0282794 0.0160903
10 0.2086183 0.3459498 0.0282794 0.0160903
23 0.4965536 0.3459498 0.0282794 0.0160903
20 0.1366344 0.4038747 0.0282794 0.0160903
6 0.2086183 0.4038747 0.0282794 0.0160903
7 0.2806021 0.4038747 0.0282794 0.0160903
31 0.0646506 0.4617996 0.0282794 0.0160902
8 0.1366344 0.4617996 0.0282794 0.0160902
22 0.2086183 0.4617996 0.0282794 0.0160902
15 0.3525860 0.4617996 0.0282794 0.0160902
30 0.4245698 0.4617996 0.0282794 0.0160902
17 0.4965536 0.4617996 0.0282794 0.0160902
3 0.1366344 0.5197245 0.0282794 0.0160903
4 0.2086183 0.5197245 0.0282794 0.0160903
18 0.2806021 0.5197245 0.0282794 0.0160903
16 0.3525860 0.5197245 0.0282794 0.0160903
34 0.4965536 0.5202608 0.0668422 0.0579249
4 0.4965536 0.5197245 0.0282794 0.0160903
13 0.0646506 0.5776494 0.0282794 0.0160902
29 0.1366344 0.5776494 0.0282794 0.0160902
12 0.2086183 0.5776494 0.0282794 0.0160902
2 0.2806021 0.5776494 0.0282794 0.0160902
24 0.3525860 0.5776494 0.0282794 0.0160902
9 0.4965536 0.5776494 0.0282794 0.0160902
28 0.1366344 0.6355743 0.0282794 0.0160902
1 0.2086183 0.6355743 0.0282794 0.0160902
19 0.2806021 0.6355743 0.0282794 0.0160902
27 0.3525860 0.6355743 0.0282794 0.0160902
14 0.4245698 0.6355743 0.0282794 0.0160902
4 0.4245698 0.3459498 0.0282794 0.0160903
13 0.4965536 0.6355743 0.0282794 0.0160902
2 0.4965536 0.4038747 0.0282794 0.0160903
2 0.4245698 0.4038747 0.0282794 0.0160903
17 0.4245698 0.5197245 0.0282794 0.0160903
13 0.0646506 0.6355743 0.0282794 0.0160902
20 0.0646506 0.4038747 0.0282794 0.0160903
3 0.0646506 0.5197245 0.0282794 0.0160903
24 0.3525860 0.4038747 0.0282794 0.0160903
27 0.2806021 0.3459498 0.0282794 0.0160903
23 0.3525860 0.3459498 0.0282794 0.0160903
