13 0.5368898 0.5159622 0.0252916 0.0164783
12 0.5368898 0.4670764 0.0252916 0.0153798
32 0.4886059 0.3879805 0.4345550 0.3669173
33 0.6679460 0.2490133 0.0091969 0.0142812
5 0.5368898 0.3231658 0.0252916 0.0153798
12 0.5909218 0.3231658 0.0252915 0.0153798
11 0.6461034 0.3231658 0.0252915 0.0153798
2 0.3207619 0.3704036 0.0252915 0.0153797
25 0.3759435 0.3704036 0.0252915 0.0153797
20 0.4834326 0.3704036 0.0241419 0.0153797
31 0.5368898 0.3704036 0.0252916 0.0153797
27 0.5909218 0.3704036 0.0252915 0.0153797
9 0.3207619 0.4187400 0.0252915 0.0153798
13 0.3759435 0.4187400 0.0252915 0.0153798
30 0.4294007 0.4187400 0.0241419 0.0153798
1 0.4834326 0.4187400 0.0241419 0.0153798
3 0.5368898 0.4187400 0.0252916 0.0153798
17 0.5909218 0.4187400 0.0252915 0.0153798
16 0.6461034 0.4187400 0.0252915 0.0153798
21 0.3207619 0.4670764 0.0252915 0.0153798
24 0.3759435 0.4670764 0.0252915 0.0153798
35 0.4299755 0.4670764 0.0459846 0.0439422
25 0.4294007 0.4670764 0.0241419 0.0153798
26 0.4834326 0.4670764 0.0241419 0.0153798
7 0.3759435 0.5159622 0.0252915 0.0164783
23 0.4834326 0.5159622 0.0241419 0.0164783
28 0.6461034 0.5159622 0.0252915 0.0164783
3 0.5909218 0.5159622 0.0252915 0.0164783
14 0.6461034 0.3704036 0.0252915 0.0153797
17 0.3759435 0.3231658 0.0252915 0.0153798
24 0.3207619 0.3231658 0.0252915 0.0153798
20 0.4294007 0.5159622 0.0241419 0.0164783
14 0.6461034 0.4670764 0.0252915 0.0153798
15 0.4294007 0.3704036 0.0241419 0.0153797
8 0.5909218 0.4670764 0.0252915 0.0153798
30 0.4834326 0.3231658 0.0241419 0.0153798
31 0.4294007 0.3231658 0.0241419 0.0153798
6 0.3207619 0.5159622 0.0252915 0.0164783
