8 0.2923210 0.4290451 0.0235835 0.0156814
16 0.3933933 0.4290451 0.0235835 0.0156814
32 0.3333114 0.3024742 0.3840747 0.4906022
33 0.4658284 0.1114978 0.0134763 0.0190416
8 0.1912487 0.2145467 0.0235835 0.0168015
27 0.2923210 0.2145467 0.0235835 0.0168015
30 0.4439294 0.2145467 0.0235835 0.0168015
15 0.2417848 0.2862328 0.0235835 0.0168015
9 0.2923210 0.2862328 0.0235835 0.0168015
3 0.3428571 0.2862328 0.0235835 0.0168015
22 0.3933933 0.2862328 0.0235835 0.0168015
26 0.4944655 0.2862328 0.0235835 0.0168015
1 0.2923210 0.3579190 0.0235835 0.0168015
21 0.3933933 0.3579190 0.0235835 0.0168015
18 0.4439294 0.3579190 0.0235835 0.0168015
12 0.4944655 0.3579190 0.0235835 0.0168015
2 0.1912487 0.4290451 0.0235835 0.0156814
17 0.3428571 0.4290451 0.0235835 0.0156814
34 0.4439294 0.4296052 0.0437980 0.0436838
31 0.4439294 0.4290451 0.0235835 0.0156814
19 0.4944655 0.4290451 0.0235835 0.0156814
4 0.2417848 0.5007313 0.0235835 0.0156814
25 0.2923210 0.5007313 0.0235835 0.0156814
13 0.3428571 0.5007313 0.0235835 0.0156814
31 0.3933933 0.5007313 0.0235835 0.0156814
20 0.4439294 0.5007313 0.0235835 0.0156814
28 0.4944655 0.5007313 0.0235835 0.0156814
30 0.3933933 0.2145467 0.0235835 0.0168015
1 0.4439294 0.2862328 0.0235835 0.0168015
7 0.3428571 0.2145467 0.0235835 0.0168015
28 0.3428571 0.3579190 0.0235835 0.0168015
25 0.2417848 0.3579190 0.0235835 0.0168015
10 0.2417848 0.2145467 0.0235835 0.0168015
19 0.4944655 0.2145467 0.0235835 0.0168015
1 0.1912487 0.3579190 0.0235835 0.0168015
13 0.2417848 0.4290451 0.0235835 0.0156814
13 0.1912487 0.2862328 0.0235835 0.0168015
5 0.1912487 0.5007313 0.0235835 0.0156814
