29 0.7392702 0.5745806 0.0270515 0.0170883
2 0.6704118 0.5130628 0.0270515 0.0170883
32 0.6015534 0.6036306 0.4967645 0.5058129
33 0.6771747 0.3626860 0.0110665 0.0148098
17 0.3949781 0.4515450 0.0270515 0.0170883
16 0.4638365 0.4515450 0.0270515 0.0170883
3 0.5326949 0.4515450 0.0270515 0.0170883
19 0.6015534 0.4515450 0.0270515 0.0170883
13 0.6704118 0.4515450 0.0270515 0.0170883
8 0.7392702 0.4515450 0.0270515 0.0170883
4 0.4638365 0.5130628 0.0270515 0.0170883
5 0.7392702 0.5130628 0.0270515 0.0170883
14 0.4638365 0.5745806 0.0270515 0.0170883
25 0.5326949 0.5745806 0.0270515 0.0170883
26 0.6015534 0.5745806 0.0270515 0.0170883
6 0.6704118 0.5745806 0.0270515 0.0170883
30 0.8081287 0.5745806 0.0270515 0.0170883
22 0.5326949 0.6360984 0.0270515 0.0170883
10 0.6015534 0.6360984 0.0270515 0.0170883
34 0.6704118 0.6366680 0.0639400 0.0615178
14 0.6704118 0.6360984 0.0270515 0.0170883
1 0.8081287 0.6360984 0.0270515 0.0170883
2 0.4638365 0.6976162 0.0270515 0.0170883
27 0.6015534 0.6976162 0.0270515 0.0170883
24 0.6704118 0.6976162 0.0270515 0.0170883
12 0.7392702 0.6976162 0.0270515 0.0170883
29 0.8081287 0.6976162 0.0270515 0.0170883
31 0.5326949 0.5130628 0.0270515 0.0170883
2 0.7392702 0.6360984 0.0270515 0.0170883
31 0.3949781 0.5745806 0.0270515 0.0170883
8 0.3949781 0.6976162 0.0270515 0.0170883
16 0.4638365 0.6360984 0.0270515 0.0170883
15 0.3949781 0.6360984 0.0270515 0.0170883
2 0.8081287 0.5130628 0.0270515 0.0170883
18 0.3949781 0.5130628 0.0270515 0.0170883
17 0.8081287 0.4515450 0.0270515 0.0170883
5 0.5326949 0.6976162 0.0270515 0.0170883
11 0.6015534 0.5130628 0.0270515 0.0170883
