14 0.5324215 0.6917903 0.0262847 0.0159989
14 0.3986084 0.5190017 0.0262848 0.0159990
32 0.5324215 0.5461999 0.4826830 0.4735690
33 0.6058993 0.3206146 0.0107528 0.0138658
34 0.3317019 0.4043425 0.0621275 0.0575962
5 0.3317019 0.4038092 0.0262847 0.0159990
4 0.5324215 0.4038092 0.0262847 0.0159990
17 0.6662347 0.4038092 0.0262846 0.0159990
10 0.7331412 0.4038092 0.0262847 0.0159990
2 0.3986084 0.4614054 0.0262848 0.0159990
25 0.4655150 0.4614054 0.0262848 0.0159990
19 0.5993281 0.4614054 0.0262847 0.0159990
30 0.7331412 0.4614054 0.0262847 0.0159990
22 0.3317019 0.5190017 0.0262847 0.0159990
27 0.4655150 0.5190017 0.0262848 0.0159990
18 0.5993281 0.5190017 0.0262847 0.0159990
9 0.6662347 0.5190017 0.0262846 0.0159990
1 0.7331412 0.5190017 0.0262847 0.0159990
3 0.3317019 0.5765978 0.0262847 0.0159989
13 0.3986084 0.5765978 0.0262848 0.0159989
11 0.4655150 0.5765978 0.0262848 0.0159989
23 0.5324215 0.5765978 0.0262847 0.0159989
26 0.6662347 0.5765978 0.0262846 0.0159989
15 0.3317019 0.6341941 0.0262847 0.0159989
5 0.3986084 0.6341941 0.0262848 0.0159989
28 0.4655150 0.6341941 0.0262848 0.0159989
6 0.5324215 0.6341941 0.0262847 0.0159989
7 0.6662347 0.6341941 0.0262846 0.0159989
21 0.7331412 0.6341941 0.0262847 0.0159989
12 0.3317019 0.6917903 0.0262847 0.0159989
31 0.3986084 0.6917903 0.0262848 0.0159989
24 0.4655150 0.6917903 0.0262848 0.0159989
16 0.5993281 0.6917903 0.0262847 0.0159989
8 0.6662347 0.6917903 0.0262846 0.0159989
31 0.7331412 0.6917903 0.0262847 0.0159989
6 0.5324215 0.4614054 0.0262847 0.0159990
17 0.6662347 0.4614054 0.0262846 0.0159990
27 0.5324215 0.5190017 0.0262847 0.0159990
15 0.5993281 0.6341941 0.0262847 0.0159989
5 0.3317019 0.4614054 0.0262847 0.0159990
17 0.3986084 0.4038092 0.0262848 0.0159990
16 0.5993281 0.5765978 0.0262847 0.0159989
26 0.7331412 0.5765978 0.0262847 0.0159989
6 0.4655150 0.4038092 0.0262848 0.0159990
1 0.5993281 0.4038092 0.0262847 0.0159990
