23 0.3320637 0.7183683 0.0271608 0.0169009
1 0.4703365 0.4141521 0.0271608 0.0169009
32 0.4697192 0.5493592 0.4950663 0.4901259
33 0.5462632 0.3166903 0.0111112 0.0135207
13 0.2629272 0.4141521 0.0271607 0.0169009
9 0.3320637 0.4141521 0.0271608 0.0169009
18 0.4012001 0.4141521 0.0271608 0.0169009
4 0.6086095 0.4141521 0.0271608 0.0169009
28 0.2629272 0.4749953 0.0271607 0.0169009
29 0.3320637 0.4749953 0.0271608 0.0169009
5 0.4703365 0.4749953 0.0271608 0.0169009
7 0.6777459 0.4749953 0.0271608 0.0169009
15 0.4703365 0.5358385 0.0271608 0.0169009
2 0.5394730 0.5358385 0.0271607 0.0169009
10 0.6086095 0.5358385 0.0271608 0.0169009
21 0.6777459 0.5358385 0.0271608 0.0169009
34 0.2629272 0.5972451 0.0641981 0.0608432
28 0.2629272 0.5966818 0.0271607 0.0169009
17 0.3320637 0.5966818 0.0271608 0.0169009
12 0.4012001 0.5966818 0.0271608 0.0169009
24 0.4703365 0.5966818 0.0271608 0.0169009
22 0.5394730 0.5966818 0.0271607 0.0169009
16 0.6086095 0.5966818 0.0271608 0.0169009
6 0.6777459 0.5966818 0.0271608 0.0169009
30 0.2629272 0.6575250 0.0271607 0.0169009
27 0.3320637 0.6575250 0.0271608 0.0169009
23 0.4012001 0.6575250 0.0271608 0.0169009
11 0.5394730 0.6575250 0.0271607 0.0169009
14 0.6086095 0.6575250 0.0271608 0.0169009
25 0.6777459 0.6575250 0.0271608 0.0169009
3 0.4703365 0.7183683 0.0271608 0.0169009
1 0.5394730 0.7183683 0.0271607 0.0169009
20 0.6086095 0.7183683 0.0271608 0.0169009
31 0.6777459 0.7183683 0.0271608 0.0169009
25 0.4012001 0.7183683 0.0271608 0.0169009
23 0.3320637 0.5358385 0.0271608 0.0169009
24 0.4012001 0.5358385 0.0271608 0.0169009
6 0.5394730 0.4141521 0.0271607 0.0169009
31 0.4703365 0.6575250 0.0271608 0.0169009
25 0.4012001 0.4749953 0.0271608 0.0169009
5 0.6086095 0.4749953 0.0271608 0.0169009
23 0.2629272 0.5358385 0.0271607 0.0169009
25 0.5394730 0.4749953 0.0271607 0.0169009
7 0.6777459 0.4141521 0.0271608 0.0169009
28 0.2629272 0.7183683 0.0271607 0.0169009
