25 0.1947215 0.4263731 0.0281411 0.0163163
14 0.4096175 0.4851115 0.0281412 0.0163162
32 0.4089780 0.3219491 0.5129362 0.4731709
33 0.4882848 0.0973289 0.0115123 0.0130530
4 0.1947215 0.1914192 0.0281411 0.0163163
24 0.2663535 0.1914192 0.0281411 0.0163163
21 0.3379855 0.1914192 0.0281412 0.0163163
13 0.4096175 0.1914192 0.0281412 0.0163163
1 0.4812495 0.1914192 0.0281411 0.0163163
31 0.5528815 0.1914192 0.0281411 0.0163163
20 0.3379855 0.2501576 0.0281412 0.0163163
5 0.4812495 0.2501576 0.0281411 0.0163163
10 0.5528815 0.2501576 0.0281411 0.0163163
30 0.6245135 0.2501576 0.0281411 0.0163163
7 0.1947215 0.3088961 0.0281411 0.0163163
23 0.3379855 0.3088961 0.0281412 0.0163163
2 0.4096175 0.3088961 0.0281412 0.0163163
27 0.4812495 0.3088961 0.0281411 0.0163163
16 0.5528815 0.3088961 0.0281411 0.0163163
14 0.6245135 0.3088961 0.0281411 0.0163163
8 0.1947215 0.3676346 0.0281411 0.0163163
28 0.2663535 0.3676346 0.0281411 0.0163163
34 0.3379855 0.3681784 0.0665155 0.0587385
11 0.3379855 0.3676346 0.0281412 0.0163163
15 0.5528815 0.3676346 0.0281411 0.0163163
6 0.6245135 0.3676346 0.0281411 0.0163163
17 0.3379855 0.4263731 0.0281412 0.0163163
11 0.4096175 0.4263731 0.0281412 0.0163163
29 0.5528815 0.4263731 0.0281411 0.0163163
25 0.6245135 0.4263731 0.0281411 0.0163163
19 0.1947215 0.4851115 0.0281411 0.0163162
12 0.4812495 0.4851115 0.0281411 0.0163162
9 0.5528815 0.4851115 0.0281411 0.0163162
26 0.6245135 0.4851115 0.0281411 0.0163162
26 0.3379855 0.4851115 0.0281412 0.0163162
2 0.2663535 0.4263731 0.0281411 0.0163163
4 0.4812495 0.4263731 0.0281411 0.0163163
31 0.6245135 0.1914192 0.0281411 0.0163163
31 0.2663535 0.4851115 0.0281411 0.0163162
21 0.4812495 0.3676346 0.0281411 0.0163163
25 0.2663535 0.2501576 0.0281411 0.0163163
31 0.2663535 0.3088961 0.0281411 0.0163163
5 0.4096175 0.2501576 0.0281412 0.0163163
16 0.4096175 0.3676346 0.0281412 0.0163163
19 0.1947215 0.2501576 0.0281411 0.0163163
