11 0.6922934 0.2751427 0.0263572 0.0164826
12 0.7593843 0.2158052 0.0263572 0.0164826
32 0.5575123 0.3092068 0.4804196 0.4867876
33 0.6311926 0.0795486 0.0119806 0.0142850
8 0.3568383 0.2158052 0.0263572 0.0164826
13 0.4239293 0.2158052 0.0263572 0.0164826
4 0.4910203 0.2158052 0.0263572 0.0164826
26 0.5581113 0.2158052 0.0263572 0.0164826
2 0.6922934 0.2158052 0.0263572 0.0164826
10 0.6252023 0.2751427 0.0263572 0.0164826
5 0.7593843 0.2751427 0.0263572 0.0164826
28 0.3568383 0.3344803 0.0263572 0.0164826
31 0.4239293 0.3344803 0.0263572 0.0164826
12 0.4910203 0.3344803 0.0263572 0.0164826
11 0.5581113 0.3344803 0.0263572 0.0164826
21 0.6252023 0.3344803 0.0263572 0.0164826
17 0.7593843 0.3344803 0.0263572 0.0164826
1 0.3568383 0.3938178 0.0263572 0.0164827
34 0.4239293 0.3943672 0.0622988 0.0593376
31 0.4239293 0.3938178 0.0263572 0.0164827
24 0.4910203 0.3938178 0.0263572 0.0164827
20 0.5581113 0.3938178 0.0263572 0.0164827
19 0.6252023 0.3938178 0.0263572 0.0164827
3 0.7593843 0.3938178 0.0263572 0.0164827
30 0.3568383 0.4531553 0.0263572 0.0164826
15 0.5581113 0.4531553 0.0263572 0.0164826
6 0.6252023 0.4531553 0.0263572 0.0164826
25 0.6252023 0.2158052 0.0263572 0.0164826
12 0.7593843 0.4531553 0.0263572 0.0164826
24 0.6922934 0.3344803 0.0263572 0.0164826
21 0.4239293 0.2751427 0.0263572 0.0164826
7 0.4239293 0.4531553 0.0263572 0.0164826
12 0.4910203 0.4531553 0.0263572 0.0164826
17 0.6922934 0.4531553 0.0263572 0.0164826
22 0.6922934 0.3938178 0.0263572 0.0164827
17 0.5581113 0.2751427 0.0263572 0.0164826
5 0.3568383 0.2751427 0.0263572 0.0164826
10 0.4910203 0.2751427 0.0263572 0.0164826
