25 0.7721783 0.6819347 0.0232726 0.0170045
1 0.9902866 0.4461394 0.0194268 0.0170045
32 0.8448333 0.4909178 0.3103334 0.4330470
13 0.8261282 0.3871906 0.0232725 0.0170045
30 0.8816650 0.3871906 0.0222148 0.0170045
9 0.9902866 0.3871906 0.0194268 0.0170045
1 0.7171705 0.4461394 0.0232725 0.0170045
34 0.7721783 0.4461394 0.0465451 0.0510134
1 0.7721783 0.4461394 0.0232726 0.0170045
8 0.8261282 0.4461394 0.0232725 0.0170045
27 0.9366728 0.4461394 0.0222146 0.0170045
26 0.7171705 0.5056550 0.0232725 0.0158708
5 0.8261282 0.5056550 0.0232725 0.0158708
23 0.8816650 0.5056550 0.0222148 0.0158708
29 0.7721783 0.5646038 0.0232726 0.0158708
24 0.8816650 0.5646038 0.0222148 0.0158708
16 0.9902866 0.5646038 0.0194268 0.0158708
28 0.7171705 0.6224190 0.0232725 0.0158708
7 0.7721783 0.6224190 0.0232726 0.0158708
2 0.8261282 0.6224190 0.0232725 0.0158708
14 0.9366728 0.6224190 0.0222146 0.0158708
20 0.9902866 0.6224190 0.0194268 0.0158708
3 0.7171705 0.6819347 0.0232725 0.0170045
22 0.8261282 0.6819347 0.0232725 0.0170045
21 0.8816650 0.6819347 0.0222148 0.0170045
10 0.9366728 0.6819347 0.0222146 0.0170045
25 0.9902866 0.6819347 0.0194268 0.0170045
13 0.8261282 0.5646038 0.0232725 0.0158708
1 0.9366728 0.5646038 0.0222146 0.0158708
4 0.7721783 0.3871906 0.0232726 0.0170045
29 0.7171705 0.5646038 0.0232725 0.0158708
26 0.7721783 0.5056550 0.0232726 0.0158708
3 0.8816650 0.4461394 0.0222148 0.0170045
14 0.8816650 0.6224190 0.0222148 0.0158708
15 0.7171705 0.3871906 0.0232725 0.0170045
18 0.9366728 0.3871906 0.0222146 0.0170045
23 0.9902866 0.5056550 0.0194268 0.0158708
28 0.9366728 0.5056550 0.0222146 0.0158708
