1 0.4967950 0.3814377 0.0225260 0.0164940
10 0.3965008 0.2841230 0.0235986 0.0153944
32 0.4989404 0.2736768 0.4001043 0.4123504
33 0.6689579 0.1131350 0.0085813 0.0120956
11 0.3450128 0.1884577 0.0235986 0.0153944
5 0.3965008 0.1884577 0.0235986 0.0153944
9 0.4967950 0.1884577 0.0225260 0.0153944
19 0.5466740 0.1884577 0.0235986 0.0153944
18 0.5970893 0.1884577 0.0235986 0.0153944
26 0.6485772 0.1884577 0.0235987 0.0153944
30 0.3450128 0.2357405 0.0235986 0.0153944
14 0.3965008 0.2357405 0.0235986 0.0153944
4 0.4463797 0.2357405 0.0225260 0.0153944
1 0.6485772 0.2357405 0.0235987 0.0153944
22 0.3450128 0.2841230 0.0235986 0.0153944
7 0.4463797 0.2841230 0.0225260 0.0153944
31 0.4967950 0.2841230 0.0225260 0.0153944
28 0.5970893 0.2841230 0.0235986 0.0153944
15 0.3965008 0.3325054 0.0235986 0.0153944
24 0.4463797 0.3325054 0.0225260 0.0153944
2 0.4967950 0.3325054 0.0225260 0.0153944
16 0.5970893 0.3325054 0.0235986 0.0153944
17 0.3450128 0.3814377 0.0235986 0.0164940
3 0.4463797 0.3814377 0.0225260 0.0164940
23 0.5466740 0.3814377 0.0235986 0.0164940
13 0.5970893 0.3814377 0.0235986 0.0164940
12 0.6485772 0.3814377 0.0235987 0.0164940
6 0.3450128 0.4298201 0.0235986 0.0164940
8 0.3965008 0.4298201 0.0235986 0.0164940
35 0.4469161 0.4298201 0.0429066 0.0428845
30 0.4463797 0.4298201 0.0225260 0.0164940
27 0.4967950 0.4298201 0.0225260 0.0164940
20 0.5466740 0.4298201 0.0235986 0.0164940
10 0.5970893 0.4298201 0.0235986 0.0164940
15 0.5970893 0.2357405 0.0235986 0.0153944
7 0.4967950 0.2357405 0.0225260 0.0153944
14 0.4463797 0.1884577 0.0225260 0.0153944
29 0.5466740 0.2357405 0.0235986 0.0153944
3 0.5466740 0.3325054 0.0235986 0.0153944
21 0.3450128 0.3325054 0.0235986 0.0153944
19 0.6485772 0.2841230 0.0235987 0.0153944
9 0.5466740 0.2841230 0.0235986 0.0153944
26 0.6485772 0.4298201 0.0235987 0.0164940
17 0.6485772 0.3325054 0.0235987 0.0153944
4 0.3965008 0.3814377 0.0235986 0.0164940
