25 0.6493335 0.4846389 0.0232792 0.0149581
20 0.8694275 0.4846389 0.0232791 0.0149581
32 0.7535607 0.4520515 0.3819901 0.3664740
33 0.9323872 0.2821700 0.0095233 0.0138897
2 0.5943100 0.3729872 0.0232791 0.0160266
25 0.6493335 0.3729872 0.0232792 0.0160266
28 0.8138749 0.3729872 0.0222211 0.0160266
13 0.9233929 0.3729872 0.0232792 0.0160266
23 0.6493335 0.4285459 0.0232792 0.0160266
4 0.8138749 0.4285459 0.0222211 0.0160266
10 0.8694275 0.4285459 0.0232791 0.0160266
31 0.9233929 0.4285459 0.0232792 0.0160266
22 0.5943100 0.4846389 0.0232791 0.0149581
24 0.8138749 0.4846389 0.0222211 0.0149581
20 0.9233929 0.4846389 0.0232792 0.0149581
27 0.5943100 0.5401976 0.0232791 0.0149581
9 0.6493335 0.5401976 0.0232792 0.0149581
29 0.7032989 0.5401976 0.0232791 0.0149581
15 0.7588515 0.5401976 0.0222210 0.0149581
11 0.9233929 0.5401976 0.0232792 0.0149581
7 0.5943100 0.5946879 0.0232791 0.0149581
16 0.6493335 0.5946879 0.0232792 0.0149581
12 0.7032989 0.5946879 0.0232791 0.0149581
18 0.7588515 0.5946879 0.0222210 0.0149581
34 0.8144040 0.5946879 0.0465583 0.0470112
24 0.8138749 0.5946879 0.0222211 0.0149581
14 0.9233929 0.5946879 0.0232792 0.0149581
3 0.5943100 0.4285459 0.0232791 0.0160266
26 0.7588515 0.4285459 0.0222210 0.0160266
1 0.8138749 0.5401976 0.0222211 0.0149581
3 0.7588515 0.3729872 0.0222210 0.0160266
25 0.7032989 0.4285459 0.0232791 0.0160266
3 0.7032989 0.3729872 0.0232791 0.0160266
30 0.7032989 0.4846389 0.0232791 0.0149581
1 0.7588515 0.4846389 0.0222210 0.0149581
28 0.8694275 0.5401976 0.0232791 0.0149581
3 0.8694275 0.5946879 0.0232791 0.0149581
27 0.8694275 0.3729872 0.0232791 0.0160266
