11 0.4804291 0.5372072 0.0283076 0.0168077
17 0.1201502 0.3556840 0.0283076 0.0168077
32 0.2642618 0.5052726 0.5198310 0.4975080
33 0.3433945 0.2682839 0.0115804 0.0145667
4 0.2642618 0.3556840 0.0283076 0.0168077
18 0.3363175 0.3556840 0.0283076 0.0168077
23 0.4083733 0.3556840 0.0283076 0.0168077
34 0.4804291 0.3562442 0.0669090 0.0605077
8 0.4804291 0.3556840 0.0283076 0.0168077
19 0.0480944 0.4161917 0.0283076 0.0168077
26 0.1922060 0.4161917 0.0283076 0.0168077
12 0.2642618 0.4161917 0.0283076 0.0168077
1 0.4083733 0.4161917 0.0283076 0.0168077
15 0.4804291 0.4161917 0.0283076 0.0168077
10 0.0480944 0.4766995 0.0283076 0.0168077
25 0.1201502 0.4766995 0.0283076 0.0168077
13 0.2642618 0.4766995 0.0283076 0.0168077
7 0.1201502 0.5372072 0.0283076 0.0168077
14 0.1922060 0.5372072 0.0283076 0.0168077
22 0.2642618 0.5372072 0.0283076 0.0168077
27 0.4083733 0.5372072 0.0283076 0.0168077
3 0.0480944 0.5977149 0.0283076 0.0168077
24 0.1201502 0.5977149 0.0283076 0.0168077
31 0.1922060 0.5977149 0.0283076 0.0168077
17 0.3363175 0.5977149 0.0283076 0.0168077
28 0.4083733 0.5977149 0.0283076 0.0168077
29 0.4804291 0.5977149 0.0283076 0.0168077
29 0.1922060 0.3556840 0.0283076 0.0168077
17 0.1922060 0.4766995 0.0283076 0.0168077
23 0.3363175 0.5372072 0.0283076 0.0168077
22 0.2642618 0.5977149 0.0283076 0.0168077
4 0.4804291 0.4766995 0.0283076 0.0168077
15 0.0480944 0.3556840 0.0283076 0.0168077
4 0.3363175 0.4766995 0.0283076 0.0168077
15 0.4083733 0.4766995 0.0283076 0.0168077
19 0.3363175 0.4161917 0.0283076 0.0168077
27 0.0480944 0.5372072 0.0283076 0.0168077
27 0.1201502 0.4161917 0.0283076 0.0168077
