4 0.3159128 0.6334313 0.0277382 0.0169380
18 0.1040934 0.6334313 0.0277383 0.0169380
32 0.3152824 0.5250281 0.5055927 0.4912015
33 0.3934538 0.2918486 0.0113475 0.0135504
11 0.1040934 0.3895243 0.0277383 0.0169380
6 0.1746998 0.3895243 0.0277382 0.0169380
1 0.2453063 0.3895243 0.0277382 0.0169380
16 0.4571257 0.3895243 0.0277383 0.0169380
5 0.5277322 0.3895243 0.0277383 0.0169380
27 0.1040934 0.4505010 0.0277383 0.0169380
12 0.2453063 0.4505010 0.0277382 0.0169380
28 0.3159128 0.4505010 0.0277382 0.0169380
9 0.3865192 0.4505010 0.0277383 0.0169380
4 0.5277322 0.4505010 0.0277383 0.0169380
10 0.1040934 0.5114777 0.0277383 0.0169379
19 0.1746998 0.5114777 0.0277382 0.0169379
23 0.2453063 0.5114777 0.0277382 0.0169379
20 0.3159128 0.5114777 0.0277382 0.0169379
2 0.4571257 0.5114777 0.0277383 0.0169379
13 0.1746998 0.5724544 0.0277382 0.0169380
15 0.2453063 0.5724544 0.0277382 0.0169380
30 0.3865192 0.5724544 0.0277383 0.0169380
7 0.4571257 0.5724544 0.0277383 0.0169380
8 0.5277322 0.5724544 0.0277383 0.0169380
17 0.1746998 0.6334313 0.0277382 0.0169380
34 0.2453063 0.6339958 0.0655632 0.0609768
7 0.2453063 0.6334313 0.0277382 0.0169380
6 0.1040934 0.5724544 0.0277383 0.0169380
3 0.4571257 0.4505010 0.0277383 0.0169380
3 0.3159128 0.3895243 0.0277382 0.0169380
20 0.3865192 0.5114777 0.0277383 0.0169379
24 0.4571257 0.6334313 0.0277383 0.0169380
24 0.3159128 0.5724544 0.0277382 0.0169380
26 0.3865192 0.6334313 0.0277383 0.0169380
31 0.1746998 0.4505010 0.0277382 0.0169380
29 0.3865192 0.3895243 0.0277383 0.0169380
29 0.5277322 0.5114777 0.0277383 0.0169379
31 0.5277322 0.6334313 0.0277383 0.0169380
