9 0.5559827 0.6320289 0.0254443 0.0149127
31 0.6768431 0.5766389 0.0242877 0.0149127
32 0.6155455 0.5627913 0.4175176 0.4069040
33 0.8046428 0.3758498 0.0115656 0.0159779
23 0.4368572 0.4653261 0.0254443 0.0159779
12 0.4969983 0.4653261 0.0254443 0.0159779
26 0.5559827 0.4653261 0.0254443 0.0159779
2 0.6768431 0.4653261 0.0242877 0.0159779
18 0.7965469 0.4653261 0.0254443 0.0159779
16 0.4368572 0.5207161 0.0254443 0.0159779
25 0.4969983 0.5207161 0.0254443 0.0159779
4 0.5559827 0.5207161 0.0254443 0.0159779
13 0.7375625 0.5207161 0.0254442 0.0159779
7 0.7965469 0.5207161 0.0254443 0.0159779
31 0.4368572 0.5766389 0.0254443 0.0149127
11 0.4969983 0.5766389 0.0254443 0.0149127
3 0.5559827 0.5766389 0.0254443 0.0149127
20 0.6167021 0.5766389 0.0242877 0.0149127
29 0.7375625 0.5766389 0.0254442 0.0149127
17 0.7965469 0.5766389 0.0254443 0.0149127
22 0.4368572 0.6320289 0.0254443 0.0149127
5 0.4969983 0.6320289 0.0254443 0.0149127
8 0.6167021 0.6320289 0.0242877 0.0149127
27 0.6768431 0.6320289 0.0242877 0.0149127
9 0.4368572 0.6863538 0.0254443 0.0149127
10 0.4969983 0.6863538 0.0254443 0.0149127
14 0.6167021 0.6863538 0.0242877 0.0149127
1 0.7965469 0.6863538 0.0254443 0.0149127
19 0.4969983 0.7422765 0.0254443 0.0159779
15 0.5559827 0.7422765 0.0254443 0.0159779
28 0.6167021 0.7422765 0.0242877 0.0159779
34 0.6774214 0.7417438 0.0508885 0.0468685
17 0.6768431 0.7422765 0.0242877 0.0159779
24 0.7375625 0.7422765 0.0254442 0.0159779
29 0.6768431 0.6863538 0.0242877 0.0149127
29 0.4368572 0.7422765 0.0254443 0.0159779
28 0.7965469 0.7422765 0.0254443 0.0159779
15 0.7965469 0.6320289 0.0254443 0.0149127
22 0.6167021 0.5207161 0.0242877 0.0159779
14 0.6768431 0.5207161 0.0242877 0.0159779
18 0.5559827 0.6863538 0.0254443 0.0149127
1 0.7375625 0.6863538 0.0254442 0.0149127
5 0.7375625 0.4653261 0.0254442 0.0159779
16 0.7375625 0.6320289 0.0254442 0.0149127
21 0.6167021 0.4653261 0.0242877 0.0159779
