24 0.5503493 0.1273073 0.0237703 0.0149490
24 0.6011312 0.1273073 0.0237703 0.0149490
32 0.5049697 0.1619119 0.4084164 0.3216016
33 0.6735224 0.0093166 0.0086437 0.0138813
22 0.3990839 0.0813924 0.0237702 0.0149490
16 0.4493256 0.0813924 0.0226898 0.0149490
5 0.5001076 0.0813924 0.0226898 0.0149490
30 0.3990839 0.1273073 0.0237702 0.0149490
13 0.4493256 0.1273073 0.0226898 0.0149490
18 0.6529936 0.1273073 0.0237703 0.0149490
25 0.3990839 0.1742900 0.0237702 0.0149490
8 0.4493256 0.1742900 0.0226898 0.0149490
1 0.6011312 0.1742900 0.0237703 0.0149490
28 0.6529936 0.1742900 0.0237703 0.0149490
29 0.3472215 0.2212728 0.0237703 0.0149491
10 0.3990839 0.2212728 0.0237702 0.0149491
35 0.4498659 0.2212727 0.0432187 0.0427116
17 0.4493256 0.2212728 0.0226898 0.0149491
7 0.6011312 0.2212728 0.0237703 0.0149491
11 0.6529936 0.2212728 0.0237703 0.0149491
27 0.3472215 0.2687894 0.0237703 0.0160168
19 0.3990839 0.2687894 0.0237702 0.0160168
20 0.4493256 0.2687894 0.0226898 0.0160168
3 0.5001076 0.2687894 0.0226898 0.0160168
15 0.5503493 0.2687894 0.0237703 0.0160168
21 0.6011312 0.2687894 0.0237703 0.0160168
24 0.6529936 0.2687894 0.0237703 0.0160168
26 0.5001076 0.1273073 0.0226898 0.0149490
26 0.6011312 0.0813924 0.0237703 0.0149490
28 0.3472215 0.1273073 0.0237703 0.0149490
12 0.5503493 0.0813924 0.0237703 0.0149490
19 0.5001076 0.1742900 0.0226898 0.0149490
26 0.3472215 0.1742900 0.0237703 0.0149490
7 0.3472215 0.0813924 0.0237703 0.0149490
8 0.5001076 0.2212728 0.0226898 0.0149491
26 0.5503493 0.2212728 0.0237703 0.0149491
19 0.5503493 0.1742900 0.0237703 0.0149490
25 0.6529936 0.0813924 0.0237703 0.0149490
