8 0.3775678 0.5932429 0.0244827 0.0167835
1 0.5350363 0.3957566 0.0233699 0.0156646
32 0.5372620 0.4343588 0.4150935 0.4195884
33 0.7136490 0.2709990 0.0089028 0.0123079
27 0.3775678 0.3476438 0.0244827 0.0156646
30 0.4309847 0.3476438 0.0244827 0.0156646
9 0.5350363 0.3476438 0.0233699 0.0156646
29 0.5867839 0.3476438 0.0244827 0.0156646
10 0.6390879 0.3476438 0.0244827 0.0156646
6 0.6925047 0.3476438 0.0244827 0.0156646
16 0.3775678 0.3957566 0.0244827 0.0156646
35 0.4832887 0.3957566 0.0445140 0.0447561
13 0.4827323 0.3957566 0.0233699 0.0156646
3 0.5867839 0.3957566 0.0244827 0.0156646
22 0.6390879 0.3957566 0.0244827 0.0156646
20 0.6925047 0.3957566 0.0244827 0.0156646
14 0.3775678 0.4449883 0.0244827 0.0156646
26 0.4309847 0.4449883 0.0244827 0.0156646
21 0.5350363 0.4449883 0.0233699 0.0156646
25 0.5867839 0.4449883 0.0244827 0.0156646
1 0.6390879 0.4449883 0.0244827 0.0156646
13 0.6925047 0.4449883 0.0244827 0.0156646
5 0.4309847 0.4942200 0.0244827 0.0156646
24 0.5867839 0.4942200 0.0244827 0.0156646
18 0.6390879 0.4942200 0.0244827 0.0156646
12 0.3775678 0.5440112 0.0244827 0.0167835
8 0.4309847 0.5440112 0.0244827 0.0167835
28 0.4827323 0.5440112 0.0233699 0.0167835
7 0.6390879 0.5440112 0.0244827 0.0167835
31 0.6925047 0.5440112 0.0244827 0.0167835
11 0.4309847 0.5932429 0.0244827 0.0167835
23 0.4827323 0.5932429 0.0233699 0.0167835
19 0.5867839 0.5932429 0.0244827 0.0167835
17 0.6390879 0.5932429 0.0244827 0.0167835
20 0.5350363 0.5932429 0.0233699 0.0167835
15 0.4827323 0.4449883 0.0233699 0.0156646
20 0.5867839 0.5440112 0.0244827 0.0167835
3 0.4827323 0.3476438 0.0233699 0.0156646
24 0.4309847 0.3957566 0.0244827 0.0156646
28 0.3775678 0.4942200 0.0244827 0.0156646
20 0.4827323 0.4942200 0.0233699 0.0156646
16 0.6925047 0.5932429 0.0244827 0.0167835
21 0.6925047 0.4942200 0.0244827 0.0156646
27 0.5350363 0.5440112 0.0233699 0.0167835
18 0.5350363 0.4942200 0.0233699 0.0156646
