24 0.3243481 0.2790545 0.0240063 0.0156372
24 0.4787522 0.2310260 0.0229151 0.0156372
32 0.4809346 0.3175890 0.4070159 0.4188534
33 0.6538890 0.1545155 0.0087296 0.0122864
1 0.3243481 0.2310260 0.0240063 0.0156372
27 0.4274660 0.2310260 0.0229151 0.0156372
21 0.5294928 0.2310260 0.0240063 0.0156372
17 0.6331563 0.2310260 0.0240063 0.0156372
12 0.3767254 0.2790545 0.0240063 0.0156372
16 0.4274660 0.2790545 0.0229151 0.0156372
5 0.4787522 0.2790545 0.0229151 0.0156372
15 0.5294928 0.2790545 0.0240063 0.0156372
30 0.5807789 0.2790545 0.0240063 0.0156372
8 0.6331563 0.2790545 0.0240063 0.0156372
10 0.3243481 0.3282000 0.0240063 0.0156372
35 0.3767254 0.3282000 0.0436478 0.0446777
17 0.3767254 0.3282000 0.0240063 0.0156372
20 0.4274660 0.3282000 0.0229151 0.0156372
24 0.5294928 0.3282000 0.0240063 0.0156372
23 0.5807789 0.3282000 0.0240063 0.0156372
29 0.6331563 0.3282000 0.0240063 0.0156372
7 0.3767254 0.3773454 0.0240063 0.0156372
3 0.4274660 0.3773454 0.0229151 0.0156372
9 0.5294928 0.3773454 0.0240063 0.0156372
18 0.6331563 0.3773454 0.0240063 0.0156372
19 0.3243481 0.4270494 0.0240063 0.0167541
28 0.3767254 0.4270494 0.0240063 0.0167541
11 0.4787522 0.4270494 0.0229151 0.0167541
26 0.5294928 0.4270494 0.0240063 0.0167541
25 0.6331563 0.4270494 0.0240063 0.0167541
31 0.3767254 0.4761948 0.0240063 0.0167541
6 0.4787522 0.4761948 0.0229151 0.0167541
4 0.5294928 0.4761948 0.0240063 0.0167541
22 0.6331563 0.4761948 0.0240063 0.0167541
18 0.3243481 0.4761948 0.0240063 0.0167541
2 0.5807789 0.4761948 0.0240063 0.0167541
5 0.4787522 0.3282000 0.0229151 0.0156372
16 0.5807789 0.2310260 0.0240063 0.0156372
23 0.5807789 0.4270494 0.0240063 0.0167541
1 0.4787522 0.3773454 0.0229151 0.0156372
22 0.4274660 0.4270494 0.0229151 0.0167541
26 0.3767254 0.2310260 0.0240063 0.0156372
12 0.4274660 0.4761948 0.0229151 0.0167541
1 0.3243481 0.3773454 0.0240063 0.0156372
26 0.5807789 0.3773454 0.0240063 0.0156372
