29 0.6228825 0.7720601 0.0287790 0.0151200
7 0.6961382 0.7720601 0.0287790 0.0151200
32 0.6235366 0.5922390 0.5297955 0.4762826
33 0.7013707 0.3805579 0.0104651 0.0118801
3 0.5496268 0.4809984 0.0287790 0.0162001
4 0.6961382 0.4809984 0.0287790 0.0162001
9 0.7693939 0.4809984 0.0287791 0.0162001
6 0.4763712 0.5387788 0.0287790 0.0151201
21 0.5496268 0.5387788 0.0287790 0.0151201
2 0.6961382 0.5387788 0.0287790 0.0151201
20 0.7693939 0.5387788 0.0287791 0.0151201
14 0.8426495 0.5387788 0.0287790 0.0151201
13 0.4031155 0.5976390 0.0287790 0.0162001
29 0.4763712 0.5976390 0.0287790 0.0162001
23 0.5496268 0.5976390 0.0287790 0.0162001
7 0.6228825 0.5976390 0.0287790 0.0162001
5 0.6961382 0.5976390 0.0287790 0.0162001
17 0.8426495 0.5976390 0.0287790 0.0162001
25 0.5496268 0.6559593 0.0287790 0.0162001
8 0.6228825 0.6559593 0.0287790 0.0162001
19 0.7693939 0.6559593 0.0287791 0.0162001
16 0.8426495 0.6559593 0.0287790 0.0162001
10 0.4031155 0.7142796 0.0287790 0.0162001
30 0.4763712 0.7142796 0.0287790 0.0162001
1 0.5496268 0.7142796 0.0287790 0.0162001
27 0.6228825 0.7142796 0.0287790 0.0162001
34 0.7693939 0.7137397 0.0680231 0.0583203
13 0.7693939 0.7142796 0.0287791 0.0162001
11 0.8426495 0.7142796 0.0287790 0.0162001
18 0.4031155 0.7720601 0.0287790 0.0151200
24 0.4763712 0.7720601 0.0287790 0.0151200
12 0.5496268 0.7720601 0.0287790 0.0151200
22 0.7693939 0.7720601 0.0287791 0.0151200
15 0.8426495 0.7720601 0.0287790 0.0151200
12 0.6961382 0.6559593 0.0287790 0.0162001
24 0.6228825 0.4809984 0.0287790 0.0162001
24 0.4031155 0.6559593 0.0287790 0.0162001
5 0.4031155 0.5387788 0.0287790 0.0151201
9 0.4763712 0.4809984 0.0287790 0.0162001
25 0.6228825 0.5387788 0.0287790 0.0151201
11 0.4031155 0.4809984 0.0287790 0.0162001
3 0.8426495 0.4809984 0.0287790 0.0162001
24 0.6961382 0.7142796 0.0287790 0.0162001
4 0.4763712 0.6559593 0.0287790 0.0162001
31 0.7693939 0.5976390 0.0287791 0.0162001
