9 0.4126725 0.4970879 0.0244383 0.0156074
9 0.6431706 0.3822624 0.0233275 0.0156074
32 0.5798530 0.3482607 0.4010112 0.3823800
33 0.7675841 0.1710059 0.0099975 0.0144925
5 0.4704359 0.2657648 0.0244383 0.0167222
17 0.5270884 0.2657648 0.0244384 0.0167222
9 0.5854072 0.2657648 0.0233275 0.0167222
13 0.7014894 0.2657648 0.0244383 0.0167222
21 0.7581420 0.2657648 0.0244383 0.0167222
20 0.4704359 0.3237349 0.0244383 0.0167221
19 0.5270884 0.3237349 0.0244384 0.0167221
15 0.4126725 0.3822624 0.0244383 0.0156074
4 0.4704359 0.3822624 0.0244383 0.0156074
22 0.5854072 0.3822624 0.0233275 0.0156074
10 0.7014894 0.3822624 0.0244383 0.0156074
30 0.7581420 0.3822624 0.0244383 0.0156074
29 0.4126725 0.4402326 0.0244383 0.0156074
2 0.4704359 0.4402326 0.0244383 0.0156074
14 0.5270884 0.4402326 0.0244384 0.0156074
23 0.5854072 0.4402326 0.0233275 0.0156074
24 0.7014894 0.4402326 0.0244383 0.0156074
1 0.7581420 0.4402326 0.0244383 0.0156074
18 0.4704359 0.4970879 0.0244383 0.0156074
26 0.5854072 0.4970879 0.0233275 0.0156074
6 0.6431706 0.4970879 0.0233275 0.0156074
34 0.7581420 0.4970879 0.0488767 0.0490516
23 0.7581420 0.4970879 0.0244383 0.0156074
26 0.7014894 0.4970879 0.0244383 0.0156074
31 0.7581420 0.3237349 0.0244383 0.0167221
29 0.5270884 0.3822624 0.0244384 0.0156074
20 0.5270884 0.4970879 0.0244384 0.0156074
31 0.6431706 0.4402326 0.0233275 0.0156074
9 0.7014894 0.3237349 0.0244383 0.0167221
2 0.6431706 0.3237349 0.0233275 0.0167221
30 0.5854072 0.3237349 0.0233275 0.0167221
6 0.6431706 0.2657648 0.0233275 0.0167222
25 0.4126725 0.2657648 0.0244383 0.0167222
26 0.4126725 0.3237349 0.0244383 0.0167221
