8 0.2262229 0.3554570 0.0274493 0.0173165
17 0.5755772 0.3554570 0.0274493 0.0173165
32 0.4364593 0.3496849 0.5053159 0.5091065
33 0.5106971 0.1234153 0.0099815 0.0126988
20 0.2262229 0.2307779 0.0274493 0.0173166
18 0.2960938 0.2307779 0.0274493 0.0173166
15 0.3659646 0.2307779 0.0274493 0.0173166
1 0.5755772 0.2307779 0.0274493 0.0173166
8 0.6454480 0.2307779 0.0274493 0.0173166
7 0.2262229 0.2925402 0.0274493 0.0161621
34 0.3659646 0.2925402 0.0648801 0.0623395
4 0.3659646 0.2925402 0.0274493 0.0161621
11 0.5755772 0.2925402 0.0274493 0.0161621
4 0.2960938 0.3554570 0.0274493 0.0173165
3 0.3659646 0.3554570 0.0274493 0.0173165
2 0.4358355 0.3554570 0.0274493 0.0173165
17 0.5057063 0.3554570 0.0274493 0.0173165
30 0.6454480 0.3554570 0.0274493 0.0173165
21 0.2262229 0.4177966 0.0274493 0.0173166
23 0.2960938 0.4177966 0.0274493 0.0173166
31 0.3659646 0.4177966 0.0274493 0.0173166
25 0.4358355 0.4177966 0.0274493 0.0173166
24 0.5057063 0.4177966 0.0274493 0.0173166
13 0.5755772 0.4177966 0.0274493 0.0173166
9 0.2262229 0.4801361 0.0274493 0.0173166
22 0.3659646 0.4801361 0.0274493 0.0173166
12 0.5057063 0.4801361 0.0274493 0.0173166
18 0.5057063 0.2307779 0.0274493 0.0173166
6 0.4358355 0.2925402 0.0274493 0.0161621
21 0.6454480 0.4177966 0.0274493 0.0173166
7 0.2960938 0.4801361 0.0274493 0.0173166
29 0.2960938 0.2925402 0.0274493 0.0161621
29 0.6454480 0.4801361 0.0274493 0.0173166
17 0.4358355 0.2307779 0.0274493 0.0173166
24 0.5755772 0.4801361 0.0274493 0.0173166
29 0.6454480 0.2925402 0.0274493 0.0161621
21 0.5057063 0.2925402 0.0274493 0.0161621
9 0.4358355 0.4801361 0.0274493 0.0173166
