14 0.4319977 0.6975320 0.0232537 0.0153392
11 0.3323391 0.6975320 0.0232536 0.0153392
32 0.4724148 0.5036012 0.3787026 0.4798965
33 0.6030782 0.3167921 0.0132878 0.0186261
22 0.3821684 0.4175923 0.0232537 0.0164348
19 0.4319977 0.4175923 0.0232537 0.0164348
5 0.5814855 0.4175923 0.0232537 0.0164348
27 0.6313148 0.4175923 0.0232536 0.0164348
17 0.3323391 0.4877142 0.0232536 0.0164348
30 0.4319977 0.4877142 0.0232537 0.0164348
8 0.4818270 0.4877142 0.0232537 0.0164348
24 0.5316563 0.4877142 0.0232536 0.0164348
2 0.5814855 0.4877142 0.0232537 0.0164348
4 0.6313148 0.4877142 0.0232536 0.0164348
23 0.3821684 0.5578361 0.0232537 0.0164348
31 0.4319977 0.5578361 0.0232537 0.0164348
12 0.4818270 0.5578361 0.0232537 0.0164348
21 0.5814855 0.5578361 0.0232537 0.0164348
9 0.6313148 0.5578361 0.0232536 0.0164348
28 0.4319977 0.6274101 0.0232537 0.0153392
20 0.4818270 0.6274101 0.0232537 0.0153392
7 0.5814855 0.6274101 0.0232537 0.0153392
18 0.6313148 0.6274101 0.0232536 0.0153392
29 0.4818270 0.6975320 0.0232537 0.0153392
34 0.5316563 0.6975320 0.0431854 0.0438262
18 0.5316563 0.6975320 0.0232536 0.0153392
15 0.5814855 0.6975320 0.0232537 0.0153392
24 0.3323391 0.4175923 0.0232536 0.0164348
19 0.5316563 0.5578361 0.0232536 0.0164348
15 0.3821684 0.4877142 0.0232537 0.0164348
27 0.5316563 0.4175923 0.0232536 0.0164348
6 0.5316563 0.6274101 0.0232536 0.0153392
23 0.3821684 0.6975320 0.0232537 0.0153392
28 0.3821684 0.6274101 0.0232537 0.0153392
15 0.6313148 0.6975320 0.0232536 0.0153392
21 0.3323391 0.5578361 0.0232536 0.0164348
27 0.4818270 0.4175923 0.0232537 0.0164348
27 0.3323391 0.6274101 0.0232536 0.0153392
