14 0.7740689 0.5236404 0.0237573 0.0156409
16 0.6213437 0.5951419 0.0237573 0.0156410
32 0.6117277 0.3973957 0.3869037 0.4893383
33 0.7452208 0.2069112 0.0135755 0.0189926
29 0.5195270 0.3096946 0.0237572 0.0167582
8 0.6213437 0.3096946 0.0237573 0.0167582
34 0.6722521 0.3096946 0.0441206 0.0435712
21 0.6722521 0.3096946 0.0237573 0.0167582
16 0.7231605 0.3096946 0.0237572 0.0167582
1 0.7740689 0.3096946 0.0237573 0.0167582
24 0.5195270 0.3811961 0.0237572 0.0167582
23 0.6722521 0.3811961 0.0237573 0.0167582
17 0.7740689 0.3811961 0.0237573 0.0167582
12 0.4686186 0.4526976 0.0237573 0.0167582
5 0.5195270 0.4526976 0.0237572 0.0167582
3 0.5704354 0.4526976 0.0237573 0.0167582
6 0.6213437 0.4526976 0.0237573 0.0167582
28 0.7740689 0.4526976 0.0237573 0.0167582
19 0.5195270 0.5236404 0.0237572 0.0156409
26 0.6213437 0.5236404 0.0237573 0.0156409
7 0.6722521 0.5236404 0.0237573 0.0156409
15 0.7231605 0.5236404 0.0237572 0.0156409
20 0.4686186 0.5951419 0.0237573 0.0156410
2 0.5195270 0.5951419 0.0237572 0.0156410
18 0.5704354 0.5951419 0.0237573 0.0156410
22 0.6722521 0.5951419 0.0237573 0.0156410
11 0.7231605 0.5951419 0.0237572 0.0156410
15 0.4686186 0.5236404 0.0237573 0.0156409
23 0.7740689 0.5951419 0.0237573 0.0156410
1 0.5704354 0.3811961 0.0237573 0.0167582
30 0.7231605 0.3811961 0.0237572 0.0167582
20 0.6722521 0.4526976 0.0237573 0.0167582
21 0.4686186 0.3811961 0.0237573 0.0167582
26 0.4686186 0.3096946 0.0237573 0.0167582
28 0.7231605 0.4526976 0.0237572 0.0167582
11 0.6213437 0.3811961 0.0237573 0.0167582
31 0.5704354 0.5236404 0.0237573 0.0156409
21 0.5704354 0.3096946 0.0237573 0.0167582
