6 0.6131734 0.6446421 0.0243904 0.0162796
26 0.6735689 0.5231268 0.0243905 0.0174424
32 0.6120120 0.5690584 0.4192835 0.4441995
33 0.8019092 0.3649825 0.0116145 0.0174424
29 0.4325680 0.4626598 0.0255519 0.0174424
22 0.4929634 0.4626598 0.0255519 0.0174424
4 0.5521973 0.4626598 0.0255519 0.0174424
26 0.6131734 0.4626598 0.0243904 0.0174424
21 0.6735689 0.4626598 0.0243905 0.0174424
11 0.4325680 0.5231268 0.0255519 0.0174424
8 0.4929634 0.5231268 0.0255519 0.0174424
14 0.5521973 0.5231268 0.0255519 0.0174424
25 0.7345450 0.5231268 0.0255519 0.0174424
24 0.7937790 0.5231268 0.0255520 0.0174424
23 0.4325680 0.5841752 0.0255519 0.0162796
3 0.5521973 0.5841752 0.0255519 0.0162796
5 0.6131734 0.5841752 0.0243904 0.0162796
17 0.6735689 0.5841752 0.0243905 0.0162796
19 0.4325680 0.6446421 0.0255519 0.0162796
13 0.7345450 0.6446421 0.0255519 0.0162796
2 0.4325680 0.7039462 0.0255519 0.0162794
31 0.4929634 0.7039462 0.0255519 0.0162794
1 0.5521973 0.7039462 0.0255519 0.0162794
9 0.6131734 0.7039462 0.0243904 0.0162794
16 0.7345450 0.7039462 0.0255519 0.0162794
15 0.7937790 0.7039462 0.0255520 0.0162794
30 0.4325680 0.7649945 0.0255519 0.0174424
28 0.4929634 0.7649945 0.0255519 0.0174424
20 0.5521973 0.7649945 0.0255519 0.0174424
34 0.6125928 0.7644131 0.0511038 0.0511643
14 0.6131734 0.7649945 0.0243904 0.0174424
7 0.6735689 0.7649945 0.0243905 0.0174424
27 0.7345450 0.7649945 0.0255519 0.0174424
18 0.7937790 0.7649945 0.0255520 0.0174424
4 0.4929634 0.5841752 0.0255519 0.0162796
30 0.4929634 0.6446421 0.0255519 0.0162796
23 0.7937790 0.5841752 0.0255520 0.0162796
10 0.7345450 0.4626598 0.0255519 0.0174424
3 0.7937790 0.6446421 0.0255520 0.0162796
8 0.7345450 0.5841752 0.0255519 0.0162796
18 0.6131734 0.5231268 0.0243904 0.0174424
12 0.7937790 0.4626598 0.0255520 0.0174424
25 0.5521973 0.6446421 0.0255519 0.0162796
4 0.6735689 0.7039462 0.0243905 0.0162794
16 0.6735689 0.6446421 0.0243905 0.0162796
