31 0.3486540 0.3425378 0.0235951 0.0170991
7 0.2987825 0.3425378 0.0225226 0.0170991
32 0.3036088 0.2097347 0.4054068 0.3807404
33 0.4709195 0.0655321 0.0085800 0.0148193
21 0.1985033 0.1424781 0.0235951 0.0159592
11 0.2987825 0.1424781 0.0225226 0.0159592
28 0.3486540 0.1424781 0.0235951 0.0159592
16 0.3990617 0.1424781 0.0235951 0.0159592
22 0.1470231 0.1914956 0.0235951 0.0159592
10 0.1985033 0.1914956 0.0235951 0.0159592
18 0.2483748 0.1914956 0.0225226 0.0159592
19 0.2987825 0.1914956 0.0225226 0.0159592
13 0.3486540 0.1914956 0.0235951 0.0159592
5 0.3990617 0.1914956 0.0235951 0.0159592
25 0.4505420 0.1914956 0.0235951 0.0159592
2 0.1985033 0.2416530 0.0235951 0.0159592
12 0.3486540 0.2416530 0.0235951 0.0159592
20 0.4505420 0.2416530 0.0235951 0.0159592
26 0.1470231 0.2918104 0.0235951 0.0159592
27 0.1985033 0.2918104 0.0235951 0.0159592
35 0.2489110 0.2918104 0.0429002 0.0455976
1 0.2483748 0.2918104 0.0225226 0.0159592
23 0.2987825 0.2918104 0.0225226 0.0159592
7 0.3486540 0.2918104 0.0235951 0.0159592
29 0.4505420 0.2918104 0.0235951 0.0159592
1 0.1985033 0.3425378 0.0235951 0.0170991
6 0.2483748 0.3425378 0.0225226 0.0170991
8 0.3990617 0.3425378 0.0235951 0.0170991
26 0.1470231 0.3425378 0.0235951 0.0170991
22 0.4505420 0.1424781 0.0235951 0.0159592
9 0.3990617 0.2918104 0.0235951 0.0159592
27 0.2987825 0.2416530 0.0225226 0.0159592
26 0.1470231 0.1424781 0.0235951 0.0159592
16 0.2483748 0.1424781 0.0225226 0.0159592
22 0.2483748 0.2416530 0.0225226 0.0159592
24 0.3990617 0.2416530 0.0235951 0.0159592
10 0.1470231 0.2416530 0.0235951 0.0159592
11 0.4505420 0.3425378 0.0235951 0.0170991
