5 0.3633210 0.3450737 0.0236829 0.0162199
3 0.6678153 0.6213523 0.0236829 0.0151385
32 0.5059822 0.4299577 0.3856929 0.4736204
33 0.6390575 0.2455918 0.0135331 0.0183825
4 0.4648191 0.3450737 0.0236829 0.0162199
21 0.5155682 0.3450737 0.0236829 0.0162199
5 0.5663172 0.3450737 0.0236829 0.0162199
12 0.6170662 0.3450737 0.0236829 0.0162199
28 0.6678153 0.3450737 0.0236829 0.0162199
34 0.3633210 0.4142785 0.0439825 0.0421717
28 0.3633210 0.4142785 0.0236829 0.0162199
23 0.4140700 0.4142785 0.0236829 0.0162199
25 0.6170662 0.4142785 0.0236829 0.0162199
26 0.6678153 0.4142785 0.0236829 0.0162199
29 0.3633210 0.4834833 0.0236829 0.0162199
30 0.4140700 0.4834833 0.0236829 0.0162199
20 0.4648191 0.4834833 0.0236829 0.0162199
11 0.5155682 0.4834833 0.0236829 0.0162199
18 0.5663172 0.4834833 0.0236829 0.0162199
6 0.6678153 0.4834833 0.0236829 0.0162199
17 0.4140700 0.5521475 0.0236829 0.0151385
24 0.5155682 0.5521475 0.0236829 0.0151385
13 0.5663172 0.5521475 0.0236829 0.0151385
31 0.6678153 0.5521475 0.0236829 0.0151385
3 0.3633210 0.6213523 0.0236829 0.0151385
8 0.4648191 0.6213523 0.0236829 0.0151385
10 0.5663172 0.6213523 0.0236829 0.0151385
21 0.6170662 0.5521475 0.0236829 0.0151385
22 0.4140700 0.6213523 0.0236829 0.0151385
15 0.5663172 0.4142785 0.0236829 0.0162199
8 0.4648191 0.4142785 0.0236829 0.0162199
8 0.4140700 0.3450737 0.0236829 0.0162199
10 0.4648191 0.5521475 0.0236829 0.0151385
31 0.5155682 0.4142785 0.0236829 0.0162199
25 0.5155682 0.6213523 0.0236829 0.0151385
5 0.6170662 0.4834833 0.0236829 0.0162199
12 0.3633210 0.5521475 0.0236829 0.0151385
16 0.6170662 0.6213523 0.0236829 0.0151385
