10 0.6356167 0.3982705 0.0230543 0.0170427
27 0.3392034 0.2528396 0.0230544 0.0170427
32 0.4780785 0.3420297 0.3754568 0.4976463
33 0.6076221 0.1483112 0.0131739 0.0193150
20 0.3886056 0.2528396 0.0230543 0.0170427
16 0.4380078 0.2528396 0.0230543 0.0170427
22 0.4874100 0.2528396 0.0230544 0.0170427
12 0.5368122 0.2528396 0.0230544 0.0170427
3 0.5862145 0.2528396 0.0230544 0.0170427
5 0.3392034 0.3255551 0.0230544 0.0170427
1 0.3886056 0.3255551 0.0230543 0.0170427
8 0.4380078 0.3255551 0.0230543 0.0170427
26 0.6356167 0.3255551 0.0230543 0.0170427
27 0.3886056 0.3982705 0.0230543 0.0170427
21 0.4380078 0.3982705 0.0230543 0.0170427
10 0.4874100 0.3982705 0.0230544 0.0170427
14 0.5368122 0.3982705 0.0230544 0.0170427
2 0.5862145 0.3982705 0.0230544 0.0170427
7 0.3886056 0.4704179 0.0230543 0.0159065
31 0.4380078 0.4704179 0.0230543 0.0159065
17 0.5368122 0.4704179 0.0230544 0.0159065
29 0.6356167 0.4704179 0.0230543 0.0159065
34 0.4380078 0.5431333 0.0428152 0.0454471
4 0.4380078 0.5431333 0.0230543 0.0159065
13 0.4874100 0.5431333 0.0230544 0.0159065
25 0.5862145 0.5431333 0.0230544 0.0159065
30 0.6356167 0.5431333 0.0230543 0.0159065
10 0.3392034 0.3982705 0.0230544 0.0170427
10 0.3392034 0.4704179 0.0230544 0.0159065
18 0.4874100 0.3255551 0.0230544 0.0170427
26 0.5368122 0.3255551 0.0230544 0.0170427
30 0.3886056 0.5431333 0.0230543 0.0159065
12 0.5862145 0.4704179 0.0230544 0.0159065
21 0.3392034 0.5431333 0.0230544 0.0159065
14 0.6356167 0.2528396 0.0230543 0.0170427
28 0.5368122 0.5431333 0.0230544 0.0159065
4 0.5862145 0.3255551 0.0230544 0.0170427
13 0.4874100 0.4704179 0.0230544 0.0159065
