18 0.4440214 0.4959205 0.0228429 0.0152465
4 0.5419195 0.4959205 0.0228429 0.0152465
32 0.4347755 0.3031605 0.3720129 0.4769993
33 0.5631308 0.1174793 0.0130531 0.0185137
34 0.3461233 0.2176709 0.0424225 0.0424725
9 0.3461233 0.2176709 0.0228429 0.0163356
2 0.4440214 0.2176709 0.0228429 0.0163356
1 0.4929704 0.2176709 0.0228429 0.0163356
28 0.5419195 0.2176709 0.0228429 0.0163356
17 0.2971742 0.2873695 0.0228429 0.0163356
11 0.4440214 0.2873695 0.0228429 0.0163356
9 0.5908686 0.2873695 0.0228429 0.0163356
29 0.2971742 0.3570680 0.0228429 0.0163356
6 0.3461233 0.3570680 0.0228429 0.0163356
27 0.4929704 0.3570680 0.0228429 0.0163356
19 0.5419195 0.3570680 0.0228429 0.0163356
22 0.5908686 0.3570680 0.0228429 0.0163356
15 0.2971742 0.4262220 0.0228429 0.0152466
26 0.3461233 0.4262220 0.0228429 0.0152466
5 0.3950724 0.4262220 0.0228429 0.0152466
16 0.4440214 0.4262220 0.0228429 0.0152466
24 0.4929704 0.4262220 0.0228429 0.0152466
3 0.5908686 0.4262220 0.0228429 0.0152466
10 0.2971742 0.4959205 0.0228429 0.0152465
31 0.3461233 0.4959205 0.0228429 0.0152465
7 0.4929704 0.4959205 0.0228429 0.0152465
8 0.5908686 0.4959205 0.0228429 0.0152465
30 0.2971742 0.2176709 0.0228429 0.0163356
5 0.5419195 0.4262220 0.0228429 0.0152466
13 0.5908686 0.2176709 0.0228429 0.0163356
21 0.3461233 0.2873695 0.0228429 0.0163356
26 0.3950724 0.4959205 0.0228429 0.0152465
23 0.3950724 0.3570680 0.0228429 0.0163356
15 0.4440214 0.3570680 0.0228429 0.0163356
8 0.3950724 0.2176709 0.0228429 0.0163356
30 0.3950724 0.2873695 0.0228429 0.0163356
31 0.5419195 0.2873695 0.0228429 0.0163356
27 0.4929704 0.2873695 0.0228429 0.0163356
