16 0.3721560 0.4392783 0.0227199 0.0161059
27 0.3721560 0.3442538 0.0227199 0.0150321
32 0.4278737 0.3141895 0.4089571 0.3586236
33 0.5966497 0.1783635 0.0086552 0.0139584
24 0.3721560 0.2508399 0.0227199 0.0150321
12 0.4733134 0.2508399 0.0238017 0.0150321
35 0.5241626 0.2508399 0.0432759 0.0429489
7 0.5241626 0.2508399 0.0238017 0.0150321
22 0.5760937 0.2508399 0.0238017 0.0150321
8 0.3721560 0.2970100 0.0227199 0.0150321
17 0.4230052 0.2970100 0.0227198 0.0150321
1 0.4733134 0.2970100 0.0238017 0.0150321
19 0.5241626 0.2970100 0.0238017 0.0150321
14 0.5760937 0.2970100 0.0238017 0.0150321
29 0.4230052 0.3442538 0.0227198 0.0150321
6 0.4733134 0.3442538 0.0238017 0.0150321
21 0.5760937 0.3442538 0.0238017 0.0150321
27 0.3218478 0.3914976 0.0238017 0.0150321
31 0.3721560 0.3914976 0.0227199 0.0150321
18 0.4230052 0.3914976 0.0227198 0.0150321
2 0.5241626 0.3914976 0.0238017 0.0150321
10 0.5760937 0.3914976 0.0238017 0.0150321
5 0.2699168 0.4392783 0.0238017 0.0161059
23 0.3218478 0.4392783 0.0238017 0.0161059
7 0.4230052 0.4392783 0.0227198 0.0161059
13 0.4733134 0.4392783 0.0238017 0.0161059
28 0.5241626 0.4392783 0.0238017 0.0161059
26 0.3218478 0.3442538 0.0238017 0.0150321
21 0.5241626 0.3442538 0.0238017 0.0150321
4 0.3218478 0.2508399 0.0238017 0.0150321
4 0.3218478 0.2970100 0.0238017 0.0150321
11 0.2699168 0.3442538 0.0238017 0.0150321
20 0.2699168 0.2508399 0.0238017 0.0150321
7 0.2699168 0.2970100 0.0238017 0.0150321
25 0.4733134 0.3914976 0.0238017 0.0150321
9 0.2699168 0.3914976 0.0238017 0.0150321
30 0.5760937 0.4392783 0.0238017 0.0161059
6 0.4230052 0.2508399 0.0227198 0.0150321
