3 0.6092067 0.1228112 0.0232691 0.0156755
6 0.6092067 0.2202235 0.0232691 0.0156756
32 0.6114228 0.2103189 0.4133031 0.4184156
33 0.7870489 0.0461131 0.0088644 0.0123165
18 0.5056039 0.1228112 0.0243771 0.0156755
25 0.5571283 0.1228112 0.0232691 0.0156755
29 0.6607311 0.1228112 0.0243771 0.0156755
9 0.7659960 0.1228112 0.0243772 0.0156755
28 0.4524175 0.1709575 0.0243771 0.0156755
30 0.5056039 0.1709575 0.0243771 0.0156755
23 0.5571283 0.1709575 0.0232691 0.0156755
20 0.6607311 0.1709575 0.0243771 0.0156755
2 0.7128095 0.1709575 0.0243772 0.0156755
12 0.4524175 0.2202235 0.0243771 0.0156756
11 0.7659960 0.2202235 0.0243772 0.0156756
19 0.5056039 0.2694894 0.0243771 0.0156755
15 0.5571283 0.2694894 0.0232691 0.0156755
4 0.6092067 0.2694894 0.0232691 0.0156755
7 0.7128095 0.2694894 0.0243772 0.0156755
1 0.7659960 0.2694894 0.0243772 0.0156755
16 0.4524175 0.3193153 0.0243771 0.0167952
14 0.5571283 0.3193153 0.0232691 0.0167952
31 0.6092067 0.3193153 0.0232691 0.0167952
3 0.6607311 0.3193153 0.0243771 0.0167952
21 0.7128095 0.3193153 0.0243772 0.0167952
24 0.7659960 0.3193153 0.0243772 0.0167952
35 0.4524175 0.3685812 0.0443220 0.0436675
28 0.4524175 0.3685812 0.0243771 0.0167952
17 0.5056039 0.3685812 0.0243771 0.0167952
26 0.5571283 0.3685812 0.0232691 0.0167952
10 0.6092067 0.3685812 0.0232691 0.0167952
5 0.6607311 0.3685812 0.0243771 0.0167952
8 0.7128095 0.3685812 0.0243772 0.0167952
6 0.7659960 0.3685812 0.0243772 0.0167952
3 0.6607311 0.2202235 0.0243771 0.0156756
29 0.6607311 0.2694894 0.0243771 0.0156755
9 0.5571283 0.2202235 0.0232691 0.0156756
1 0.5056039 0.3193153 0.0243771 0.0167952
5 0.7659960 0.1709575 0.0243772 0.0156755
14 0.4524175 0.2694894 0.0243771 0.0156755
2 0.7128095 0.2202235 0.0243772 0.0156756
29 0.4524175 0.1228112 0.0243771 0.0156755
5 0.5056039 0.2202235 0.0243771 0.0156756
10 0.7128095 0.1228112 0.0243772 0.0156755
7 0.6092067 0.1709575 0.0232691 0.0156755
