29 0.6673305 0.3679203 0.0228959 0.0158285
22 0.4977921 0.4843727 0.0239861 0.0158285
32 0.6618791 0.3334369 0.3935907 0.3877976
33 0.8461363 0.1536706 0.0098126 0.0146979
25 0.4977921 0.2497721 0.0239861 0.0169591
2 0.5544866 0.2497721 0.0239861 0.0169591
22 0.6673305 0.2497721 0.0228959 0.0169591
30 0.7812646 0.2497721 0.0239861 0.0169591
11 0.8368689 0.2497721 0.0239861 0.0169591
18 0.4977921 0.3085635 0.0239861 0.0169591
26 0.5544866 0.3085635 0.0239861 0.0169591
31 0.6100908 0.3085635 0.0239861 0.0169591
9 0.7240250 0.3085635 0.0228959 0.0169591
15 0.7812646 0.3085635 0.0239861 0.0169591
13 0.8368689 0.3085635 0.0239861 0.0169591
1 0.4977921 0.3679203 0.0239861 0.0158285
28 0.5544866 0.3679203 0.0239861 0.0158285
8 0.7240250 0.3679203 0.0228959 0.0158285
19 0.7812646 0.3679203 0.0239861 0.0158285
10 0.8368689 0.3679203 0.0239861 0.0158285
23 0.4977921 0.4267118 0.0239861 0.0158285
27 0.6673305 0.4267118 0.0228959 0.0158285
16 0.7812646 0.4267118 0.0239861 0.0158285
21 0.5544866 0.4843727 0.0239861 0.0158285
14 0.6100908 0.4843727 0.0239861 0.0158285
34 0.7812646 0.4843727 0.0479723 0.0497466
25 0.7812646 0.4843727 0.0239861 0.0158285
7 0.7240250 0.2497721 0.0228959 0.0169591
23 0.8368689 0.4843727 0.0239861 0.0158285
18 0.6100908 0.3679203 0.0239861 0.0158285
3 0.5544866 0.4267118 0.0239861 0.0158285
14 0.7240250 0.4267118 0.0228959 0.0158285
11 0.8368689 0.4267118 0.0239861 0.0158285
3 0.6673305 0.3085635 0.0228959 0.0169591
23 0.6100908 0.2497721 0.0239861 0.0169591
4 0.6673305 0.4843727 0.0228959 0.0158285
16 0.7240250 0.4843727 0.0228959 0.0158285
2 0.6100908 0.4267118 0.0239861 0.0158285
