29 0.3471407 0.4826592 0.0271690 0.0166444
2 0.3471407 0.5425791 0.0271690 0.0166444
32 0.4848386 0.3972179 0.4952182 0.4915648
33 0.5607885 0.1653059 0.0123496 0.0144252
30 0.3471407 0.3028996 0.0271690 0.0166444
15 0.5546137 0.3028996 0.0271691 0.0166444
25 0.6929289 0.3028996 0.0271691 0.0166444
16 0.2779831 0.3628195 0.0271691 0.0166444
21 0.4162984 0.3628195 0.0271691 0.0166444
18 0.5546137 0.3628195 0.0271691 0.0166444
9 0.6237713 0.3628195 0.0271691 0.0166444
24 0.6929289 0.3628195 0.0271691 0.0166444
14 0.2779831 0.4227394 0.0271691 0.0166444
4 0.3471407 0.4227394 0.0271690 0.0166444
10 0.4162984 0.4227394 0.0271691 0.0166444
27 0.4854560 0.4227394 0.0271691 0.0166444
5 0.5546137 0.4227394 0.0271691 0.0166444
12 0.6237713 0.4227394 0.0271691 0.0166444
28 0.2779831 0.4826592 0.0271691 0.0166444
31 0.4162984 0.4826592 0.0271691 0.0166444
20 0.5546137 0.4826592 0.0271691 0.0166444
29 0.6237713 0.4826592 0.0271691 0.0166444
26 0.2779831 0.5425791 0.0271691 0.0166444
6 0.4162984 0.5425791 0.0271691 0.0166444
19 0.4854560 0.5425791 0.0271691 0.0166444
2 0.5546137 0.5425791 0.0271691 0.0166444
23 0.6237713 0.5425791 0.0271691 0.0166444
3 0.6929289 0.5425791 0.0271691 0.0166444
1 0.4162984 0.6024990 0.0271691 0.0166444
13 0.4854560 0.6024990 0.0271691 0.0166444
34 0.5546136 0.6030538 0.0642178 0.0599198
12 0.5546137 0.6024990 0.0271691 0.0166444
8 0.6237713 0.6024990 0.0271691 0.0166444
22 0.6929289 0.6024990 0.0271691 0.0166444
11 0.4162984 0.3028996 0.0271691 0.0166444
24 0.6929289 0.4826592 0.0271691 0.0166444
22 0.6237713 0.3028996 0.0271691 0.0166444
23 0.2779831 0.3028996 0.0271691 0.0166444
17 0.4854560 0.3028996 0.0271691 0.0166444
13 0.3471407 0.3628195 0.0271690 0.0166444
11 0.3471407 0.6024990 0.0271690 0.0166444
24 0.4854560 0.4826592 0.0271691 0.0166444
4 0.2779831 0.6024990 0.0271691 0.0166444
6 0.4854560 0.3628195 0.0271691 0.0166444
31 0.6929289 0.4227394 0.0271691 0.0166444
