11 0.8275991 0.4449643 0.0252309 0.0160538
6 0.7673892 0.6670418 0.0240840 0.0149835
32 0.7066057 0.5428925 0.4140156 0.4088367
33 0.8941169 0.3550630 0.0114686 0.0160538
9 0.5294162 0.4449643 0.0252309 0.0160538
31 0.5890527 0.4449643 0.0252309 0.0160538
7 0.7077525 0.4449643 0.0240839 0.0160538
18 0.7673892 0.4449643 0.0240840 0.0160538
2 0.8860889 0.4449643 0.0252308 0.0160538
12 0.5294162 0.5006175 0.0252309 0.0160538
34 0.7679625 0.5006175 0.0504618 0.0481614
21 0.7673892 0.5006175 0.0240840 0.0160538
22 0.8275991 0.5006175 0.0252309 0.0160538
16 0.8860889 0.5006175 0.0252308 0.0160538
20 0.6475425 0.5568058 0.0252308 0.0149836
8 0.7077525 0.5568058 0.0240839 0.0149836
10 0.7673892 0.5568058 0.0240840 0.0149836
13 0.8275991 0.5568058 0.0252309 0.0149836
4 0.5294162 0.6124589 0.0252309 0.0149835
19 0.5890527 0.6124589 0.0252309 0.0149835
15 0.6475425 0.6124589 0.0252308 0.0149835
26 0.7077525 0.6124589 0.0240839 0.0149835
24 0.7673892 0.6124589 0.0240840 0.0149835
27 0.5294162 0.6670418 0.0252309 0.0149835
3 0.7077525 0.6670418 0.0240839 0.0149835
28 0.8275991 0.6670418 0.0252309 0.0149835
11 0.8860889 0.6670418 0.0252308 0.0149835
23 0.5294162 0.7232301 0.0252309 0.0160538
25 0.5890527 0.7232301 0.0252309 0.0160538
30 0.6475425 0.7232301 0.0252308 0.0160538
29 0.7077525 0.7232301 0.0240839 0.0160538
5 0.8275991 0.7232301 0.0252309 0.0160538
17 0.8860889 0.7232301 0.0252308 0.0160538
18 0.8860889 0.5568058 0.0252308 0.0149836
15 0.5890527 0.6670418 0.0252309 0.0149835
24 0.6475425 0.4449643 0.0252308 0.0160538
15 0.5890527 0.5568058 0.0252309 0.0149836
24 0.5294162 0.5568058 0.0252309 0.0149836
10 0.5890527 0.5006175 0.0252309 0.0160538
10 0.8275991 0.6124589 0.0252309 0.0149835
17 0.7673892 0.7232301 0.0240840 0.0160538
31 0.7077525 0.5006175 0.0240839 0.0160538
1 0.6475425 0.5006175 0.0252308 0.0160538
26 0.8860889 0.6124589 0.0252308 0.0149835
31 0.6475425 0.6670418 0.0252308 0.0149835
