16 0.2402268 0.4791064 0.0221984 0.0166591
30 0.2402268 0.6207086 0.0221984 0.0155484
32 0.3739458 0.4241314 0.3615168 0.4864451
33 0.4986796 0.2347732 0.0126848 0.0188803
6 0.2402268 0.3369489 0.0221984 0.0166591
34 0.3353628 0.3369489 0.0412256 0.0433136
28 0.3353628 0.3369489 0.0221984 0.0166591
28 0.3829308 0.3369489 0.0221984 0.0166591
25 0.4304988 0.3369489 0.0221984 0.0166591
11 0.5256348 0.3369489 0.0221984 0.0166591
7 0.2402268 0.4080277 0.0221984 0.0166591
3 0.2877948 0.4080277 0.0221984 0.0166591
24 0.4780668 0.4080277 0.0221984 0.0166591
18 0.5256348 0.4080277 0.0221984 0.0166591
13 0.2877948 0.4791064 0.0221984 0.0166591
14 0.3353628 0.4791064 0.0221984 0.0166591
20 0.4304988 0.4791064 0.0221984 0.0166591
30 0.5256348 0.4791064 0.0221984 0.0166591
31 0.2402268 0.5496299 0.0221984 0.0155485
23 0.4304988 0.5496299 0.0221984 0.0155485
10 0.2877948 0.6207086 0.0221984 0.0155484
9 0.3353628 0.6207086 0.0221984 0.0155484
16 0.3829308 0.6207086 0.0221984 0.0155484
2 0.4304988 0.6207086 0.0221984 0.0155484
8 0.4780668 0.6207086 0.0221984 0.0155484
15 0.5256348 0.6207086 0.0221984 0.0155484
23 0.3353628 0.4080277 0.0221984 0.0166591
9 0.4304988 0.4080277 0.0221984 0.0166591
30 0.4780668 0.4791064 0.0221984 0.0166591
25 0.2877948 0.5496299 0.0221984 0.0155485
17 0.3353628 0.5496299 0.0221984 0.0155485
7 0.4780668 0.5496299 0.0221984 0.0155485
14 0.4780668 0.3369489 0.0221984 0.0166591
8 0.3829308 0.4791064 0.0221984 0.0166591
30 0.2877948 0.3369489 0.0221984 0.0166591
27 0.5256348 0.5496299 0.0221984 0.0155485
31 0.3829308 0.5496299 0.0221984 0.0155485
11 0.3829308 0.4080277 0.0221984 0.0166591
