4 0.7510714 0.4065321 0.0222027 0.0152873
29 0.9154770 0.5190031 0.0232600 0.0152873
32 0.7457850 0.3732275 0.3816748 0.3745394
33 0.9244638 0.1996072 0.0095154 0.0141954
31 0.5866658 0.2924231 0.0232600 0.0163793
7 0.6416439 0.2924231 0.0232600 0.0163793
24 0.8615563 0.2924231 0.0232600 0.0163793
25 0.9154770 0.2924231 0.0232600 0.0163793
12 0.6416439 0.3492046 0.0232600 0.0163793
19 0.6955647 0.3492046 0.0232600 0.0163793
28 0.7510714 0.3492046 0.0222027 0.0163793
20 0.8060495 0.3492046 0.0222027 0.0163793
15 0.8615563 0.3492046 0.0232600 0.0163793
8 0.9154770 0.3492046 0.0232600 0.0163793
6 0.5866658 0.4065321 0.0232600 0.0152873
21 0.6416439 0.4065321 0.0232600 0.0152873
30 0.6955647 0.4065321 0.0232600 0.0152873
22 0.8615563 0.4065321 0.0232600 0.0152873
2 0.9154770 0.4065321 0.0232600 0.0152873
26 0.8060495 0.4633136 0.0222027 0.0152873
34 0.9154770 0.4633136 0.0465199 0.0480459
27 0.9154770 0.4633136 0.0232600 0.0152873
3 0.5866658 0.5190031 0.0232600 0.0152873
29 0.7510714 0.5190031 0.0222027 0.0152873
27 0.8060495 0.5190031 0.0222027 0.0152873
9 0.8615563 0.5190031 0.0232600 0.0152873
23 0.6955647 0.4633136 0.0232600 0.0152873
11 0.8615563 0.4633136 0.0232600 0.0152873
5 0.6955647 0.5190031 0.0232600 0.0152873
25 0.8060495 0.4065321 0.0222027 0.0152873
2 0.6416439 0.5190031 0.0232600 0.0152873
22 0.8060495 0.2924231 0.0222027 0.0163793
14 0.5866658 0.3492046 0.0232600 0.0163793
5 0.5866658 0.4633136 0.0232600 0.0152873
30 0.6416439 0.4633136 0.0232600 0.0152873
23 0.7510714 0.2924231 0.0222027 0.0163793
27 0.7510714 0.4633136 0.0222027 0.0152873
15 0.6955647 0.2924231 0.0232600 0.0163793
