14 0.3357669 0.4489210 0.0270316 0.0166385
26 0.3357669 0.5082648 0.0270316 0.0155292
32 0.4739969 0.5631716 0.4976281 0.4891700
33 0.5471052 0.3457627 0.0098297 0.0122015
15 0.2669590 0.4489210 0.0270317 0.0166385
10 0.4045747 0.4489210 0.0270316 0.0166385
21 0.4733825 0.4489210 0.0270316 0.0166385
6 0.6798061 0.4489210 0.0270316 0.0166385
8 0.2669590 0.5082648 0.0270317 0.0155292
12 0.4733825 0.5082648 0.0270316 0.0155292
29 0.6109982 0.5082648 0.0270316 0.0155292
9 0.2669590 0.5687177 0.0270317 0.0166384
4 0.3357669 0.5687177 0.0270316 0.0166384
16 0.4733825 0.5687177 0.0270316 0.0166384
30 0.5421904 0.5687177 0.0270316 0.0166384
31 0.6798061 0.5687177 0.0270316 0.0166384
22 0.2669590 0.6286161 0.0270317 0.0166385
1 0.3357669 0.6286161 0.0270316 0.0166385
25 0.4733825 0.6286161 0.0270316 0.0166385
27 0.6109982 0.6286161 0.0270316 0.0166385
34 0.6798060 0.6280615 0.0638930 0.0598984
27 0.6798061 0.6286161 0.0270316 0.0166385
7 0.2669590 0.6885145 0.0270317 0.0166383
20 0.4733825 0.6885145 0.0270316 0.0166383
3 0.5421904 0.6885145 0.0270316 0.0166383
14 0.6798061 0.6885145 0.0270316 0.0166383
30 0.6109982 0.4489210 0.0270316 0.0166385
18 0.6109982 0.5687177 0.0270316 0.0166384
7 0.4045747 0.5687177 0.0270316 0.0166384
8 0.4045747 0.6286161 0.0270316 0.0166385
10 0.3357669 0.6885145 0.0270316 0.0166383
17 0.6109982 0.6885145 0.0270316 0.0166383
25 0.6798061 0.5082648 0.0270316 0.0155292
6 0.5421904 0.6286161 0.0270316 0.0166385
10 0.4045747 0.6885145 0.0270316 0.0166383
14 0.5421904 0.4489210 0.0270316 0.0166385
2 0.4045747 0.5082648 0.0270316 0.0155292
5 0.5421904 0.5082648 0.0270316 0.0155292
