6 0.5542077 0.2567427 0.0238997 0.0162285
17 0.4021182 0.2057389 0.0238998 0.0162285
32 0.5058650 0.2065917 0.4052099 0.4109612
33 0.6780520 0.0254869 0.0086908 0.0127510
14 0.4526337 0.1048905 0.0228134 0.0162285
3 0.5542077 0.1048905 0.0238997 0.0162285
6 0.6052663 0.1048905 0.0238997 0.0162285
27 0.6574113 0.1048905 0.0238998 0.0162285
35 0.4021182 0.1547351 0.0434541 0.0463671
1 0.4021182 0.1547351 0.0238998 0.0162285
29 0.4526337 0.1547351 0.0228134 0.0162285
21 0.5542077 0.1547351 0.0238997 0.0162285
23 0.6052663 0.1547351 0.0238997 0.0162285
25 0.6574113 0.1547351 0.0238998 0.0162285
9 0.3499733 0.2057389 0.0238998 0.0162285
16 0.5036923 0.2057389 0.0228134 0.0162285
1 0.5542077 0.2057389 0.0238997 0.0162285
10 0.6052663 0.2057389 0.0238997 0.0162285
12 0.3499733 0.2567427 0.0238998 0.0162285
26 0.4021182 0.2567427 0.0238998 0.0162285
22 0.4526337 0.2567427 0.0228134 0.0162285
13 0.5036923 0.2567427 0.0228134 0.0162285
5 0.6052663 0.2567427 0.0238997 0.0162285
31 0.6574113 0.2567427 0.0238998 0.0162285
28 0.4021182 0.3083260 0.0238998 0.0173876
17 0.4526337 0.3083260 0.0228134 0.0173876
11 0.5036923 0.3083260 0.0228134 0.0173876
30 0.3499733 0.3593298 0.0238998 0.0173877
20 0.4021182 0.3593298 0.0238998 0.0173877
15 0.4526337 0.3593298 0.0228134 0.0173877
8 0.5542077 0.3593298 0.0238997 0.0173877
24 0.6052663 0.3593298 0.0238997 0.0173877
4 0.6574113 0.3593298 0.0238998 0.0173877
12 0.6574113 0.3083260 0.0238998 0.0173876
9 0.4526337 0.2057389 0.0228134 0.0162285
10 0.5036923 0.1547351 0.0228134 0.0162285
18 0.3499733 0.1048905 0.0238998 0.0162285
23 0.6574113 0.2057389 0.0238998 0.0162285
30 0.3499733 0.1547351 0.0238998 0.0162285
18 0.5542077 0.3083260 0.0238997 0.0173876
18 0.6052663 0.3083260 0.0238997 0.0173876
7 0.4021182 0.1048905 0.0238998 0.0162285
4 0.5036923 0.3593298 0.0228134 0.0173877
6 0.5036923 0.1048905 0.0228134 0.0162285
2 0.3499733 0.3083260 0.0238998 0.0173876
