28 0.3333802 0.2271499 0.0275446 0.0170526
2 0.5437213 0.1657603 0.0275446 0.0170526
32 0.3327542 0.2623920 0.5020641 0.5036214
33 0.4097541 0.0247919 0.0125203 0.0147790
25 0.1230392 0.1657603 0.0275447 0.0170526
7 0.1931529 0.1657603 0.0275447 0.0170526
17 0.2632666 0.1657603 0.0275447 0.0170526
12 0.3333802 0.1657603 0.0275446 0.0170526
20 0.4034940 0.1657603 0.0275447 0.0170526
5 0.1230392 0.2271499 0.0275447 0.0170526
24 0.1931529 0.2271499 0.0275447 0.0170526
4 0.2632666 0.2271499 0.0275447 0.0170526
1 0.4034940 0.2271499 0.0275447 0.0170526
26 0.1931529 0.2885394 0.0275447 0.0170527
28 0.2632666 0.2885394 0.0275447 0.0170527
27 0.3333802 0.2885394 0.0275446 0.0170527
10 0.4034940 0.2885394 0.0275447 0.0170527
2 0.1230392 0.3499289 0.0275447 0.0170526
9 0.4034940 0.3499289 0.0275447 0.0170526
18 0.1230392 0.4113184 0.0275447 0.0170526
34 0.1931529 0.4118868 0.0651056 0.0613896
19 0.1931529 0.4113184 0.0275447 0.0170526
29 0.3333802 0.4113184 0.0275446 0.0170526
30 0.4034940 0.4113184 0.0275447 0.0170526
19 0.4736076 0.4113184 0.0275447 0.0170526
22 0.5437213 0.4113184 0.0275446 0.0170526
24 0.2632666 0.4113184 0.0275447 0.0170526
5 0.1230392 0.2885394 0.0275447 0.0170527
31 0.4736076 0.2271499 0.0275447 0.0170526
2 0.5437213 0.2271499 0.0275446 0.0170526
27 0.4736076 0.3499289 0.0275447 0.0170526
20 0.4736076 0.2885394 0.0275447 0.0170527
11 0.5437213 0.2885394 0.0275446 0.0170527
15 0.1931529 0.3499289 0.0275447 0.0170526
16 0.3333802 0.3499289 0.0275446 0.0170526
26 0.2632666 0.3499289 0.0275447 0.0170526
10 0.4736076 0.1657603 0.0275447 0.0170526
9 0.5437213 0.3499289 0.0275446 0.0170526
