17 0.6770152 0.5174767 0.0236024 0.0161192
10 0.9001653 0.6297738 0.0236024 0.0150445
32 0.7279750 0.5411182 0.3872939 0.3685921
33 0.9092844 0.3702547 0.0096556 0.0139700
21 0.6223006 0.4615968 0.0236024 0.0161192
8 0.6770152 0.4615968 0.0236024 0.0161192
6 0.7891267 0.4615968 0.0225296 0.0161192
30 0.8454506 0.4615968 0.0236024 0.0161192
9 0.5665131 0.5174767 0.0236024 0.0161192
19 0.6223006 0.5174767 0.0236024 0.0161192
34 0.8454506 0.5174767 0.0472048 0.0483576
19 0.8454506 0.5174767 0.0236024 0.0161192
26 0.6223006 0.5738938 0.0236024 0.0150446
17 0.6770152 0.5738938 0.0236024 0.0150446
22 0.7333392 0.5738938 0.0225296 0.0150446
20 0.7891267 0.5738938 0.0225296 0.0150446
7 0.9001653 0.5738938 0.0236024 0.0150446
1 0.5665131 0.6297738 0.0236024 0.0150445
10 0.6770152 0.6297738 0.0236024 0.0150445
5 0.7891267 0.6297738 0.0225296 0.0150445
2 0.5665131 0.6845790 0.0236024 0.0150445
24 0.6223006 0.6845790 0.0236024 0.0150445
29 0.6770152 0.6845790 0.0236024 0.0150445
18 0.7333392 0.6845790 0.0225296 0.0150445
25 0.7891267 0.6845790 0.0225296 0.0150445
16 0.9001653 0.6845790 0.0236024 0.0150445
12 0.8454506 0.5738938 0.0236024 0.0150446
8 0.7333392 0.6297738 0.0225296 0.0150445
1 0.7333392 0.4615968 0.0225296 0.0161192
12 0.5665131 0.5738938 0.0236024 0.0150446
23 0.5665131 0.4615968 0.0236024 0.0161192
1 0.8454506 0.6845790 0.0236024 0.0150445
22 0.8454506 0.6297738 0.0236024 0.0150445
30 0.6223006 0.6297738 0.0236024 0.0150445
19 0.9001653 0.4615968 0.0236024 0.0161192
5 0.9001653 0.5174767 0.0236024 0.0161192
15 0.7891267 0.5174767 0.0225296 0.0161192
26 0.7333392 0.5174767 0.0225296 0.0161192
