20 0.4418994 0.4554740 0.0264806 0.0158977
28 0.4418994 0.3982425 0.0264806 0.0158977
32 0.5773114 0.3929433 0.4874830 0.4673906
33 0.6489292 0.1852141 0.0096294 0.0116583
14 0.3744944 0.2837795 0.0264806 0.0158976
21 0.5093044 0.2837795 0.0264805 0.0158976
18 0.6441145 0.2837795 0.0264806 0.0158976
10 0.7115195 0.2837795 0.0264806 0.0158976
17 0.3744944 0.3404811 0.0264806 0.0148378
23 0.5093044 0.3404811 0.0264805 0.0148378
5 0.5767095 0.3404811 0.0264806 0.0148378
3 0.6441145 0.3404811 0.0264806 0.0148378
20 0.7115195 0.3404811 0.0264806 0.0148378
31 0.5093044 0.3982425 0.0264805 0.0158977
4 0.5767095 0.3982425 0.0264806 0.0158977
25 0.6441145 0.3982425 0.0264806 0.0158977
34 0.7115196 0.3977126 0.0625904 0.0572315
22 0.7115195 0.3982425 0.0264806 0.0158977
8 0.7789246 0.3982425 0.0264806 0.0158977
26 0.3744944 0.4554740 0.0264806 0.0158977
6 0.5093044 0.4554740 0.0264805 0.0158977
13 0.5767095 0.4554740 0.0264806 0.0158977
19 0.6441145 0.4554740 0.0264806 0.0158977
15 0.7789246 0.4554740 0.0264806 0.0158977
11 0.3744944 0.5127055 0.0264806 0.0158976
1 0.4418994 0.5127055 0.0264806 0.0158976
2 0.5767095 0.5127055 0.0264806 0.0158976
24 0.3744944 0.5694071 0.0264806 0.0148378
7 0.4418994 0.5694071 0.0264806 0.0148378
30 0.5093044 0.5694071 0.0264805 0.0148378
29 0.5767095 0.5694071 0.0264806 0.0148378
12 0.6441145 0.5694071 0.0264806 0.0148378
9 0.7115195 0.5694071 0.0264806 0.0148378
8 0.5767095 0.2837795 0.0264806 0.0158976
6 0.4418994 0.3404811 0.0264806 0.0148378
15 0.5093044 0.5127055 0.0264805 0.0158976
31 0.3744944 0.3982425 0.0264806 0.0158977
14 0.7789246 0.2837795 0.0264806 0.0158976
7 0.7789246 0.5694071 0.0264806 0.0148378
17 0.6441145 0.5127055 0.0264806 0.0158976
8 0.7789246 0.3404811 0.0264806 0.0148378
31 0.7115195 0.5127055 0.0264806 0.0158976
15 0.7115195 0.4554740 0.0264806 0.0158977
28 0.4418994 0.2837795 0.0264806 0.0158976
3 0.7789246 0.5127055 0.0264806 0.0158976
