25 0.6388962 0.4843635 0.0234804 0.0169483
24 0.3873215 0.4120506 0.0234803 0.0169483
32 0.5287624 0.4284340 0.3823935 0.4948912
33 0.6606993 0.2357880 0.0134174 0.0192081
3 0.3873215 0.3397378 0.0234803 0.0169483
31 0.4376365 0.3397378 0.0234803 0.0169483
30 0.4879514 0.3397378 0.0234803 0.0169483
4 0.5885813 0.3397378 0.0234804 0.0169483
16 0.6388962 0.3397378 0.0234804 0.0169483
13 0.6892112 0.3397378 0.0234804 0.0169483
15 0.4376365 0.4120506 0.0234803 0.0169483
24 0.6388962 0.4120506 0.0234804 0.0169483
12 0.6892112 0.4120506 0.0234804 0.0169483
19 0.4376365 0.4843635 0.0234803 0.0169483
10 0.4879514 0.4843635 0.0234803 0.0169483
1 0.6892112 0.4843635 0.0234804 0.0169483
22 0.4376365 0.5561114 0.0234803 0.0158185
34 0.4879514 0.5566764 0.0436063 0.0440656
27 0.4879514 0.5561114 0.0234803 0.0158185
2 0.5885813 0.5561114 0.0234804 0.0158185
7 0.3873215 0.6284243 0.0234803 0.0158184
18 0.4376365 0.6284243 0.0234803 0.0158184
23 0.4879514 0.6284243 0.0234803 0.0158184
11 0.5382663 0.6284243 0.0234803 0.0158184
27 0.6388962 0.6284243 0.0234804 0.0158184
8 0.6892112 0.6284243 0.0234804 0.0158184
19 0.5885813 0.4843635 0.0234804 0.0169483
29 0.6388962 0.5561114 0.0234804 0.0158185
15 0.3873215 0.5561114 0.0234803 0.0158185
11 0.5885813 0.6284243 0.0234804 0.0158184
24 0.6892112 0.5561114 0.0234804 0.0158185
2 0.4879514 0.4120506 0.0234803 0.0169483
25 0.5382663 0.4120506 0.0234803 0.0169483
28 0.5382663 0.4843635 0.0234803 0.0169483
26 0.3873215 0.4843635 0.0234803 0.0169483
17 0.5885813 0.4120506 0.0234804 0.0169483
25 0.5382663 0.5561114 0.0234803 0.0158185
24 0.5382663 0.3397378 0.0234803 0.0169483
