13 0.4736194 0.5656911 0.0283483 0.0172741
30 0.5457787 0.3791312 0.0283483 0.0172741
32 0.4742637 0.4977464 0.5218660 0.5078576
33 0.5509329 0.2720320 0.0103085 0.0126676
31 0.4736194 0.3791312 0.0283483 0.0172741
11 0.6900972 0.3791312 0.0283483 0.0172741
34 0.3293010 0.4407420 0.0670050 0.0621866
30 0.3293009 0.4407420 0.0283483 0.0161224
6 0.4014602 0.4407420 0.0283482 0.0161224
5 0.4736194 0.4407420 0.0283483 0.0161224
18 0.6179379 0.4407420 0.0283483 0.0161224
7 0.2571417 0.5035044 0.0283483 0.0172740
22 0.4014602 0.5035044 0.0283482 0.0172740
10 0.5457787 0.5035044 0.0283483 0.0172740
8 0.6179379 0.5035044 0.0283483 0.0172740
9 0.6900972 0.5035044 0.0283483 0.0172740
2 0.2571417 0.5656911 0.0283483 0.0172741
26 0.3293009 0.5656911 0.0283483 0.0172741
14 0.4014602 0.5656911 0.0283482 0.0172741
12 0.5457787 0.5656911 0.0283483 0.0172741
19 0.6179379 0.5656911 0.0283483 0.0172741
30 0.6900972 0.5656911 0.0283483 0.0172741
13 0.2571417 0.6278777 0.0283483 0.0172740
27 0.4736194 0.6278777 0.0283483 0.0172740
20 0.5457787 0.6278777 0.0283483 0.0172740
29 0.6900972 0.6278777 0.0283483 0.0172740
12 0.6179379 0.6278777 0.0283483 0.0172740
4 0.4014602 0.3791312 0.0283482 0.0172741
17 0.2571417 0.3791312 0.0283483 0.0172741
15 0.5457787 0.4407420 0.0283483 0.0161224
17 0.4014602 0.6278777 0.0283482 0.0172740
5 0.3293009 0.3791312 0.0283483 0.0172741
13 0.6900972 0.4407420 0.0283483 0.0161224
17 0.6179379 0.3791312 0.0283483 0.0172741
7 0.4736194 0.5035044 0.0283483 0.0172740
14 0.3293009 0.5035044 0.0283483 0.0172740
24 0.2571417 0.4407420 0.0283483 0.0161224
30 0.3293009 0.6278777 0.0283483 0.0172740
