3 0.5525722 0.3005280 0.0237103 0.0174149
17 0.7558032 0.5971613 0.0237103 0.0162539
32 0.5937829 0.3916659 0.3861389 0.5085143
33 0.7270121 0.1937168 0.0135487 0.0197368
6 0.5017644 0.3005280 0.0237103 0.0174149
1 0.7558032 0.3005280 0.0237103 0.0174149
31 0.4509567 0.3748315 0.0237103 0.0174149
24 0.6033799 0.3748315 0.0237103 0.0174149
19 0.6541877 0.3748315 0.0237103 0.0174149
25 0.7049955 0.3748315 0.0237103 0.0174149
34 0.4509567 0.4491349 0.0440334 0.0452787
31 0.4509567 0.4491349 0.0237103 0.0174149
30 0.5525722 0.4491349 0.0237103 0.0174149
14 0.6541877 0.4491349 0.0237103 0.0174149
18 0.7558032 0.4491349 0.0237103 0.0174149
12 0.4509567 0.5228578 0.0237103 0.0162539
10 0.5525722 0.5228578 0.0237103 0.0162539
27 0.6033799 0.5228578 0.0237103 0.0162539
13 0.7049955 0.5228578 0.0237103 0.0162539
3 0.7558032 0.5228578 0.0237103 0.0162539
8 0.4509567 0.5971613 0.0237103 0.0162539
29 0.5017644 0.5971613 0.0237103 0.0162539
28 0.5525722 0.5971613 0.0237103 0.0162539
16 0.6033799 0.5971613 0.0237103 0.0162539
15 0.6541877 0.5971613 0.0237103 0.0162539
21 0.7049955 0.5971613 0.0237103 0.0162539
23 0.4509567 0.3005280 0.0237103 0.0174149
18 0.5525722 0.3748315 0.0237103 0.0174149
15 0.5017644 0.5228578 0.0237103 0.0162539
1 0.6033799 0.3005280 0.0237103 0.0174149
30 0.5017644 0.4491349 0.0237103 0.0174149
8 0.5017644 0.3748315 0.0237103 0.0174149
20 0.7049955 0.4491349 0.0237103 0.0174149
31 0.6541877 0.5228578 0.0237103 0.0162539
10 0.6033799 0.4491349 0.0237103 0.0174149
23 0.6541877 0.3005280 0.0237103 0.0174149
7 0.7558032 0.3748315 0.0237103 0.0174149
11 0.7049955 0.3005280 0.0237103 0.0174149
