11 0.8141954 0.6268485 0.0265143 0.0174562
14 0.7467044 0.4383227 0.0265143 0.0174561
32 0.6111199 0.5372405 0.4832836 0.5155366
33 0.6852394 0.2940190 0.0120520 0.0151286
10 0.4092496 0.4383227 0.0265143 0.0174561
9 0.4767405 0.4383227 0.0265143 0.0174561
12 0.4092496 0.5011646 0.0265143 0.0174561
31 0.6117225 0.5011646 0.0265143 0.0174561
3 0.6792134 0.5011646 0.0265143 0.0174561
17 0.7467044 0.5011646 0.0265143 0.0174561
34 0.8141954 0.5017465 0.0626702 0.0628419
9 0.8141954 0.5011646 0.0265143 0.0174561
14 0.4092496 0.5640066 0.0265143 0.0174562
2 0.4767405 0.5640066 0.0265143 0.0174562
6 0.5442315 0.5640066 0.0265143 0.0174562
27 0.6792134 0.5640066 0.0265143 0.0174562
1 0.7467044 0.5640066 0.0265143 0.0174562
13 0.8141954 0.5640066 0.0265143 0.0174562
22 0.4092496 0.6268485 0.0265143 0.0174562
26 0.4767405 0.6268485 0.0265143 0.0174562
24 0.5442315 0.6268485 0.0265143 0.0174562
5 0.7467044 0.6268485 0.0265143 0.0174562
4 0.4092496 0.6896904 0.0265143 0.0174562
21 0.6117225 0.6896904 0.0265143 0.0174562
20 0.6792134 0.6896904 0.0265143 0.0174562
7 0.7467044 0.6896904 0.0265143 0.0174562
8 0.6117225 0.4383227 0.0265143 0.0174561
12 0.6117225 0.6268485 0.0265143 0.0174562
29 0.5442315 0.6896904 0.0265143 0.0174562
4 0.6792134 0.6268485 0.0265143 0.0174562
13 0.8141954 0.6896904 0.0265143 0.0174562
31 0.5442315 0.5011646 0.0265143 0.0174561
5 0.8141954 0.4383227 0.0265143 0.0174561
18 0.5442315 0.4383227 0.0265143 0.0174561
3 0.4767405 0.6896904 0.0265143 0.0174562
5 0.4767405 0.5011646 0.0265143 0.0174561
20 0.6117225 0.5640066 0.0265143 0.0174562
30 0.6792134 0.4383227 0.0265143 0.0174561
