4 0.3856205 0.5918151 0.0234437 0.0159245
16 0.5865668 0.5195865 0.0234437 0.0170619
32 0.4766045 0.4632824 0.3817980 0.4982066
33 0.6083360 0.2693458 0.0133964 0.0193368
5 0.3353839 0.3739919 0.0234437 0.0170619
23 0.3856205 0.3739919 0.0234437 0.0170619
24 0.4860936 0.3739919 0.0234437 0.0170619
29 0.5865668 0.3739919 0.0234437 0.0170619
22 0.6368034 0.3739919 0.0234437 0.0170619
14 0.3353839 0.4467892 0.0234437 0.0170619
20 0.3856205 0.4467892 0.0234437 0.0170619
15 0.4358571 0.4467892 0.0234437 0.0170619
27 0.3353839 0.5195865 0.0234437 0.0170619
11 0.3856205 0.5195865 0.0234437 0.0170619
18 0.4860936 0.5195865 0.0234437 0.0170619
34 0.5363302 0.5195865 0.0435384 0.0443609
5 0.5363302 0.5195865 0.0234437 0.0170619
6 0.6368034 0.5195865 0.0234437 0.0170619
13 0.3353839 0.5918151 0.0234437 0.0159245
31 0.5363302 0.5918151 0.0234437 0.0159245
16 0.5865668 0.5918151 0.0234437 0.0159245
3 0.3353839 0.6646124 0.0234437 0.0159245
26 0.3856205 0.6646124 0.0234437 0.0159245
28 0.4860936 0.6646124 0.0234437 0.0159245
17 0.5363302 0.6646124 0.0234437 0.0159245
30 0.6368034 0.6646124 0.0234437 0.0159245
9 0.4860936 0.5918151 0.0234437 0.0159245
1 0.4358571 0.3739919 0.0234437 0.0170619
3 0.5865668 0.6646124 0.0234437 0.0159245
23 0.4358571 0.5918151 0.0234437 0.0159245
31 0.5363302 0.3739919 0.0234437 0.0170619
9 0.6368034 0.4467892 0.0234437 0.0170619
3 0.5363302 0.4467892 0.0234437 0.0170619
18 0.5865668 0.4467892 0.0234437 0.0170619
24 0.4358571 0.6646124 0.0234437 0.0159245
25 0.4860936 0.4467892 0.0234437 0.0170619
27 0.6368034 0.5918151 0.0234437 0.0159245
7 0.4358571 0.5195865 0.0234437 0.0170619
