24 0.4175605 0.5458922 0.0284535 0.0172370
6 0.4899877 0.3597329 0.0284535 0.0172370
32 0.4175605 0.4510889 0.5225101 0.5102145
33 0.4971011 0.2080475 0.0116401 0.0149387
31 0.2727062 0.2976798 0.0284535 0.0172370
19 0.3451334 0.2976798 0.0284535 0.0172370
28 0.4175605 0.2976798 0.0284535 0.0172370
26 0.5624149 0.2976798 0.0284535 0.0172370
16 0.4175605 0.3597329 0.0284535 0.0172370
29 0.6348420 0.3597329 0.0284535 0.0172370
3 0.3451334 0.4217860 0.0284535 0.0172369
25 0.4175605 0.4217860 0.0284535 0.0172369
34 0.4899877 0.4223606 0.0672538 0.0620531
13 0.4899877 0.4217860 0.0284535 0.0172369
13 0.5624149 0.4217860 0.0284535 0.0172369
9 0.6348420 0.4217860 0.0284535 0.0172369
8 0.2002791 0.4838391 0.0284535 0.0172370
21 0.2727062 0.4838391 0.0284535 0.0172370
11 0.3451334 0.4838391 0.0284535 0.0172370
17 0.4175605 0.4838391 0.0284535 0.0172370
5 0.5624149 0.4838391 0.0284535 0.0172370
30 0.6348420 0.4838391 0.0284535 0.0172370
4 0.2002791 0.5458922 0.0284535 0.0172370
18 0.2727062 0.5458922 0.0284535 0.0172370
10 0.3451334 0.5458922 0.0284535 0.0172370
6 0.5624149 0.5458922 0.0284535 0.0172370
31 0.2727062 0.3597329 0.0284535 0.0172370
19 0.2727062 0.4217860 0.0284535 0.0172369
5 0.2002791 0.3597329 0.0284535 0.0172370
25 0.5624149 0.3597329 0.0284535 0.0172370
23 0.4899877 0.5458922 0.0284535 0.0172370
15 0.6348420 0.5458922 0.0284535 0.0172370
26 0.6348420 0.2976798 0.0284535 0.0172370
14 0.4899877 0.2976798 0.0284535 0.0172370
6 0.4899877 0.4838391 0.0284535 0.0172370
15 0.2002791 0.4217860 0.0284535 0.0172369
23 0.2002791 0.2976798 0.0284535 0.0172370
4 0.3451334 0.3597329 0.0284535 0.0172370
