4 0.4309808 0.3735470 0.0231054 0.0149181
7 0.4804924 0.3058830 0.0231054 0.0159836
32 0.3226053 0.2531370 0.3762886 0.4667220
33 0.4524358 0.0714564 0.0132031 0.0181148
8 0.2329342 0.1694894 0.0231054 0.0159836
21 0.3319575 0.1694894 0.0231055 0.0159836
20 0.1834225 0.2376862 0.0231055 0.0159836
29 0.2824458 0.2376862 0.0231055 0.0159836
25 0.3814691 0.2376862 0.0231054 0.0159836
27 0.4309808 0.2376862 0.0231054 0.0159836
2 0.4804924 0.2376862 0.0231054 0.0159836
34 0.1834225 0.3058830 0.0429101 0.0415574
22 0.1834225 0.3058830 0.0231055 0.0159836
7 0.2329342 0.3058830 0.0231054 0.0159836
26 0.3814691 0.3058830 0.0231054 0.0159836
28 0.1834225 0.3735470 0.0231055 0.0149181
22 0.2329342 0.3735470 0.0231054 0.0149181
14 0.2824458 0.3735470 0.0231055 0.0149181
4 0.3319575 0.3735470 0.0231055 0.0149181
16 0.3814691 0.3735470 0.0231054 0.0149181
19 0.4804924 0.3735470 0.0231054 0.0149181
1 0.1834225 0.4417438 0.0231055 0.0149181
17 0.2329342 0.4417438 0.0231054 0.0149181
6 0.3319575 0.4417438 0.0231055 0.0149181
11 0.4309808 0.4417438 0.0231054 0.0149181
23 0.4804924 0.4417438 0.0231054 0.0149181
26 0.4309808 0.3058830 0.0231054 0.0159836
14 0.3814691 0.1694894 0.0231054 0.0159836
8 0.2824458 0.4417438 0.0231055 0.0149181
13 0.2824458 0.1694894 0.0231055 0.0159836
12 0.2824458 0.3058830 0.0231055 0.0159836
11 0.3814691 0.4417438 0.0231054 0.0149181
4 0.1834225 0.1694894 0.0231055 0.0159836
26 0.2329342 0.2376862 0.0231054 0.0159836
23 0.4309808 0.1694894 0.0231054 0.0159836
15 0.3319575 0.2376862 0.0231055 0.0159836
20 0.3319575 0.3058830 0.0231055 0.0159836
14 0.4804924 0.1694894 0.0231054 0.0159836
