27 0.8611014 0.3752420 0.0241470 0.0166327
19 0.7409410 0.4334564 0.0252969 0.0155239
32 0.7963045 0.4190414 0.4073911 0.4235790
33 0.9881610 0.2244390 0.0114986 0.0166327
4 0.6225053 0.3175820 0.0252970 0.0166327
15 0.7409410 0.3175820 0.0252969 0.0166327
31 0.8013086 0.3175820 0.0241471 0.0166327
34 0.8616763 0.3170276 0.0505939 0.0487892
24 0.8611014 0.3175820 0.0241470 0.0166327
7 0.6822980 0.3752420 0.0252970 0.0166327
22 0.7409410 0.3752420 0.0252969 0.0166327
13 0.8013086 0.3752420 0.0241471 0.0166327
24 0.9801120 0.3752420 0.0252970 0.0166327
25 0.6822980 0.4334564 0.0252970 0.0155239
17 0.8013086 0.4334564 0.0241471 0.0155239
20 0.8611014 0.4334564 0.0241470 0.0155239
21 0.9214690 0.4334564 0.0252970 0.0155239
18 0.9801120 0.4334564 0.0252970 0.0155239
14 0.6822980 0.4911163 0.0252970 0.0155238
29 0.7409410 0.4911163 0.0252969 0.0155238
27 0.8611014 0.4911163 0.0241470 0.0155238
6 0.9214690 0.4911163 0.0252970 0.0155238
11 0.9801120 0.4911163 0.0252970 0.0155238
2 0.6822980 0.5476674 0.0252970 0.0155238
8 0.8013086 0.5476674 0.0241471 0.0155238
3 0.8611014 0.5476674 0.0241470 0.0155238
16 0.9214690 0.5476674 0.0252970 0.0155238
10 0.9801120 0.5476674 0.0252970 0.0155238
26 0.6225053 0.6058819 0.0252970 0.0166327
5 0.6822980 0.6058819 0.0252970 0.0166327
12 0.7409410 0.6058819 0.0252969 0.0166327
28 0.8611014 0.6058819 0.0241470 0.0166327
1 0.9801120 0.6058819 0.0252970 0.0166327
19 0.6225053 0.4334564 0.0252970 0.0155239
8 0.9214690 0.6058819 0.0252970 0.0166327
31 0.8013086 0.6058819 0.0241471 0.0166327
9 0.6225053 0.5476674 0.0252970 0.0155238
16 0.7409410 0.5476674 0.0252969 0.0155238
2 0.9214690 0.3752420 0.0252970 0.0166327
19 0.8013086 0.4911163 0.0241471 0.0155238
31 0.6822980 0.3175820 0.0252970 0.0166327
26 0.9214690 0.3175820 0.0252970 0.0166327
31 0.6225053 0.4911163 0.0252970 0.0155238
5 0.9801120 0.3175820 0.0252970 0.0166327
6 0.6225053 0.3752420 0.0252970 0.0166327
