4 0.3064160 0.1933052 0.0271161 0.0173134
16 0.2373933 0.3179619 0.0271161 0.0173134
32 0.4438451 0.3318127 0.4942520 0.5020896
33 0.5202632 0.0934644 0.0110929 0.0138507
24 0.3754387 0.1933052 0.0271161 0.0173134
7 0.5825069 0.1933052 0.0271160 0.0173134
3 0.2373933 0.2556335 0.0271161 0.0173134
23 0.3064160 0.2556335 0.0271161 0.0173134
5 0.3754387 0.2556335 0.0271161 0.0173134
18 0.4444614 0.2556335 0.0271161 0.0173134
9 0.5134842 0.2556335 0.0271161 0.0173134
15 0.5825069 0.2556335 0.0271160 0.0173134
6 0.6515296 0.2556335 0.0271161 0.0173134
29 0.3754387 0.3179619 0.0271161 0.0173134
12 0.5134842 0.3179619 0.0271161 0.0173134
13 0.6515296 0.3179619 0.0271161 0.0173134
25 0.2373933 0.3802903 0.0271161 0.0173134
28 0.4444614 0.3802903 0.0271161 0.0173134
17 0.5134842 0.3802903 0.0271161 0.0173134
8 0.5825069 0.3802903 0.0271160 0.0173134
2 0.6515296 0.3802903 0.0271161 0.0173134
34 0.2373933 0.4431958 0.0640925 0.0623284
21 0.2373933 0.4426186 0.0271161 0.0173134
22 0.3754387 0.4426186 0.0271161 0.0173134
16 0.5134842 0.4426186 0.0271161 0.0173134
27 0.6515296 0.4426186 0.0271161 0.0173134
13 0.4444614 0.3179619 0.0271161 0.0173134
13 0.6515296 0.1933052 0.0271161 0.0173134
15 0.3064160 0.4426186 0.0271161 0.0173134
2 0.4444614 0.4426186 0.0271161 0.0173134
4 0.3064160 0.3179619 0.0271161 0.0173134
18 0.2373933 0.1933052 0.0271161 0.0173134
7 0.3754387 0.3802903 0.0271161 0.0173134
20 0.5825069 0.4426186 0.0271160 0.0173134
26 0.5134842 0.1933052 0.0271161 0.0173134
15 0.3064160 0.3802903 0.0271161 0.0173134
6 0.4444614 0.1933052 0.0271161 0.0173134
3 0.5825069 0.3179619 0.0271160 0.0173134
