14 0.5178690 0.4454013 0.0267511 0.0158877
8 0.3816817 0.4454013 0.0267511 0.0158877
32 0.5853547 0.4210402 0.4875991 0.4692159
33 0.6601361 0.1996720 0.0121596 0.0137693
34 0.3816817 0.3315397 0.0632298 0.0571956
26 0.3816817 0.3310101 0.0267511 0.0158877
23 0.5178690 0.3310101 0.0267511 0.0158877
17 0.5859627 0.3310101 0.0267511 0.0158877
24 0.6540562 0.3310101 0.0267510 0.0158877
2 0.7221500 0.3310101 0.0267511 0.0158877
28 0.7902435 0.3310101 0.0267510 0.0158877
15 0.5178690 0.3882057 0.0267511 0.0158877
8 0.5859627 0.3882057 0.0267511 0.0158877
14 0.6540562 0.3882057 0.0267510 0.0158877
29 0.7902435 0.3882057 0.0267510 0.0158877
19 0.4497754 0.4454013 0.0267511 0.0158877
13 0.5859627 0.4454013 0.0267511 0.0158877
11 0.7221500 0.4454013 0.0267511 0.0158877
21 0.3816817 0.5025969 0.0267511 0.0158877
4 0.4497754 0.5025969 0.0267511 0.0158877
30 0.5859627 0.5025969 0.0267511 0.0158877
31 0.6540562 0.5025969 0.0267510 0.0158877
26 0.7221500 0.5025969 0.0267511 0.0158877
9 0.7902435 0.5025969 0.0267510 0.0158877
7 0.4497754 0.5597926 0.0267511 0.0158877
18 0.5859627 0.5597926 0.0267511 0.0158877
5 0.6540562 0.5597926 0.0267510 0.0158877
1 0.7221500 0.5597926 0.0267511 0.0158877
6 0.4497754 0.6169882 0.0267511 0.0158877
22 0.5178690 0.6169882 0.0267511 0.0158877
20 0.5859627 0.6169882 0.0267511 0.0158877
27 0.6540562 0.6169882 0.0267510 0.0158877
25 0.7902435 0.6169882 0.0267510 0.0158877
14 0.3816817 0.3882057 0.0267511 0.0158877
21 0.7902435 0.4454013 0.0267510 0.0158877
8 0.7902435 0.5597926 0.0267510 0.0158877
24 0.4497754 0.3882057 0.0267511 0.0158877
5 0.5178690 0.5025969 0.0267511 0.0158877
7 0.7221500 0.6169882 0.0267511 0.0158877
24 0.6540562 0.4454013 0.0267510 0.0158877
3 0.5178690 0.5597926 0.0267511 0.0158877
20 0.7221500 0.3882057 0.0267511 0.0158877
7 0.3816817 0.6169882 0.0267511 0.0158877
5 0.4497754 0.3310101 0.0267511 0.0158877
9 0.3816817 0.5597926 0.0267511 0.0158877
