6 0.7013511 0.6515512 0.0288197 0.0172200
14 0.5546325 0.6515512 0.0288197 0.0172200
32 0.6286468 0.5218274 0.5305451 0.5062676
33 0.7065910 0.2968196 0.0104799 0.0126280
16 0.4079138 0.4035835 0.0288197 0.0172200
24 0.4812731 0.4035835 0.0288197 0.0172200
10 0.6279918 0.4035835 0.0288197 0.0172200
3 0.7747105 0.4035835 0.0288197 0.0172200
5 0.8480697 0.4035835 0.0288197 0.0172200
19 0.5546325 0.4650014 0.0288197 0.0160720
9 0.6279918 0.4650014 0.0288197 0.0160720
22 0.7013511 0.4650014 0.0288197 0.0160720
21 0.7747105 0.4650014 0.0288197 0.0160720
2 0.8480697 0.4650014 0.0288197 0.0160720
12 0.4079138 0.5275674 0.0288197 0.0172200
4 0.5546325 0.5275674 0.0288197 0.0172200
29 0.7013511 0.5275674 0.0288197 0.0172200
18 0.7747105 0.5275674 0.0288197 0.0172200
25 0.8480697 0.5275674 0.0288197 0.0172200
31 0.6279918 0.5895593 0.0288197 0.0172200
15 0.7013511 0.5895593 0.0288197 0.0172200
34 0.7747105 0.5889853 0.0681194 0.0619919
20 0.7747105 0.5895593 0.0288197 0.0172200
6 0.8480697 0.5895593 0.0288197 0.0172200
17 0.4079138 0.6515512 0.0288197 0.0172200
14 0.6279918 0.6515512 0.0288197 0.0172200
26 0.7747105 0.6515512 0.0288197 0.0172200
20 0.4079138 0.7129693 0.0288197 0.0160720
27 0.4812731 0.7129693 0.0288197 0.0160720
8 0.6279918 0.7129693 0.0288197 0.0160720
1 0.7013511 0.7129693 0.0288197 0.0160720
11 0.7747105 0.7129693 0.0288197 0.0160720
30 0.8480697 0.7129693 0.0288197 0.0160720
22 0.4812731 0.5275674 0.0288197 0.0172200
17 0.4812731 0.5895593 0.0288197 0.0172200
15 0.5546325 0.5895593 0.0288197 0.0172200
31 0.4812731 0.4650014 0.0288197 0.0160720
9 0.6279918 0.5275674 0.0288197 0.0172200
24 0.5546325 0.7129693 0.0288197 0.0160720
3 0.8480697 0.6515512 0.0288197 0.0172200
5 0.7013511 0.4035835 0.0288197 0.0172200
4 0.4079138 0.5895593 0.0288197 0.0172200
9 0.4079138 0.4650014 0.0288197 0.0160720
5 0.4812731 0.6515512 0.0288197 0.0172200
6 0.5546325 0.4035835 0.0288197 0.0172200
