8 0.6401066 0.4027758 0.0233027 0.0170048
12 0.4197897 0.3438259 0.0233027 0.0170048
32 0.5241225 0.4277161 0.3823769 0.3888429
33 0.7031299 0.2474654 0.0095329 0.0147375
9 0.3647105 0.3438259 0.0233027 0.0170048
11 0.4738097 0.3438259 0.0233027 0.0170048
20 0.5294185 0.3438259 0.0222435 0.0170048
19 0.5844977 0.3438259 0.0222436 0.0170048
13 0.6941265 0.3438259 0.0233027 0.0170048
17 0.4738097 0.4027758 0.0233027 0.0170048
3 0.5294185 0.4027758 0.0222435 0.0170048
31 0.4738097 0.4622925 0.0233027 0.0158712
7 0.5844977 0.4622925 0.0222436 0.0158712
18 0.6941265 0.4622925 0.0233027 0.0158712
12 0.3647105 0.5212425 0.0233027 0.0158711
10 0.4197897 0.5212425 0.0233027 0.0158711
15 0.4738097 0.5212425 0.0233027 0.0158711
25 0.5294185 0.5212425 0.0222435 0.0158711
6 0.6941265 0.5212425 0.0233027 0.0158711
34 0.4197897 0.5790588 0.0466055 0.0498807
8 0.4197897 0.5790588 0.0233027 0.0158712
23 0.4738097 0.5790588 0.0233027 0.0158712
1 0.5294185 0.5790588 0.0222435 0.0158712
28 0.5844977 0.5790588 0.0222436 0.0158712
8 0.6401066 0.5790588 0.0233027 0.0158712
4 0.6941265 0.5790588 0.0233027 0.0158712
17 0.6401066 0.4622925 0.0233027 0.0158712
19 0.3647105 0.4622925 0.0233027 0.0158712
2 0.4197897 0.4622925 0.0233027 0.0158712
25 0.5844977 0.4027758 0.0222436 0.0170048
21 0.3647105 0.5790588 0.0233027 0.0158712
1 0.6941265 0.4027758 0.0233027 0.0170048
13 0.5844977 0.5212425 0.0222436 0.0158711
24 0.6401066 0.5212425 0.0233027 0.0158711
14 0.3647105 0.4027758 0.0233027 0.0170048
10 0.4197897 0.4027758 0.0233027 0.0170048
18 0.5294185 0.4622925 0.0222435 0.0158712
28 0.6401066 0.3438259 0.0233027 0.0170048
