18 0.4758051 0.3726545 0.0231856 0.0172165
5 0.6745394 0.5189952 0.0231856 0.0160688
32 0.5657876 0.3158398 0.3775951 0.5027233
33 0.6960689 0.1201450 0.0132490 0.0195121
28 0.4261216 0.2257399 0.0231857 0.0172166
2 0.5751723 0.2257399 0.0231856 0.0172166
17 0.6248558 0.2257399 0.0231856 0.0172166
8 0.4261216 0.2991972 0.0231857 0.0172165
4 0.4758051 0.2991972 0.0231856 0.0172165
29 0.5254887 0.2991972 0.0231856 0.0172165
1 0.5751723 0.2991972 0.0231856 0.0172165
6 0.6248558 0.2991972 0.0231856 0.0172165
5 0.6745394 0.2991972 0.0231856 0.0172165
14 0.4261216 0.3726545 0.0231857 0.0172165
3 0.5254887 0.3726545 0.0231856 0.0172165
12 0.6248558 0.3726545 0.0231856 0.0172165
31 0.6745394 0.3726545 0.0231856 0.0172165
20 0.7242230 0.3726545 0.0231856 0.0172165
15 0.4758051 0.4455379 0.0231856 0.0160688
16 0.5254887 0.4455379 0.0231856 0.0160688
19 0.6248558 0.4455379 0.0231856 0.0160688
7 0.4758051 0.5189952 0.0231856 0.0160688
30 0.5751723 0.5189952 0.0231856 0.0160688
10 0.6248558 0.5189952 0.0231856 0.0160688
34 0.7242230 0.5189952 0.0430591 0.0459108
2 0.7242230 0.5189952 0.0231856 0.0160688
2 0.4261216 0.5189952 0.0231857 0.0160688
7 0.5751723 0.3726545 0.0231856 0.0172165
11 0.6745394 0.2257399 0.0231856 0.0172166
29 0.7242230 0.2991972 0.0231856 0.0172165
25 0.5254887 0.2257399 0.0231856 0.0172166
15 0.5751723 0.4455379 0.0231856 0.0160688
4 0.4261216 0.4455379 0.0231857 0.0160688
18 0.7242230 0.2257399 0.0231856 0.0172166
22 0.6745394 0.4455379 0.0231856 0.0160688
28 0.5254887 0.5189952 0.0231856 0.0160688
18 0.7242230 0.4455379 0.0231856 0.0160688
7 0.4758051 0.2257399 0.0231856 0.0172166
