1 0.5275374 0.2876379 0.0256265 0.0168388
31 0.7104177 0.4621997 0.0256265 0.0157161
32 0.5828674 0.3123348 0.4205083 0.3850462
33 0.7797259 0.1338440 0.0104837 0.0145936
13 0.4075586 0.2292636 0.0256265 0.0168388
30 0.4681304 0.2292636 0.0256265 0.0168388
4 0.5886917 0.2292636 0.0244617 0.0168388
21 0.6492634 0.2292636 0.0244617 0.0168388
20 0.7104177 0.2292636 0.0256265 0.0168388
34 0.7698247 0.2287023 0.0512531 0.0493937
31 0.7698247 0.2292636 0.0256265 0.0168388
24 0.4681304 0.2876379 0.0256265 0.0168388
3 0.5886917 0.2876379 0.0244617 0.0168388
29 0.4075586 0.3465736 0.0256265 0.0157162
9 0.5275374 0.3465736 0.0256265 0.0157162
1 0.5886917 0.3465736 0.0244617 0.0157162
8 0.7104177 0.3465736 0.0256265 0.0157162
26 0.7698247 0.3465736 0.0256265 0.0157162
25 0.4681304 0.4049479 0.0256265 0.0157161
23 0.5275374 0.4049479 0.0256265 0.0157161
31 0.5886917 0.4049479 0.0244617 0.0157161
11 0.7698247 0.4049479 0.0256265 0.0157161
17 0.4075586 0.4621997 0.0256265 0.0157161
12 0.5275374 0.4621997 0.0256265 0.0157161
5 0.5886917 0.4621997 0.0244617 0.0157161
2 0.7698247 0.4621997 0.0256265 0.0157161
8 0.4075586 0.2876379 0.0256265 0.0168388
21 0.6492634 0.4621997 0.0244617 0.0157161
16 0.4681304 0.4621997 0.0256265 0.0157161
17 0.7698247 0.2876379 0.0256265 0.0168388
18 0.7104177 0.2876379 0.0256265 0.0168388
14 0.7104177 0.4049479 0.0256265 0.0157161
8 0.6492634 0.4049479 0.0244617 0.0157161
12 0.4075586 0.4049479 0.0256265 0.0157161
16 0.6492634 0.3465736 0.0244617 0.0157162
23 0.6492634 0.2876379 0.0244617 0.0168388
24 0.4681304 0.3465736 0.0256265 0.0157162
25 0.5275374 0.2292636 0.0256265 0.0168388
