16 0.7603502 0.6061043 0.0288040 0.0167659
22 0.6870309 0.6061043 0.0288039 0.0167659
32 0.6130572 0.3993246 0.5250178 0.4951536
33 0.6935774 0.1657194 0.0130927 0.0145305
3 0.4670734 0.3043177 0.0288040 0.0167659
29 0.5403926 0.3043177 0.0288040 0.0167659
20 0.6137118 0.3043177 0.0288039 0.0167659
1 0.6870309 0.3043177 0.0288039 0.0167659
2 0.7603502 0.3043177 0.0288040 0.0167659
23 0.8336694 0.3043177 0.0288039 0.0167659
21 0.3937542 0.3646750 0.0288039 0.0167659
28 0.4670734 0.3646750 0.0288040 0.0167659
24 0.5403926 0.3646750 0.0288040 0.0167659
7 0.6870309 0.3646750 0.0288039 0.0167659
13 0.7603502 0.3646750 0.0288040 0.0167659
26 0.8336694 0.3646750 0.0288039 0.0167659
12 0.4670734 0.4250324 0.0288040 0.0167659
15 0.6137118 0.4250324 0.0288039 0.0167659
8 0.6870309 0.4250324 0.0288039 0.0167659
10 0.7603502 0.4250324 0.0288040 0.0167659
34 0.8336694 0.4255912 0.0680821 0.0603574
26 0.8336694 0.4250324 0.0288039 0.0167659
6 0.3937542 0.4853897 0.0288039 0.0167659
5 0.6137118 0.4853897 0.0288039 0.0167659
9 0.7603502 0.4853897 0.0288040 0.0167659
25 0.8336694 0.4853897 0.0288039 0.0167659
30 0.3937542 0.5457470 0.0288039 0.0167659
27 0.4670734 0.5457470 0.0288040 0.0167659
19 0.6137118 0.5457470 0.0288039 0.0167659
11 0.8336694 0.5457470 0.0288039 0.0167659
31 0.3937542 0.6061043 0.0288039 0.0167659
18 0.4670734 0.6061043 0.0288040 0.0167659
22 0.6137118 0.6061043 0.0288039 0.0167659
31 0.6137118 0.3646750 0.0288039 0.0167659
1 0.5403926 0.6061043 0.0288040 0.0167659
24 0.5403926 0.5457470 0.0288040 0.0167659
22 0.5403926 0.4250324 0.0288040 0.0167659
27 0.3937542 0.4250324 0.0288039 0.0167659
4 0.7603502 0.5457470 0.0288040 0.0167659
12 0.6870309 0.5457470 0.0288039 0.0167659
12 0.4670734 0.4853897 0.0288040 0.0167659
5 0.8336694 0.6061043 0.0288039 0.0167659
3 0.6870309 0.4853897 0.0288039 0.0167659
31 0.3937542 0.3043177 0.0288039 0.0167659
24 0.5403926 0.4853897 0.0288040 0.0167659
