24 0.5546339 0.6130212 0.0269728 0.0172157
5 0.6232920 0.5510444 0.0269728 0.0172157
32 0.4853628 0.5648170 0.4916413 0.4992568
33 0.5613771 0.3278135 0.0110344 0.0137726
5 0.2800014 0.4270910 0.0269728 0.0172158
15 0.3486595 0.4270910 0.0269728 0.0172158
6 0.4859758 0.4270910 0.0269728 0.0172158
8 0.5546339 0.4270910 0.0269728 0.0172158
27 0.6919501 0.4270910 0.0269728 0.0172158
23 0.2800014 0.4890677 0.0269728 0.0172157
11 0.4173177 0.4890677 0.0269728 0.0172157
16 0.4859758 0.4890677 0.0269728 0.0172157
4 0.5546339 0.4890677 0.0269728 0.0172157
17 0.6232920 0.4890677 0.0269728 0.0172157
3 0.6919501 0.4890677 0.0269728 0.0172157
12 0.6919501 0.5510444 0.0269728 0.0172157
19 0.2800014 0.6130212 0.0269728 0.0172157
34 0.3486595 0.6135950 0.0637540 0.0619767
7 0.3486595 0.6130212 0.0269728 0.0172157
26 0.4173177 0.6130212 0.0269728 0.0172157
30 0.4859758 0.6130212 0.0269728 0.0172157
2 0.6919501 0.6130212 0.0269728 0.0172157
28 0.4173177 0.6749978 0.0269728 0.0172158
31 0.4859758 0.6749978 0.0269728 0.0172158
22 0.5546339 0.6749978 0.0269728 0.0172158
25 0.6919501 0.6749978 0.0269728 0.0172158
2 0.3486595 0.6749978 0.0269728 0.0172158
7 0.6232920 0.4270910 0.0269728 0.0172158
7 0.5546339 0.5510444 0.0269728 0.0172157
6 0.4173177 0.4270910 0.0269728 0.0172158
16 0.2800014 0.6749978 0.0269728 0.0172158
1 0.3486595 0.4890677 0.0269728 0.0172157
17 0.6232920 0.6130212 0.0269728 0.0172157
31 0.3486595 0.5510444 0.0269728 0.0172157
5 0.6232920 0.6749978 0.0269728 0.0172158
29 0.2800014 0.5510444 0.0269728 0.0172157
28 0.4859758 0.5510444 0.0269728 0.0172157
16 0.4173177 0.5510444 0.0269728 0.0172157
