30 0.6277959 0.5323720 0.0264497 0.0172068
2 0.4258160 0.4704275 0.0264498 0.0172068
32 0.6271948 0.4222485 0.4821070 0.4989971
33 0.7017351 0.1853682 0.0108204 0.0137654
12 0.4258160 0.2845941 0.0264498 0.0172068
27 0.5604693 0.2845941 0.0264497 0.0172068
4 0.6951226 0.2845941 0.0264497 0.0172068
2 0.8297759 0.2845941 0.0264497 0.0172068
17 0.4931426 0.3465386 0.0264498 0.0172068
24 0.6951226 0.3465386 0.0264497 0.0172068
7 0.7624493 0.3465386 0.0264497 0.0172068
13 0.8297759 0.3465386 0.0264497 0.0172068
5 0.4258160 0.4084830 0.0264498 0.0172068
29 0.4931426 0.4084830 0.0264498 0.0172068
31 0.5604693 0.4084830 0.0264497 0.0172068
14 0.6277959 0.4084830 0.0264497 0.0172068
26 0.6951226 0.4084830 0.0264497 0.0172068
11 0.8297759 0.4084830 0.0264497 0.0172068
6 0.4931426 0.4704275 0.0264498 0.0172068
22 0.5604693 0.4704275 0.0264497 0.0172068
34 0.6951226 0.4710010 0.0625175 0.0619444
9 0.6951226 0.4704275 0.0264497 0.0172068
19 0.4258160 0.5323720 0.0264498 0.0172068
23 0.4931426 0.5323720 0.0264498 0.0172068
3 0.5604693 0.5323720 0.0264497 0.0172068
21 0.8297759 0.5323720 0.0264497 0.0172068
23 0.6277959 0.3465386 0.0264497 0.0172068
13 0.7624493 0.4704275 0.0264497 0.0172068
17 0.7624493 0.4084830 0.0264497 0.0172068
25 0.8297759 0.4704275 0.0264497 0.0172068
18 0.4931426 0.2845941 0.0264498 0.0172068
17 0.6277959 0.4704275 0.0264497 0.0172068
28 0.7624493 0.2845941 0.0264497 0.0172068
27 0.7624493 0.5323720 0.0264497 0.0172068
30 0.6951226 0.5323720 0.0264497 0.0172068
30 0.6277959 0.2845941 0.0264497 0.0172068
7 0.4258160 0.3465386 0.0264498 0.0172068
20 0.5604693 0.3465386 0.0264497 0.0172068
