16 0.3689532 0.3351930 0.0284440 0.0152728
19 0.5137592 0.5124664 0.0284440 0.0163637
32 0.2971967 0.3891932 0.5236285 0.4810927
33 0.3741249 0.1753742 0.0103433 0.0120001
17 0.0793414 0.2768291 0.0284440 0.0163637
14 0.2241473 0.2768291 0.0284440 0.0163637
26 0.2965503 0.2768291 0.0284440 0.0163637
20 0.4413562 0.2768291 0.0284440 0.0163637
31 0.0793414 0.3351930 0.0284440 0.0152728
21 0.1517444 0.3351930 0.0284440 0.0152728
30 0.2241473 0.3351930 0.0284440 0.0152728
11 0.4413562 0.3351930 0.0284440 0.0152728
8 0.5137592 0.3351930 0.0284440 0.0152728
3 0.2241473 0.3946478 0.0284440 0.0163637
2 0.2965503 0.3946478 0.0284440 0.0163637
9 0.4413562 0.3946478 0.0284440 0.0163637
1 0.5137592 0.3946478 0.0284440 0.0163637
7 0.0793414 0.4535571 0.0284440 0.0163637
4 0.1517444 0.4535571 0.0284440 0.0163637
34 0.2965503 0.4530116 0.0672313 0.0589094
21 0.2965503 0.4535571 0.0284440 0.0163637
29 0.3689532 0.4535571 0.0284440 0.0163637
18 0.5137592 0.4535571 0.0284440 0.0163637
23 0.0793414 0.5124664 0.0284440 0.0163637
16 0.1517444 0.5124664 0.0284440 0.0163637
19 0.2241473 0.5124664 0.0284440 0.0163637
15 0.2965503 0.5124664 0.0284440 0.0163637
10 0.3689532 0.5124664 0.0284440 0.0163637
22 0.4413562 0.5124664 0.0284440 0.0163637
12 0.1517444 0.5708302 0.0284440 0.0152728
25 0.2965503 0.5708302 0.0284440 0.0152728
6 0.4413562 0.5708302 0.0284440 0.0152728
5 0.5137592 0.5708302 0.0284440 0.0152728
3 0.5137592 0.2768291 0.0284440 0.0163637
21 0.1517444 0.2768291 0.0284440 0.0163637
17 0.2965503 0.3351930 0.0284440 0.0152728
22 0.0793414 0.3946478 0.0284440 0.0163637
14 0.3689532 0.5708302 0.0284440 0.0152728
18 0.3689532 0.3946478 0.0284440 0.0163637
22 0.3689532 0.2768291 0.0284440 0.0163637
12 0.2241473 0.4535571 0.0284440 0.0163637
6 0.1517444 0.3946478 0.0284440 0.0163637
12 0.2241473 0.5708302 0.0284440 0.0152728
30 0.4413562 0.4535571 0.0284440 0.0163637
22 0.0793414 0.5708302 0.0284440 0.0152728
