17 0.5600587 0.6256089 0.0225236 0.0158525
12 0.6083236 0.3363018 0.0225236 0.0169848
32 0.6957366 0.4251887 0.3668131 0.4959551
33 0.8222979 0.2321286 0.0128706 0.0192494
5 0.5600587 0.3363018 0.0225236 0.0169848
4 0.6565885 0.3363018 0.0225236 0.0169848
15 0.8013831 0.3363018 0.0225236 0.0169848
6 0.6083236 0.4087701 0.0225236 0.0169848
23 0.7048534 0.4087701 0.0225236 0.0169848
31 0.8013831 0.4087701 0.0225236 0.0169848
30 0.5600587 0.4812385 0.0225236 0.0169848
27 0.6083236 0.4812385 0.0225236 0.0169848
7 0.6565885 0.4812385 0.0225236 0.0169848
20 0.7531182 0.4812385 0.0225236 0.0169848
19 0.8496480 0.4812385 0.0225236 0.0169848
28 0.6083236 0.5531406 0.0225236 0.0158525
34 0.7048534 0.5537068 0.0418295 0.0441604
4 0.7048534 0.5531406 0.0225236 0.0158525
26 0.7531182 0.5531406 0.0225236 0.0158525
16 0.8013831 0.5531406 0.0225236 0.0158525
13 0.8496480 0.5531406 0.0225236 0.0158525
9 0.6083236 0.6256089 0.0225236 0.0158525
2 0.6565885 0.6256089 0.0225236 0.0158525
11 0.7531182 0.6256089 0.0225236 0.0158525
1 0.8013831 0.6256089 0.0225236 0.0158525
8 0.8496480 0.6256089 0.0225236 0.0158525
17 0.5600587 0.5531406 0.0225236 0.0158525
30 0.8496480 0.4087701 0.0225236 0.0169848
13 0.7531182 0.4087701 0.0225236 0.0169848
1 0.8496480 0.3363018 0.0225236 0.0169848
16 0.8013831 0.4812385 0.0225236 0.0169848
4 0.7048534 0.4812385 0.0225236 0.0169848
5 0.5600587 0.4087701 0.0225236 0.0169848
18 0.6565885 0.4087701 0.0225236 0.0169848
9 0.6565885 0.5531406 0.0225236 0.0158525
2 0.7048534 0.3363018 0.0225236 0.0169848
23 0.7531182 0.3363018 0.0225236 0.0169848
31 0.7048534 0.6256089 0.0225236 0.0158525
