14 0.5239885 0.2443964 0.0239511 0.0172294
3 0.3186934 0.2443964 0.0239511 0.0172294
32 0.3603227 0.3345638 0.3900607 0.5030998
33 0.4949051 0.1387224 0.0136864 0.0195267
23 0.2160459 0.2443964 0.0239511 0.0172294
22 0.4213410 0.2443964 0.0239511 0.0172294
4 0.2160459 0.3179087 0.0239511 0.0172294
27 0.2673697 0.3179087 0.0239511 0.0172294
5 0.3700172 0.3179087 0.0239511 0.0172294
25 0.4213410 0.3179087 0.0239511 0.0172294
26 0.4726647 0.3179087 0.0239511 0.0172294
30 0.5239885 0.3179087 0.0239511 0.0172294
1 0.2160459 0.3914210 0.0239511 0.0172294
16 0.3186934 0.3914210 0.0239511 0.0172294
20 0.3700172 0.3914210 0.0239511 0.0172294
31 0.4213410 0.3914210 0.0239511 0.0172294
7 0.4726647 0.3914210 0.0239511 0.0172294
10 0.5239885 0.3914210 0.0239511 0.0172294
9 0.2673697 0.4643589 0.0239511 0.0160809
13 0.3700172 0.4643589 0.0239511 0.0160809
15 0.4726647 0.4643589 0.0239511 0.0160809
34 0.5239885 0.4649333 0.0444806 0.0447965
2 0.5239885 0.4643589 0.0239511 0.0160809
11 0.2160459 0.5378712 0.0239511 0.0160809
29 0.4213410 0.5378712 0.0239511 0.0160809
21 0.5239885 0.5378712 0.0239511 0.0160809
10 0.4213410 0.4643589 0.0239511 0.0160809
2 0.2673697 0.2443964 0.0239511 0.0172294
7 0.3186934 0.4643589 0.0239511 0.0160809
28 0.2673697 0.3914210 0.0239511 0.0172294
29 0.2673697 0.5378712 0.0239511 0.0160809
22 0.4726647 0.2443964 0.0239511 0.0172294
27 0.3186934 0.3179087 0.0239511 0.0172294
19 0.4726647 0.5378712 0.0239511 0.0160809
10 0.3700172 0.2443964 0.0239511 0.0172294
4 0.2160459 0.4643589 0.0239511 0.0160809
18 0.3186934 0.5378712 0.0239511 0.0160809
4 0.3700172 0.5378712 0.0239511 0.0160809
