10 0.4473765 0.3179718 0.0238312 0.0159756
21 0.2941762 0.4537641 0.0238311 0.0149105
32 0.4377306 0.3334148 0.3881074 0.4664867
33 0.5716390 0.1518259 0.0136178 0.0181057
24 0.2941762 0.2498094 0.0238311 0.0159755
29 0.3452430 0.2498094 0.0238311 0.0159755
20 0.3963097 0.2498094 0.0238311 0.0159755
2 0.4473765 0.2498094 0.0238312 0.0159755
34 0.5495101 0.2498094 0.0442579 0.0415365
27 0.5495100 0.2498094 0.0238311 0.0159755
19 0.3963097 0.3179718 0.0238311 0.0159756
1 0.4984433 0.3179718 0.0238311 0.0159756
5 0.5495100 0.3179718 0.0238311 0.0159756
7 0.6005769 0.3179718 0.0238312 0.0159756
10 0.3452430 0.3861342 0.0238311 0.0159756
21 0.3963097 0.3861342 0.0238311 0.0159756
28 0.4473765 0.3861342 0.0238312 0.0159756
9 0.5495100 0.3861342 0.0238311 0.0159756
17 0.6005769 0.3861342 0.0238312 0.0159756
23 0.3452430 0.4537641 0.0238311 0.0149105
15 0.3963097 0.4537641 0.0238311 0.0149105
12 0.5495100 0.4537641 0.0238311 0.0149105
27 0.3452430 0.5219266 0.0238311 0.0149105
31 0.3963097 0.5219266 0.0238311 0.0149105
4 0.4473765 0.5219266 0.0238312 0.0149105
22 0.6005769 0.5219266 0.0238312 0.0149105
8 0.4984433 0.4537641 0.0238311 0.0149105
15 0.6005769 0.4537641 0.0238312 0.0149105
2 0.4473765 0.4537641 0.0238312 0.0149105
24 0.2941762 0.3861342 0.0238311 0.0159756
7 0.6005769 0.2498094 0.0238312 0.0159755
23 0.4984433 0.2498094 0.0238311 0.0159755
26 0.4984433 0.5219266 0.0238311 0.0149105
22 0.3452430 0.3179718 0.0238311 0.0159756
7 0.2941762 0.5219266 0.0238311 0.0149105
23 0.5495100 0.5219266 0.0238311 0.0149105
11 0.4984433 0.3861342 0.0238311 0.0159756
6 0.2941762 0.3179718 0.0238311 0.0159756
