8 0.3658903 0.6160079 0.0270397 0.0171878
19 0.5035466 0.5541319 0.0270396 0.0171878
32 0.5723748 0.5214752 0.4965462 0.5087579
33 0.6479630 0.2791277 0.0110616 0.0148961
25 0.3658903 0.3685041 0.0270397 0.0171878
34 0.4347184 0.3690770 0.0639119 0.0618759
30 0.4347184 0.3685041 0.0270396 0.0171878
19 0.5723748 0.3685041 0.0270396 0.0171878
24 0.7788593 0.3685041 0.0270396 0.0171878
6 0.4347184 0.4303800 0.0270396 0.0171878
2 0.5035466 0.4303800 0.0270396 0.0171878
8 0.5723748 0.4303800 0.0270396 0.0171878
17 0.6412030 0.4303800 0.0270396 0.0171878
3 0.7100312 0.4303800 0.0270396 0.0171878
5 0.3658903 0.4922560 0.0270397 0.0171878
4 0.4347184 0.4922560 0.0270396 0.0171878
12 0.5035466 0.4922560 0.0270396 0.0171878
13 0.6412030 0.4922560 0.0270396 0.0171878
10 0.7100312 0.4922560 0.0270396 0.0171878
16 0.7788593 0.4922560 0.0270396 0.0171878
21 0.4347184 0.5541319 0.0270396 0.0171878
29 0.5723748 0.5541319 0.0270396 0.0171878
26 0.6412030 0.5541319 0.0270396 0.0171878
23 0.7788593 0.5541319 0.0270396 0.0171878
20 0.5723748 0.6160079 0.0270396 0.0171878
28 0.6412030 0.6160079 0.0270396 0.0171878
9 0.7788593 0.6160079 0.0270396 0.0171878
7 0.3658903 0.6778838 0.0270397 0.0171878
18 0.4347184 0.6778838 0.0270396 0.0171878
14 0.5035466 0.6778838 0.0270396 0.0171878
31 0.5723748 0.6778838 0.0270396 0.0171878
15 0.6412030 0.6778838 0.0270396 0.0171878
11 0.7100312 0.6778838 0.0270396 0.0171878
9 0.7100312 0.6160079 0.0270396 0.0171878
18 0.3658903 0.5541319 0.0270397 0.0171878
7 0.7788593 0.4303800 0.0270396 0.0171878
16 0.3658903 0.4303800 0.0270397 0.0171878
9 0.5035466 0.6160079 0.0270396 0.0171878
24 0.4347184 0.6160079 0.0270396 0.0171878
6 0.5035466 0.3685041 0.0270396 0.0171878
17 0.7788593 0.6778838 0.0270396 0.0171878
29 0.7100312 0.3685041 0.0270396 0.0171878
19 0.6412030 0.3685041 0.0270396 0.0171878
29 0.7100312 0.5541319 0.0270396 0.0171878
23 0.5723748 0.4922560 0.0270396 0.0171878
