23 0.5409072 0.4979677 0.0233942 0.0152614
29 0.7397580 0.4500035 0.0233942 0.0152614
32 0.6451177 0.4194807 0.4019550 0.3640926
33 0.8110040 0.2815834 0.0085069 0.0141713
27 0.4898653 0.3551649 0.0233942 0.0152614
17 0.5409072 0.3551649 0.0233942 0.0152614
8 0.6403326 0.3551649 0.0223308 0.0152614
16 0.6897795 0.3551649 0.0233942 0.0152614
28 0.4898653 0.4020392 0.0233942 0.0152614
31 0.5409072 0.4020392 0.0233942 0.0152614
25 0.5903541 0.4020392 0.0223309 0.0152614
19 0.6403326 0.4020392 0.0223308 0.0152614
6 0.7907999 0.4020392 0.0233942 0.0152614
22 0.4898653 0.4500035 0.0233942 0.0152614
1 0.5409072 0.4500035 0.0233942 0.0152614
14 0.5903541 0.4500035 0.0223309 0.0152614
12 0.6403326 0.4500035 0.0223308 0.0152614
23 0.4898653 0.4979677 0.0233942 0.0152614
4 0.5903541 0.4979677 0.0223309 0.0152614
3 0.7397580 0.4979677 0.0233942 0.0152614
20 0.7907999 0.4979677 0.0233942 0.0152614
9 0.5903541 0.5464771 0.0223309 0.0163515
30 0.6403326 0.5464771 0.0223308 0.0163515
35 0.7397580 0.5464771 0.0425349 0.0425138
16 0.7397580 0.5464771 0.0233942 0.0163515
7 0.7907999 0.5464771 0.0233942 0.0163515
26 0.6897795 0.4979677 0.0233942 0.0152614
13 0.7907999 0.4500035 0.0233942 0.0152614
26 0.6403326 0.4979677 0.0223308 0.0152614
13 0.6897795 0.5464771 0.0233942 0.0163515
11 0.6897795 0.4500035 0.0233942 0.0152614
11 0.5409072 0.5464771 0.0233942 0.0163515
24 0.6897795 0.4020392 0.0233942 0.0152614
14 0.4898653 0.5464771 0.0233942 0.0163515
3 0.7397580 0.3551649 0.0233942 0.0152614
21 0.5903541 0.3551649 0.0223309 0.0152614
6 0.7907999 0.3551649 0.0233942 0.0152614
15 0.7397580 0.4020392 0.0233942 0.0152614
