21 0.5375067 0.6152576 0.0285538 0.0161395
7 0.7555542 0.6733601 0.0285538 0.0161395
32 0.5375067 0.5264899 0.5243523 0.4777314
33 0.6173277 0.2989219 0.0116811 0.0139876
29 0.3194592 0.3828478 0.0285538 0.0161396
16 0.3921417 0.3828478 0.0285538 0.0161396
18 0.4648242 0.3828478 0.0285538 0.0161396
10 0.6101892 0.3828478 0.0285538 0.0161396
9 0.3194592 0.4409502 0.0285538 0.0161396
8 0.4648242 0.4409502 0.0285538 0.0161396
15 0.5375067 0.4409502 0.0285538 0.0161396
17 0.6101892 0.4409502 0.0285538 0.0161396
11 0.6828717 0.4409502 0.0285538 0.0161396
20 0.7555542 0.4409502 0.0285538 0.0161396
30 0.3194592 0.4990527 0.0285538 0.0161396
4 0.3921417 0.4990527 0.0285538 0.0161396
31 0.4648242 0.4990527 0.0285538 0.0161396
3 0.6101892 0.4990527 0.0285538 0.0161396
5 0.6828717 0.4990527 0.0285538 0.0161396
34 0.7555542 0.4995907 0.0674908 0.0581025
18 0.7555542 0.4990527 0.0285538 0.0161396
22 0.4648242 0.5571552 0.0285538 0.0161396
12 0.6101892 0.5571552 0.0285538 0.0161396
19 0.6828717 0.5571552 0.0285538 0.0161396
7 0.3194592 0.6152576 0.0285538 0.0161395
14 0.3921417 0.6152576 0.0285538 0.0161395
27 0.4648242 0.6152576 0.0285538 0.0161395
26 0.6101892 0.6152576 0.0285538 0.0161395
1 0.6828717 0.6152576 0.0285538 0.0161395
23 0.7555542 0.6152576 0.0285538 0.0161395
21 0.3194592 0.6733601 0.0285538 0.0161395
13 0.4648242 0.6733601 0.0285538 0.0161395
24 0.6101892 0.6733601 0.0285538 0.0161395
3 0.3194592 0.5571552 0.0285538 0.0161396
7 0.5375067 0.5571552 0.0285538 0.0161396
6 0.3921417 0.5571552 0.0285538 0.0161396
11 0.7555542 0.3828478 0.0285538 0.0161396
31 0.5375067 0.4990527 0.0285538 0.0161396
6 0.5375067 0.3828478 0.0285538 0.0161396
10 0.6828717 0.6733601 0.0285538 0.0161395
8 0.3921417 0.6733601 0.0285538 0.0161395
13 0.5375067 0.6733601 0.0285538 0.0161395
4 0.7555542 0.5571552 0.0285538 0.0161396
4 0.6828717 0.3828478 0.0285538 0.0161396
29 0.3921417 0.4409502 0.0285538 0.0161396
