12 0.3068779 0.2749202 0.0239909 0.0157282
17 0.4088393 0.1771808 0.0229004 0.0157282
32 0.4110203 0.2642475 0.4067550 0.4212906
33 0.5838639 0.1002250 0.0087240 0.0123579
10 0.4595474 0.1771808 0.0239909 0.0157282
9 0.5108007 0.1771808 0.0239909 0.0157282
19 0.5631445 0.1771808 0.0239909 0.0157282
26 0.2545341 0.2254888 0.0239909 0.0157282
21 0.3068779 0.2254888 0.0239909 0.0157282
6 0.3575860 0.2254888 0.0229004 0.0157282
35 0.4088393 0.2254888 0.0425294 0.0449377
8 0.4088393 0.2254888 0.0229004 0.0157282
1 0.4595474 0.2254888 0.0239909 0.0157282
18 0.2545341 0.2749202 0.0239909 0.0157282
17 0.3575860 0.2749202 0.0229004 0.0157282
5 0.4088393 0.2749202 0.0229004 0.0157282
30 0.4595474 0.2749202 0.0239909 0.0157282
31 0.5108007 0.2749202 0.0239909 0.0157282
28 0.2545341 0.3243517 0.0239909 0.0157282
24 0.3575860 0.3243517 0.0229004 0.0157282
13 0.5108007 0.3243517 0.0239909 0.0157282
14 0.5631445 0.3243517 0.0239909 0.0157282
25 0.2545341 0.3743448 0.0239909 0.0168516
22 0.3068779 0.3743448 0.0239909 0.0168516
20 0.3575860 0.3743448 0.0229004 0.0168516
4 0.4088393 0.3743448 0.0229004 0.0168516
16 0.4595474 0.3743448 0.0239909 0.0168516
11 0.5108007 0.3743448 0.0239909 0.0168516
8 0.5631445 0.3743448 0.0239909 0.0168516
27 0.2545341 0.4237762 0.0239909 0.0168517
15 0.4088393 0.4237762 0.0229004 0.0168517
3 0.4595474 0.4237762 0.0239909 0.0168517
23 0.5108007 0.4237762 0.0239909 0.0168517
4 0.3575860 0.1771808 0.0229004 0.0157282
31 0.5631445 0.2254888 0.0239909 0.0157282
16 0.5631445 0.4237762 0.0239909 0.0168517
28 0.5108007 0.2254888 0.0239909 0.0157282
20 0.4595474 0.3243517 0.0239909 0.0157282
3 0.4088393 0.3243517 0.0229004 0.0157282
25 0.3068779 0.1771808 0.0239909 0.0157282
23 0.2545341 0.1771808 0.0239909 0.0157282
1 0.3575860 0.4237762 0.0229004 0.0168517
25 0.5631445 0.2749202 0.0239909 0.0157282
21 0.3068779 0.4237762 0.0239909 0.0168517
22 0.3068779 0.3243517 0.0239909 0.0157282
