4 0.2760617 0.3039514 0.0265055 0.0169840
18 0.4784671 0.5485216 0.0265055 0.0169840
32 0.3435302 0.4551094 0.4867368 0.5027275
33 0.4176250 0.2156344 0.0108431 0.0147195
28 0.2085932 0.3039514 0.0265055 0.0169840
4 0.3435302 0.3039514 0.0265055 0.0169840
25 0.4109986 0.3039514 0.0265055 0.0169840
8 0.4784671 0.3039514 0.0265055 0.0169840
16 0.5459355 0.3039514 0.0265055 0.0169840
6 0.1411248 0.3650940 0.0265055 0.0169840
2 0.2760617 0.3650940 0.0265055 0.0169840
20 0.4784671 0.3650940 0.0265055 0.0169840
27 0.5459355 0.3650940 0.0265055 0.0169840
12 0.2085932 0.4262365 0.0265055 0.0169840
19 0.3435302 0.4262365 0.0265055 0.0169840
5 0.4109986 0.4262365 0.0265055 0.0169840
22 0.4784671 0.4262365 0.0265055 0.0169840
9 0.5459355 0.4262365 0.0265055 0.0169840
23 0.1411248 0.4873790 0.0265055 0.0169840
1 0.2085932 0.4873790 0.0265055 0.0169840
29 0.4109986 0.4873790 0.0265055 0.0169840
17 0.4784671 0.4873790 0.0265055 0.0169840
34 0.2760617 0.5490877 0.0626493 0.0611426
8 0.2760617 0.5485216 0.0265055 0.0169840
21 0.4109986 0.5485216 0.0265055 0.0169840
15 0.5459355 0.5485216 0.0265055 0.0169840
22 0.5459355 0.4873790 0.0265055 0.0169840
6 0.2085932 0.3650940 0.0265055 0.0169840
1 0.3435302 0.5485216 0.0265055 0.0169840
31 0.2760617 0.4873790 0.0265055 0.0169840
19 0.2760617 0.4262365 0.0265055 0.0169840
6 0.1411248 0.5485216 0.0265055 0.0169840
1 0.1411248 0.3039514 0.0265055 0.0169840
24 0.4109986 0.3650940 0.0265055 0.0169840
20 0.2085932 0.5485216 0.0265055 0.0169840
20 0.3435302 0.3650940 0.0265055 0.0169840
31 0.3435302 0.4873790 0.0265055 0.0169840
20 0.1411248 0.4262365 0.0265055 0.0169840
