14 0.4238003 0.3542573 0.0252055 0.0148281
3 0.4787940 0.3087141 0.0252055 0.0148281
32 0.3218328 0.3712037 0.4330755 0.3537550
33 0.5005624 0.2372216 0.0091656 0.0137689
12 0.1545603 0.3087141 0.0252055 0.0148281
26 0.2628291 0.3087141 0.0240598 0.0148281
11 0.3166772 0.3087141 0.0240598 0.0148281
21 0.3699523 0.3087141 0.0252055 0.0148281
9 0.1545603 0.3542573 0.0252055 0.0148281
30 0.2095540 0.3542573 0.0252055 0.0148281
29 0.2628291 0.3542573 0.0240598 0.0148281
18 0.3699523 0.3542573 0.0252055 0.0148281
16 0.4787940 0.3542573 0.0252055 0.0148281
7 0.3166772 0.4008598 0.0240598 0.0148281
19 0.3699523 0.4008598 0.0252055 0.0148281
24 0.4787940 0.4008598 0.0252055 0.0148281
1 0.2095540 0.4474623 0.0252055 0.0148281
25 0.3166772 0.4474623 0.0240598 0.0148281
4 0.1545603 0.4945943 0.0252055 0.0158872
20 0.2095540 0.4945943 0.0252055 0.0158872
35 0.2634020 0.4945943 0.0458281 0.0413067
24 0.2628291 0.4945943 0.0240598 0.0158872
2 0.3166772 0.4945943 0.0240598 0.0158872
17 0.4238003 0.4945943 0.0252055 0.0158872
5 0.4787940 0.4945943 0.0252055 0.0158872
2 0.1545603 0.4474623 0.0252055 0.0148281
19 0.3699523 0.4945943 0.0252055 0.0158872
21 0.4238003 0.4474623 0.0252055 0.0148281
20 0.2628291 0.4008598 0.0240598 0.0148281
28 0.2095540 0.3087141 0.0252055 0.0148281
2 0.3699523 0.4474623 0.0252055 0.0148281
30 0.3166772 0.3542573 0.0240598 0.0148281
25 0.4787940 0.4474623 0.0252055 0.0148281
17 0.4238003 0.4008598 0.0252055 0.0148281
13 0.1545603 0.4008598 0.0252055 0.0148281
11 0.2095540 0.4008598 0.0252055 0.0148281
27 0.4238003 0.3087141 0.0252055 0.0148281
18 0.2628291 0.4474623 0.0240598 0.0148281
