19 0.6007013 0.5899459 0.0250446 0.0173695
18 0.9547416 0.4098820 0.0250448 0.0162115
32 0.7765831 0.3948284 0.4109600 0.4423434
33 0.9627104 0.1916052 0.0113840 0.0173695
28 0.6007013 0.2888744 0.0250446 0.0173695
5 0.7179558 0.2888744 0.0250446 0.0173695
25 0.7777215 0.2888744 0.0239063 0.0173695
1 0.8369179 0.2888744 0.0239063 0.0173695
31 0.9547416 0.2888744 0.0250448 0.0173695
27 0.6598977 0.3490887 0.0250447 0.0173695
19 0.7777215 0.3490887 0.0239063 0.0173695
21 0.8369179 0.3490887 0.0239063 0.0173695
7 0.8966836 0.3490887 0.0250446 0.0173695
34 0.9547416 0.3490887 0.0500892 0.0521085
7 0.9547416 0.3490887 0.0250448 0.0173695
29 0.6007013 0.4098820 0.0250446 0.0162115
8 0.7179558 0.4098820 0.0250446 0.0162115
13 0.8369179 0.4098820 0.0239063 0.0162115
17 0.8966836 0.4098820 0.0250446 0.0162115
22 0.6007013 0.4700963 0.0250446 0.0162115
15 0.7777215 0.4700963 0.0239063 0.0162115
24 0.8966836 0.4700963 0.0250446 0.0162115
11 0.9547416 0.4700963 0.0250448 0.0162115
9 0.6598977 0.5291526 0.0250447 0.0162115
23 0.7179558 0.5291526 0.0250446 0.0162115
6 0.7777215 0.5291526 0.0239063 0.0162115
20 0.8966836 0.5291526 0.0250446 0.0162115
18 0.6598977 0.5899459 0.0250447 0.0173695
3 0.7179558 0.5899459 0.0250446 0.0173695
10 0.8369179 0.5899459 0.0239063 0.0173695
26 0.8966836 0.5899459 0.0250446 0.0173695
14 0.9547416 0.5899459 0.0250448 0.0173695
5 0.6007013 0.5291526 0.0250446 0.0162115
25 0.9547416 0.5291526 0.0250448 0.0162115
24 0.8966836 0.2888744 0.0250446 0.0173695
22 0.7777215 0.5899459 0.0239063 0.0173695
27 0.7179558 0.4700963 0.0250446 0.0162115
15 0.6598977 0.2888744 0.0250447 0.0173695
1 0.6007013 0.3490887 0.0250446 0.0173695
22 0.6598977 0.4700963 0.0250447 0.0162115
17 0.7777215 0.4098820 0.0239063 0.0162115
4 0.8369179 0.4700963 0.0239063 0.0162115
24 0.6598977 0.4098820 0.0250447 0.0162115
2 0.8369179 0.5291526 0.0239063 0.0162115
29 0.7179558 0.3490887 0.0250446 0.0173695
