13 0.5640108 0.3258116 0.0288232 0.0170384
3 0.4906427 0.2031354 0.0288232 0.0170384
32 0.4899876 0.2996861 0.5253680 0.5031996
33 0.5705615 0.0622849 0.0131014 0.0147666
27 0.3439065 0.2031354 0.0288232 0.0170384
20 0.4172746 0.2031354 0.0288232 0.0170384
24 0.5640108 0.2031354 0.0288232 0.0170384
25 0.6373789 0.2031354 0.0288232 0.0170384
9 0.7107469 0.2031354 0.0288232 0.0170384
14 0.2705384 0.2644735 0.0288232 0.0170384
5 0.3439065 0.2644735 0.0288232 0.0170384
29 0.4906427 0.2644735 0.0288232 0.0170384
19 0.6373789 0.2644735 0.0288232 0.0170384
8 0.2705384 0.3258116 0.0288232 0.0170384
12 0.4172746 0.3258116 0.0288232 0.0170384
16 0.4172746 0.3871497 0.0288232 0.0170383
22 0.4906427 0.3871497 0.0288232 0.0170383
1 0.5640108 0.3871497 0.0288232 0.0170383
2 0.6373789 0.3871497 0.0288232 0.0170383
17 0.7107469 0.3871497 0.0288232 0.0170383
34 0.2705384 0.4490558 0.0681275 0.0613382
19 0.2705384 0.4484879 0.0288232 0.0170384
15 0.3439065 0.4484879 0.0288232 0.0170384
30 0.4906427 0.4484879 0.0288232 0.0170384
21 0.5640108 0.4484879 0.0288232 0.0170384
13 0.2705384 0.5098259 0.0288232 0.0170384
7 0.3439065 0.5098259 0.0288232 0.0170384
28 0.4172746 0.5098259 0.0288232 0.0170384
6 0.4906427 0.5098259 0.0288232 0.0170384
3 0.5640108 0.5098259 0.0288232 0.0170384
23 0.6373789 0.5098259 0.0288232 0.0170384
4 0.7107469 0.5098259 0.0288232 0.0170384
29 0.5640108 0.2644735 0.0288232 0.0170384
16 0.4906427 0.3258116 0.0288232 0.0170384
28 0.7107469 0.2644735 0.0288232 0.0170384
10 0.3439065 0.3258116 0.0288232 0.0170384
9 0.7107469 0.3258116 0.0288232 0.0170384
18 0.2705384 0.3871497 0.0288232 0.0170383
28 0.7107469 0.4484879 0.0288232 0.0170384
11 0.6373789 0.4484879 0.0288232 0.0170384
9 0.3439065 0.3871497 0.0288232 0.0170383
23 0.2705384 0.2031354 0.0288232 0.0170384
4 0.6373789 0.3258116 0.0288232 0.0170384
15 0.4172746 0.2644735 0.0288232 0.0170384
9 0.4172746 0.4484879 0.0288232 0.0170384
