8 0.0593008 0.3483975 0.0270907 0.0165846
20 0.3351333 0.3483975 0.0270907 0.0165846
32 0.2667908 0.4622784 0.4987151 0.4875870
33 0.3400589 0.2455730 0.0098512 0.0121620
12 0.2661752 0.3483975 0.0270907 0.0165846
18 0.4040914 0.3483975 0.0270907 0.0165846
19 0.0593008 0.4075492 0.0270907 0.0154790
25 0.2661752 0.4075492 0.0270907 0.0154790
17 0.4040914 0.4075492 0.0270907 0.0154790
5 0.4730495 0.4075492 0.0270907 0.0154790
23 0.0593008 0.4678066 0.0270907 0.0165846
10 0.1282589 0.4678066 0.0270907 0.0165846
21 0.2661752 0.4678066 0.0270907 0.0165846
26 0.3351333 0.4678066 0.0270907 0.0165846
29 0.4730495 0.4678066 0.0270907 0.0165846
27 0.1282589 0.5275111 0.0270907 0.0165846
11 0.1972170 0.5275111 0.0270907 0.0165846
8 0.3351333 0.5275111 0.0270907 0.0165846
6 0.4040914 0.5275111 0.0270907 0.0165846
1 0.4730495 0.5275111 0.0270907 0.0165846
7 0.1972170 0.5872156 0.0270907 0.0165846
34 0.2661752 0.5866629 0.0640326 0.0597045
1 0.2661752 0.5872156 0.0270907 0.0165846
30 0.3351333 0.5872156 0.0270907 0.0165846
14 0.4040914 0.5872156 0.0270907 0.0165846
24 0.1972170 0.4075492 0.0270907 0.0154790
25 0.4730495 0.3483975 0.0270907 0.0165846
24 0.1972170 0.4678066 0.0270907 0.0165846
11 0.1282589 0.5872156 0.0270907 0.0165846
3 0.4730495 0.5872156 0.0270907 0.0165846
16 0.0593008 0.5872156 0.0270907 0.0165846
29 0.1282589 0.3483975 0.0270907 0.0165846
8 0.3351333 0.4075492 0.0270907 0.0154790
29 0.4040914 0.4678066 0.0270907 0.0165846
7 0.1282589 0.4075492 0.0270907 0.0154790
14 0.0593008 0.5275111 0.0270907 0.0165846
7 0.2661752 0.5275111 0.0270907 0.0165846
8 0.1972170 0.3483975 0.0270907 0.0165846
