26 0.3141792 0.2804058 0.0275287 0.0160936
19 0.2441061 0.2804058 0.0275287 0.0160936
32 0.3135536 0.3512178 0.5017738 0.4667156
33 0.3911346 0.1296620 0.0112617 0.0128749
27 0.1039598 0.2224687 0.0275287 0.0160936
3 0.1740330 0.2224687 0.0275287 0.0160936
5 0.2441061 0.2224687 0.0275287 0.0160936
26 0.3842524 0.2224687 0.0275287 0.0160936
34 0.5243987 0.2230051 0.0650679 0.0579371
2 0.5243987 0.2224687 0.0275287 0.0160936
15 0.1740330 0.2804058 0.0275287 0.0160936
7 0.3842524 0.2804058 0.0275287 0.0160936
8 0.1039598 0.3383429 0.0275287 0.0160936
4 0.1740330 0.3383429 0.0275287 0.0160936
30 0.2441061 0.3383429 0.0275287 0.0160936
11 0.3141792 0.3383429 0.0275287 0.0160936
2 0.1039598 0.3962800 0.0275287 0.0160937
28 0.1740330 0.3962800 0.0275287 0.0160937
22 0.2441061 0.3962800 0.0275287 0.0160937
19 0.3141792 0.3962800 0.0275287 0.0160937
12 0.4543255 0.3962800 0.0275287 0.0160937
25 0.1740330 0.4542171 0.0275287 0.0160936
13 0.3842524 0.4542171 0.0275287 0.0160936
18 0.4543255 0.4542171 0.0275287 0.0160936
29 0.5243987 0.4542171 0.0275287 0.0160936
14 0.5243987 0.2804058 0.0275287 0.0160936
3 0.1039598 0.2804058 0.0275287 0.0160936
28 0.2441061 0.4542171 0.0275287 0.0160936
17 0.3141792 0.4542171 0.0275287 0.0160936
1 0.3842524 0.3383429 0.0275287 0.0160936
31 0.4543255 0.2224687 0.0275287 0.0160936
21 0.4543255 0.2804058 0.0275287 0.0160936
6 0.3141792 0.2224687 0.0275287 0.0160936
20 0.4543255 0.3383429 0.0275287 0.0160936
5 0.1039598 0.4542171 0.0275287 0.0160936
1 0.3842524 0.3962800 0.0275287 0.0160937
26 0.5243987 0.3962800 0.0275287 0.0160937
31 0.5243987 0.3383429 0.0275287 0.0160936
