8 0.5467410 0.1370752 0.0234016 0.0162807
21 0.7456548 0.0870704 0.0234016 0.0162807
32 0.6509846 0.1754989 0.4020825 0.3487755
33 0.8169234 0.0086222 0.0085097 0.0150221
35 0.7967128 0.0870704 0.0425484 0.0465161
10 0.7967128 0.0870704 0.0234016 0.0162807
22 0.4956829 0.1370752 0.0234016 0.0162807
16 0.5962035 0.1370752 0.0223378 0.0162807
17 0.6956604 0.1370752 0.0234017 0.0162807
23 0.7456548 0.1370752 0.0234016 0.0162807
20 0.7967128 0.1370752 0.0234016 0.0162807
28 0.4956829 0.1882430 0.0234016 0.0162807
6 0.5467410 0.1882430 0.0234016 0.0162807
27 0.5962035 0.1882430 0.0223378 0.0162807
4 0.7456548 0.1882430 0.0234016 0.0162807
2 0.7967128 0.1882430 0.0234016 0.0162807
8 0.5467410 0.2394108 0.0234016 0.0162807
11 0.6461978 0.2394108 0.0223379 0.0162807
5 0.6956604 0.2394108 0.0234017 0.0162807
9 0.7456548 0.2394108 0.0234016 0.0162807
13 0.7967128 0.2394108 0.0234016 0.0162807
15 0.4956829 0.2911600 0.0234016 0.0174436
24 0.5962035 0.2911600 0.0223378 0.0174436
25 0.7456548 0.2911600 0.0234016 0.0174436
7 0.7967128 0.2911600 0.0234016 0.0174436
23 0.6956604 0.1882430 0.0234017 0.0162807
9 0.6956604 0.0870704 0.0234017 0.0162807
13 0.5962035 0.0870704 0.0223378 0.0162807
23 0.6461978 0.0870704 0.0223379 0.0162807
28 0.4956829 0.0870704 0.0234016 0.0162807
1 0.6461978 0.2911600 0.0223379 0.0174436
17 0.6461978 0.1370752 0.0223379 0.0162807
31 0.5467410 0.0870704 0.0234016 0.0162807
11 0.5962035 0.2394108 0.0223378 0.0162807
5 0.5467410 0.2911600 0.0234016 0.0174436
26 0.4956829 0.2394108 0.0234016 0.0162807
9 0.6461978 0.1882430 0.0223379 0.0162807
28 0.6956604 0.2911600 0.0234017 0.0174436
