12 0.7518221 0.3215766 0.0261625 0.0168098
9 0.4854408 0.2605009 0.0261625 0.0156892
32 0.6192260 0.3159734 0.4816268 0.4942089
33 0.6899835 0.0963250 0.0095136 0.0123272
21 0.4188454 0.2005459 0.0261625 0.0168098
23 0.4854408 0.2005459 0.0261625 0.0168098
30 0.6852267 0.2005459 0.0261625 0.0168098
6 0.8184174 0.2005459 0.0261624 0.0168098
25 0.5520361 0.2605009 0.0261624 0.0156892
7 0.6852267 0.2605009 0.0261625 0.0156892
3 0.4854408 0.3215766 0.0261625 0.0168098
11 0.5520361 0.3215766 0.0261624 0.0168098
27 0.6186314 0.3215766 0.0261624 0.0168098
31 0.6852267 0.3215766 0.0261625 0.0168098
22 0.8184174 0.3215766 0.0261624 0.0168098
1 0.4188454 0.3820920 0.0261625 0.0168098
17 0.4854408 0.3820920 0.0261625 0.0168098
8 0.5520361 0.3820920 0.0261624 0.0168098
12 0.7518221 0.3820920 0.0261625 0.0168098
10 0.8184174 0.3820920 0.0261624 0.0168098
9 0.4188454 0.4426074 0.0261625 0.0168098
20 0.5520361 0.4426074 0.0261624 0.0168098
16 0.6852267 0.4426074 0.0261625 0.0168098
13 0.8184174 0.4426074 0.0261624 0.0168098
15 0.4188454 0.5025624 0.0261625 0.0156892
2 0.4854408 0.5025624 0.0261625 0.0156892
4 0.5520361 0.5025624 0.0261624 0.0156892
24 0.6186314 0.5025624 0.0261624 0.0156892
34 0.6852267 0.5025624 0.0618385 0.0605154
5 0.6852267 0.5025624 0.0261625 0.0156892
19 0.7518221 0.5025624 0.0261625 0.0156892
14 0.8184174 0.5025624 0.0261624 0.0156892
13 0.7518221 0.2605009 0.0261625 0.0156892
4 0.7518221 0.4426074 0.0261625 0.0168098
3 0.4188454 0.2605009 0.0261625 0.0156892
11 0.4854408 0.4426074 0.0261625 0.0168098
9 0.6186314 0.4426074 0.0261624 0.0168098
15 0.6186314 0.3820920 0.0261624 0.0168098
25 0.4188454 0.3215766 0.0261625 0.0168098
8 0.7518221 0.2005459 0.0261625 0.0168098
9 0.6852267 0.3820920 0.0261625 0.0168098
13 0.6186314 0.2005459 0.0261624 0.0168098
5 0.8184174 0.2605009 0.0261624 0.0156892
15 0.5520361 0.2005459 0.0261624 0.0168098
13 0.6186314 0.2605009 0.0261624 0.0156892
