7 0.5322325 0.4057427 0.0288115 0.0170774
25 0.5322325 0.4672211 0.0288115 0.0170774
32 0.3115629 0.3579262 0.5251545 0.4952421
33 0.3927588 0.1228286 0.0117865 0.0136619
19 0.0922029 0.2213078 0.0288115 0.0170773
17 0.1655411 0.2213078 0.0288115 0.0170773
15 0.2388794 0.2213078 0.0288115 0.0170773
31 0.3122177 0.2213078 0.0288115 0.0170773
30 0.5322325 0.2213078 0.0288115 0.0170773
22 0.0922029 0.2827861 0.0288115 0.0170773
18 0.2388794 0.2827861 0.0288115 0.0170773
14 0.5322325 0.2827861 0.0288115 0.0170773
3 0.0922029 0.3442644 0.0288115 0.0170773
13 0.1655411 0.3442644 0.0288115 0.0170773
10 0.2388794 0.3442644 0.0288115 0.0170773
4 0.3855560 0.3442644 0.0288115 0.0170773
23 0.2388794 0.4057427 0.0288115 0.0170774
34 0.3855560 0.4063120 0.0680998 0.0614783
5 0.3855560 0.4057427 0.0288115 0.0170774
12 0.4588943 0.4057427 0.0288115 0.0170774
5 0.0922029 0.4672211 0.0288115 0.0170774
7 0.2388794 0.4672211 0.0288115 0.0170774
28 0.3122177 0.4672211 0.0288115 0.0170774
9 0.3855560 0.4672211 0.0288115 0.0170774
20 0.4588943 0.4672211 0.0288115 0.0170774
21 0.3122177 0.2827861 0.0288115 0.0170773
17 0.4588943 0.2213078 0.0288115 0.0170773
24 0.3855560 0.2827861 0.0288115 0.0170773
28 0.4588943 0.3442644 0.0288115 0.0170773
21 0.4588943 0.2827861 0.0288115 0.0170773
30 0.1655411 0.4672211 0.0288115 0.0170774
26 0.0922029 0.4057427 0.0288115 0.0170774
5 0.3855560 0.2213078 0.0288115 0.0170773
16 0.1655411 0.2827861 0.0288115 0.0170773
2 0.1655411 0.4057427 0.0288115 0.0170774
7 0.3122177 0.4057427 0.0288115 0.0170774
25 0.3122177 0.3442644 0.0288115 0.0170773
4 0.5322325 0.3442644 0.0288115 0.0170773
