24 0.3483654 0.5958558 0.0284940 0.0159774
15 0.3483654 0.4232992 0.0284940 0.0159775
32 0.5653082 0.4563192 0.5193675 0.4718679
33 0.6449619 0.2336999 0.0129518 0.0138471
21 0.4208955 0.3657803 0.0284940 0.0159775
20 0.4934257 0.3657803 0.0284940 0.0159775
22 0.7110161 0.3657803 0.0284940 0.0159775
34 0.4208955 0.4238317 0.0673494 0.0575189
24 0.4208955 0.4232992 0.0284940 0.0159775
2 0.4934257 0.4232992 0.0284940 0.0159775
13 0.5659558 0.4232992 0.0284940 0.0159775
4 0.7835461 0.4232992 0.0284940 0.0159775
16 0.3483654 0.4808181 0.0284940 0.0159775
7 0.4934257 0.4808181 0.0284940 0.0159775
10 0.5659558 0.4808181 0.0284940 0.0159775
18 0.6384859 0.4808181 0.0284940 0.0159775
26 0.7110161 0.4808181 0.0284940 0.0159775
30 0.7835461 0.4808181 0.0284940 0.0159775
24 0.4934257 0.5383370 0.0284940 0.0159774
29 0.5659558 0.5383370 0.0284940 0.0159774
1 0.6384859 0.5383370 0.0284940 0.0159774
12 0.7110161 0.5383370 0.0284940 0.0159774
15 0.7835461 0.5383370 0.0284940 0.0159774
5 0.4208955 0.5958558 0.0284940 0.0159774
19 0.4934257 0.5958558 0.0284940 0.0159774
31 0.5659558 0.5958558 0.0284940 0.0159774
27 0.7835461 0.5958558 0.0284940 0.0159774
9 0.3483654 0.6533747 0.0284940 0.0159774
23 0.5659558 0.6533747 0.0284940 0.0159774
25 0.6384859 0.6533747 0.0284940 0.0159774
8 0.7110161 0.6533747 0.0284940 0.0159774
3 0.7835461 0.6533747 0.0284940 0.0159774
10 0.7110161 0.4232992 0.0284940 0.0159775
27 0.4934257 0.6533747 0.0284940 0.0159774
13 0.3483654 0.3657803 0.0284940 0.0159775
17 0.5659558 0.3657803 0.0284940 0.0159775
30 0.4208955 0.6533747 0.0284940 0.0159774
14 0.6384859 0.4232992 0.0284940 0.0159775
15 0.7110161 0.5958558 0.0284940 0.0159774
14 0.4208955 0.5383370 0.0284940 0.0159774
31 0.6384859 0.3657803 0.0284940 0.0159775
16 0.3483654 0.5383370 0.0284940 0.0159774
31 0.6384859 0.5958558 0.0284940 0.0159774
12 0.4208955 0.4808181 0.0284940 0.0159775
13 0.7835461 0.3657803 0.0284940 0.0159775
