13 0.4562204 0.3381985 0.0268774 0.0160022
8 0.5246355 0.3958065 0.0268774 0.0160022
32 0.5240247 0.4288777 0.4899012 0.4725986
33 0.5991592 0.2059136 0.0122170 0.0138686
28 0.3193901 0.3381985 0.0268773 0.0160022
10 0.3878053 0.3381985 0.0268774 0.0160022
12 0.5246355 0.3381985 0.0268774 0.0160022
19 0.5930507 0.3381985 0.0268774 0.0160022
24 0.7298810 0.3381985 0.0268774 0.0160022
27 0.3878053 0.3958065 0.0268774 0.0160022
8 0.5930507 0.3958065 0.0268774 0.0160022
25 0.7298810 0.3958065 0.0268774 0.0160022
6 0.3193901 0.4534144 0.0268773 0.0160022
31 0.3878053 0.4534144 0.0268774 0.0160022
5 0.5246355 0.4534144 0.0268774 0.0160022
20 0.3193901 0.5110224 0.0268773 0.0160022
29 0.4562204 0.5110224 0.0268774 0.0160022
23 0.5246355 0.5110224 0.0268774 0.0160022
4 0.5930507 0.5110224 0.0268774 0.0160022
7 0.6614658 0.5110224 0.0268774 0.0160022
22 0.3193901 0.5686304 0.0268773 0.0160022
18 0.4562204 0.5686304 0.0268774 0.0160022
15 0.6614658 0.5686304 0.0268774 0.0160022
34 0.7298809 0.5691638 0.0635283 0.0576080
9 0.7298810 0.5686304 0.0268774 0.0160022
5 0.7298810 0.4534144 0.0268774 0.0160022
2 0.5246355 0.5686304 0.0268774 0.0160022
28 0.4562204 0.4534144 0.0268774 0.0160022
21 0.4562204 0.3958065 0.0268774 0.0160022
7 0.3193901 0.3958065 0.0268773 0.0160022
7 0.6614658 0.4534144 0.0268774 0.0160022
8 0.7298810 0.5110224 0.0268774 0.0160022
25 0.6614658 0.3958065 0.0268774 0.0160022
14 0.5930507 0.5686304 0.0268774 0.0160022
1 0.3878053 0.5110224 0.0268774 0.0160022
31 0.6614658 0.3381985 0.0268774 0.0160022
12 0.5930507 0.4534144 0.0268774 0.0160022
20 0.3878053 0.5686304 0.0268774 0.0160022
