2 0.7575968 0.3759558 0.0234884 0.0149682
26 0.5562679 0.3759558 0.0234884 0.0149682
32 0.6474252 0.2551413 0.3825250 0.4682899
33 0.7794075 0.0728504 0.0134219 0.0181757
29 0.5059357 0.1712126 0.0234884 0.0160373
2 0.5562679 0.1712126 0.0234884 0.0160373
9 0.5059357 0.2396386 0.0234884 0.0160373
16 0.6066001 0.2396386 0.0234884 0.0160373
24 0.6569324 0.2396386 0.0234884 0.0160373
23 0.7072646 0.2396386 0.0234884 0.0160373
12 0.7575968 0.2396386 0.0234884 0.0160373
19 0.5562679 0.3080645 0.0234884 0.0160373
28 0.6569324 0.3080645 0.0234884 0.0160373
17 0.7072646 0.3080645 0.0234884 0.0160373
3 0.7575968 0.3080645 0.0234884 0.0160373
4 0.8079291 0.3080645 0.0234884 0.0160373
34 0.6066001 0.3764904 0.0436213 0.0416970
18 0.6066001 0.3759558 0.0234884 0.0149682
10 0.7072646 0.3759558 0.0234884 0.0149682
1 0.8079291 0.3759558 0.0234884 0.0149682
18 0.5059357 0.4443818 0.0234884 0.0149681
7 0.5562679 0.4443818 0.0234884 0.0149681
25 0.6066001 0.4443818 0.0234884 0.0149681
8 0.6569324 0.4443818 0.0234884 0.0149681
30 0.8079291 0.4443818 0.0234884 0.0149681
11 0.7072646 0.1712126 0.0234884 0.0160373
4 0.7575968 0.4443818 0.0234884 0.0149681
19 0.7072646 0.4443818 0.0234884 0.0149681
31 0.5059357 0.3759558 0.0234884 0.0149682
6 0.6569324 0.3759558 0.0234884 0.0149682
9 0.6066001 0.1712126 0.0234884 0.0160373
13 0.5059357 0.3080645 0.0234884 0.0160373
29 0.6569324 0.1712126 0.0234884 0.0160373
20 0.8079291 0.2396386 0.0234884 0.0160373
19 0.5562679 0.2396386 0.0234884 0.0160373
29 0.8079291 0.1712126 0.0234884 0.0160373
26 0.7575968 0.1712126 0.0234884 0.0160373
9 0.6066001 0.3080645 0.0234884 0.0160373
