28 0.6809777 0.4185680 0.0279149 0.0169717
28 0.5388659 0.2958059 0.0279148 0.0158403
32 0.4684444 0.3518126 0.5138864 0.4989688
33 0.5439413 0.1300486 0.0101508 0.0124459
24 0.2546423 0.2352734 0.0279148 0.0169717
23 0.4678099 0.2352734 0.0279148 0.0169717
31 0.5388659 0.2352734 0.0279148 0.0169717
3 0.6099218 0.2352734 0.0279148 0.0169717
30 0.2546423 0.2958059 0.0279148 0.0158403
22 0.6099218 0.2958059 0.0279148 0.0158403
17 0.3256982 0.3574698 0.0279148 0.0169717
7 0.3967541 0.3574698 0.0279148 0.0169717
11 0.4678099 0.3574698 0.0279148 0.0169717
4 0.5388659 0.3574698 0.0279148 0.0169717
2 0.6099218 0.3574698 0.0279148 0.0169717
27 0.2546423 0.4185680 0.0279148 0.0169717
34 0.3256982 0.4180023 0.0659805 0.0610982
28 0.3256982 0.4185680 0.0279148 0.0169717
12 0.4678099 0.4185680 0.0279148 0.0169717
9 0.6099218 0.4185680 0.0279148 0.0169717
14 0.2546423 0.4796663 0.0279148 0.0169717
13 0.3967541 0.4796663 0.0279148 0.0169717
6 0.5388659 0.4796663 0.0279148 0.0169717
15 0.6099218 0.4796663 0.0279148 0.0169717
21 0.6809777 0.4796663 0.0279149 0.0169717
22 0.6809777 0.2352734 0.0279149 0.0169717
2 0.4678099 0.2958059 0.0279148 0.0158403
10 0.2546423 0.3574698 0.0279148 0.0169717
14 0.6809777 0.2958059 0.0279149 0.0158403
21 0.4678099 0.4796663 0.0279148 0.0169717
27 0.6809777 0.3574698 0.0279149 0.0169717
20 0.3967541 0.2352734 0.0279148 0.0169717
4 0.3256982 0.2958059 0.0279148 0.0158403
6 0.5388659 0.4185680 0.0279148 0.0169717
20 0.3967541 0.4185680 0.0279148 0.0169717
25 0.3256982 0.2352734 0.0279148 0.0169717
20 0.3967541 0.2958059 0.0279148 0.0158403
4 0.3256982 0.4796663 0.0279148 0.0169717
