11 0.1621616 0.3491079 0.0277112 0.0170311
26 0.3737746 0.2877961 0.0277113 0.0170311
32 0.3032369 0.3167489 0.5088790 0.5041197
33 0.3807024 0.0766108 0.0113364 0.0147603
17 0.1621616 0.1651724 0.0277112 0.0170311
1 0.2326992 0.1651724 0.0277112 0.0170311
19 0.3032369 0.1651724 0.0277112 0.0170311
29 0.3737746 0.1651724 0.0277113 0.0170311
7 0.5148500 0.1651724 0.0277112 0.0170311
6 0.0916239 0.2264842 0.0277112 0.0170311
21 0.1621616 0.2264842 0.0277112 0.0170311
24 0.2326992 0.2264842 0.0277112 0.0170311
12 0.3032369 0.2264842 0.0277112 0.0170311
28 0.3737746 0.2264842 0.0277113 0.0170311
26 0.5148500 0.2264842 0.0277112 0.0170311
4 0.0916239 0.2877961 0.0277112 0.0170311
30 0.4443123 0.2877961 0.0277112 0.0170311
27 0.5148500 0.2877961 0.0277112 0.0170311
16 0.0916239 0.3491079 0.0277112 0.0170311
34 0.3032369 0.3496756 0.0654993 0.0613118
18 0.3032369 0.3491079 0.0277112 0.0170311
25 0.3737746 0.3491079 0.0277113 0.0170311
22 0.1621616 0.4104198 0.0277112 0.0170311
5 0.2326992 0.4104198 0.0277112 0.0170311
23 0.3032369 0.4104198 0.0277112 0.0170311
13 0.3737746 0.4104198 0.0277113 0.0170311
3 0.5148500 0.4104198 0.0277112 0.0170311
2 0.0916239 0.4717317 0.0277112 0.0170310
11 0.1621616 0.4717317 0.0277112 0.0170310
10 0.3737746 0.4717317 0.0277113 0.0170310
15 0.4443123 0.4717317 0.0277112 0.0170310
31 0.5148500 0.4717317 0.0277112 0.0170310
23 0.3032369 0.4717317 0.0277112 0.0170310
12 0.5148500 0.3491079 0.0277112 0.0170311
19 0.0916239 0.1651724 0.0277112 0.0170311
5 0.2326992 0.2877961 0.0277112 0.0170311
22 0.4443123 0.3491079 0.0277112 0.0170311
7 0.4443123 0.2264842 0.0277112 0.0170311
19 0.2326992 0.3491079 0.0277112 0.0170311
26 0.4443123 0.4104198 0.0277112 0.0170311
5 0.3032369 0.2877961 0.0277112 0.0170311
24 0.1621616 0.2877961 0.0277112 0.0170311
8 0.2326992 0.4717317 0.0277112 0.0170310
20 0.0916239 0.4104198 0.0277112 0.0170311
3 0.4443123 0.1651724 0.0277112 0.0170311
