17 0.4938123 0.3533979 0.0244028 0.0168160
22 0.5983960 0.4245858 0.0244029 0.0156950
32 0.5885186 0.2979049 0.3974178 0.4910287
33 0.7256394 0.1067625 0.0139445 0.0190582
20 0.6506878 0.2099009 0.0244029 0.0168160
30 0.7029796 0.2099009 0.0244029 0.0168160
22 0.7552714 0.2099009 0.0244029 0.0168160
31 0.4415205 0.2816494 0.0244028 0.0168160
24 0.4938123 0.2816494 0.0244028 0.0168160
5 0.5983960 0.2816494 0.0244029 0.0168160
13 0.6506878 0.2816494 0.0244029 0.0168160
2 0.7029796 0.2816494 0.0244029 0.0168160
12 0.7552714 0.2816494 0.0244029 0.0168160
10 0.5461041 0.3533979 0.0244028 0.0168160
34 0.6506878 0.3533979 0.0453196 0.0437217
10 0.6506878 0.3533979 0.0244029 0.0168160
9 0.7029796 0.3533979 0.0244029 0.0168160
8 0.7552714 0.3533979 0.0244029 0.0168160
15 0.4415205 0.4245858 0.0244028 0.0156950
1 0.4938123 0.4245858 0.0244028 0.0156950
3 0.7029796 0.4245858 0.0244029 0.0156950
25 0.4938123 0.4963343 0.0244028 0.0156950
27 0.5983960 0.4963343 0.0244029 0.0156950
16 0.6506878 0.4963343 0.0244029 0.0156950
23 0.7029796 0.4963343 0.0244029 0.0156950
7 0.5461041 0.4245858 0.0244028 0.0156950
15 0.5983960 0.3533979 0.0244029 0.0168160
12 0.7552714 0.4245858 0.0244029 0.0156950
6 0.6506878 0.4245858 0.0244029 0.0156950
27 0.5461041 0.4963343 0.0244028 0.0156950
29 0.7552714 0.4963343 0.0244029 0.0156950
26 0.5461041 0.2816494 0.0244028 0.0168160
11 0.5983960 0.2099009 0.0244029 0.0168160
26 0.4415205 0.2099009 0.0244028 0.0168160
5 0.4415205 0.3533979 0.0244028 0.0168160
3 0.4415205 0.4963343 0.0244028 0.0156950
22 0.4938123 0.2099009 0.0244028 0.0168160
29 0.5461041 0.2099009 0.0244028 0.0168160
