4 0.6774774 0.4895628 0.0262324 0.0163293
13 0.4771573 0.3719920 0.0262324 0.0163293
32 0.6113003 0.4841197 0.4829146 0.4800808
33 0.6822469 0.2707504 0.0095390 0.0119748
13 0.4103840 0.3719920 0.0262324 0.0163293
10 0.6107041 0.3719920 0.0262324 0.0163293
3 0.6774774 0.3719920 0.0262324 0.0163293
34 0.4103840 0.4302331 0.0620038 0.0587854
17 0.4103840 0.4302331 0.0262324 0.0152406
9 0.4771573 0.4302331 0.0262324 0.0152406
19 0.5439307 0.4302331 0.0262324 0.0152406
6 0.7442508 0.4302331 0.0262324 0.0152406
8 0.8110242 0.4302331 0.0262324 0.0152406
30 0.4103840 0.4895628 0.0262324 0.0163293
11 0.4771573 0.4895628 0.0262324 0.0163293
2 0.8110242 0.4895628 0.0262324 0.0163293
1 0.4103840 0.5483482 0.0262324 0.0163293
27 0.4771573 0.5483482 0.0262324 0.0163293
21 0.5439307 0.5483482 0.0262324 0.0163293
15 0.6107041 0.5483482 0.0262324 0.0163293
12 0.4103840 0.6071337 0.0262324 0.0163293
31 0.4771573 0.6071337 0.0262324 0.0163293
14 0.6107041 0.6071337 0.0262324 0.0163293
5 0.7442508 0.6071337 0.0262324 0.0163293
4 0.8110242 0.6071337 0.0262324 0.0163293
29 0.7442508 0.4895628 0.0262324 0.0163293
4 0.8110242 0.5483482 0.0262324 0.0163293
1 0.6774774 0.4302331 0.0262324 0.0152406
1 0.5439307 0.6071337 0.0262324 0.0163293
3 0.6774774 0.6071337 0.0262324 0.0163293
31 0.8110242 0.3719920 0.0262324 0.0163293
22 0.5439307 0.3719920 0.0262324 0.0163293
21 0.6107041 0.4895628 0.0262324 0.0163293
11 0.7442508 0.3719920 0.0262324 0.0163293
26 0.7442508 0.5483482 0.0262324 0.0163293
15 0.5439307 0.4895628 0.0262324 0.0163293
8 0.6774774 0.5483482 0.0262324 0.0163293
27 0.6107041 0.4302331 0.0262324 0.0152406
