17 0.1812377 0.1741588 0.0244695 0.0157399
20 0.2863453 0.1741588 0.0233572 0.0157399
32 0.3408455 0.2129466 0.4148689 0.4216059
33 0.5171370 0.0488014 0.0088980 0.0123671
25 0.1812377 0.1258147 0.0244695 0.0157399
10 0.2346257 0.1258147 0.0244695 0.0157399
20 0.3903406 0.1258147 0.0244695 0.0157399
6 0.2346257 0.1741588 0.0244695 0.0157399
12 0.3386209 0.1741588 0.0233572 0.0157399
22 0.2346257 0.2236273 0.0244695 0.0157400
11 0.2863453 0.2236273 0.0233572 0.0157400
35 0.4426163 0.2236273 0.0444899 0.0449713
28 0.4426163 0.2236273 0.0244695 0.0157400
14 0.4960042 0.2236273 0.0244695 0.0157400
24 0.1812377 0.2730957 0.0244695 0.0157399
28 0.2346257 0.2730957 0.0244695 0.0157399
17 0.2863453 0.2730957 0.0233572 0.0157399
4 0.3386209 0.2730957 0.0233572 0.0157399
21 0.3903406 0.2730957 0.0244695 0.0157399
27 0.4426163 0.2730957 0.0244695 0.0157399
31 0.1812377 0.3231263 0.0244695 0.0168642
29 0.2346257 0.3231263 0.0244695 0.0168642
23 0.2863453 0.3231263 0.0233572 0.0168642
3 0.3386209 0.3231263 0.0233572 0.0168642
5 0.3903406 0.3231263 0.0244695 0.0168642
8 0.4960042 0.3231263 0.0244695 0.0168642
2 0.1812377 0.3725947 0.0244695 0.0168643
18 0.2346257 0.3725947 0.0244695 0.0168643
30 0.2863453 0.3725947 0.0233572 0.0168643
13 0.3903406 0.3725947 0.0244695 0.0168643
19 0.4426163 0.3725947 0.0244695 0.0168643
15 0.4960042 0.3725947 0.0244695 0.0168643
12 0.3386209 0.2236273 0.0233572 0.0157400
2 0.3903406 0.2236273 0.0244695 0.0157400
17 0.1812377 0.2236273 0.0244695 0.0157400
23 0.4960042 0.2730957 0.0244695 0.0157399
31 0.4426163 0.3231263 0.0244695 0.0168642
18 0.4960042 0.1258147 0.0244695 0.0157399
3 0.4426163 0.1258147 0.0244695 0.0157399
11 0.4426163 0.1741588 0.0244695 0.0157399
23 0.2863453 0.1258147 0.0233572 0.0157399
1 0.3386209 0.3725947 0.0233572 0.0168643
23 0.3386209 0.1258147 0.0233572 0.0157399
15 0.3903406 0.1741588 0.0244695 0.0157399
29 0.4960042 0.1741588 0.0244695 0.0157399
