6 0.7612531 0.3477705 0.0280265 0.0173911
16 0.4758929 0.4729865 0.0280265 0.0173912
32 0.5465960 0.4242914 0.5108456 0.5043420
33 0.6255795 0.1848739 0.0114653 0.0139129
17 0.5472329 0.2851626 0.0280264 0.0173911
12 0.6185729 0.2851626 0.0280265 0.0173911
21 0.7612531 0.2851626 0.0280265 0.0173911
15 0.3332129 0.3477705 0.0280264 0.0173911
18 0.4045528 0.3477705 0.0280265 0.0173911
7 0.5472329 0.3477705 0.0280264 0.0173911
11 0.6185729 0.3477705 0.0280265 0.0173911
29 0.3332129 0.4103785 0.0280264 0.0173911
19 0.5472329 0.4103785 0.0280264 0.0173911
10 0.6185729 0.4103785 0.0280265 0.0173911
2 0.6899130 0.4103785 0.0280265 0.0173911
14 0.7612531 0.4103785 0.0280265 0.0173911
13 0.3332129 0.4729865 0.0280264 0.0173912
25 0.6185729 0.4729865 0.0280265 0.0173912
6 0.6899130 0.4729865 0.0280265 0.0173912
4 0.7612531 0.4729865 0.0280265 0.0173912
5 0.3332129 0.5355944 0.0280264 0.0173912
30 0.4758929 0.5355944 0.0280265 0.0173912
34 0.5472329 0.5361742 0.0662443 0.0626080
12 0.5472329 0.5355944 0.0280264 0.0173912
1 0.6185729 0.5355944 0.0280265 0.0173912
23 0.4045528 0.5355944 0.0280265 0.0173912
5 0.5472329 0.4729865 0.0280264 0.0173912
23 0.4045528 0.4729865 0.0280265 0.0173912
6 0.6899130 0.3477705 0.0280265 0.0173911
21 0.4045528 0.4103785 0.0280265 0.0173911
28 0.7612531 0.5355944 0.0280265 0.0173912
25 0.4758929 0.2851626 0.0280265 0.0173911
6 0.4045528 0.2851626 0.0280265 0.0173911
4 0.4758929 0.4103785 0.0280265 0.0173911
29 0.3332129 0.2851626 0.0280264 0.0173911
21 0.4758929 0.3477705 0.0280265 0.0173911
6 0.6899130 0.2851626 0.0280265 0.0173911
3 0.6899130 0.5355944 0.0280265 0.0173912
