18 0.5689823 0.4741114 0.0244445 0.0158827
19 0.4642204 0.5418775 0.0244444 0.0158827
32 0.4543262 0.4894646 0.3980954 0.4637745
33 0.5916807 0.3089314 0.0139682 0.0180004
9 0.3594584 0.4063452 0.0244444 0.0158827
23 0.4118394 0.4063452 0.0244445 0.0158827
4 0.5689823 0.4063452 0.0244445 0.0158827
25 0.6213633 0.4063452 0.0244444 0.0158827
26 0.3070775 0.4741114 0.0244444 0.0158827
21 0.3594584 0.4741114 0.0244444 0.0158827
6 0.4118394 0.4741114 0.0244445 0.0158827
17 0.4642204 0.4741114 0.0244444 0.0158827
14 0.5166014 0.4741114 0.0244444 0.0158827
19 0.3070775 0.5418775 0.0244444 0.0158827
34 0.3594584 0.5418775 0.0453968 0.0412950
31 0.3594584 0.5418775 0.0244444 0.0158827
11 0.5166014 0.5418775 0.0244444 0.0158827
8 0.5689823 0.5418775 0.0244445 0.0158827
31 0.6213633 0.5418775 0.0244444 0.0158827
28 0.4118394 0.6091142 0.0244445 0.0148238
30 0.4642204 0.6091142 0.0244444 0.0148238
15 0.3594584 0.6768804 0.0244444 0.0148238
22 0.5166014 0.6768804 0.0244444 0.0148238
7 0.5689823 0.6768804 0.0244445 0.0148238
2 0.6213633 0.6768804 0.0244444 0.0148238
30 0.5166014 0.6091142 0.0244444 0.0148238
5 0.4118394 0.6768804 0.0244445 0.0148238
5 0.3070775 0.4063452 0.0244444 0.0158827
15 0.3594584 0.6091142 0.0244444 0.0148238
29 0.3070775 0.6091142 0.0244444 0.0148238
18 0.5689823 0.6091142 0.0244445 0.0148238
23 0.6213633 0.6091142 0.0244444 0.0148238
3 0.4642204 0.6768804 0.0244444 0.0148238
31 0.4118394 0.5418775 0.0244445 0.0158827
14 0.6213633 0.4741114 0.0244444 0.0158827
11 0.5166014 0.4063452 0.0244444 0.0158827
11 0.3070775 0.6768804 0.0244444 0.0148238
6 0.4642204 0.4063452 0.0244444 0.0158827
