30 0.3720136 0.5600345 0.0280479 0.0158860
29 0.6575922 0.7310733 0.0280479 0.0148269
32 0.4440457 0.5547392 0.5163363 0.4670473
33 0.5199025 0.3471626 0.0101992 0.0116497
9 0.2292243 0.4456556 0.0280479 0.0158860
1 0.3720136 0.4456556 0.0280479 0.0158860
10 0.4434082 0.4456556 0.0280479 0.0158860
24 0.5148029 0.4456556 0.0280479 0.0158860
6 0.5861975 0.4456556 0.0280479 0.0158860
26 0.2292243 0.5023155 0.0280479 0.0148269
31 0.4434082 0.5023155 0.0280479 0.0148269
2 0.5148029 0.5023155 0.0280479 0.0148269
3 0.5861975 0.5023155 0.0280479 0.0148269
16 0.2292243 0.5600345 0.0280479 0.0158860
8 0.3006190 0.5600345 0.0280479 0.0158860
17 0.4434082 0.5600345 0.0280479 0.0158860
4 0.5148029 0.5600345 0.0280479 0.0158860
25 0.5861975 0.5600345 0.0280479 0.0158860
34 0.2292243 0.6166945 0.0662950 0.0571895
10 0.2292243 0.6172240 0.0280479 0.0158860
20 0.3006190 0.6172240 0.0280479 0.0158860
23 0.3720136 0.6172240 0.0280479 0.0158860
22 0.4434082 0.6172240 0.0280479 0.0158860
14 0.6575922 0.6172240 0.0280479 0.0158860
13 0.2292243 0.6744134 0.0280479 0.0158860
19 0.3006190 0.6744134 0.0280479 0.0158860
29 0.5148029 0.6744134 0.0280479 0.0158860
11 0.2292243 0.7310733 0.0280479 0.0148269
15 0.3006190 0.7310733 0.0280479 0.0148269
18 0.4434082 0.7310733 0.0280479 0.0148269
12 0.5148029 0.7310733 0.0280479 0.0148269
30 0.5861975 0.7310733 0.0280479 0.0148269
31 0.3720136 0.6744134 0.0280479 0.0158860
31 0.6575922 0.5023155 0.0280479 0.0148269
24 0.3006190 0.4456556 0.0280479 0.0158860
15 0.5861975 0.6172240 0.0280479 0.0158860
24 0.6575922 0.6744134 0.0280479 0.0158860
8 0.5148029 0.6172240 0.0280479 0.0158860
11 0.4434082 0.6744134 0.0280479 0.0158860
21 0.3006190 0.5023155 0.0280479 0.0148269
19 0.6575922 0.5600345 0.0280479 0.0158860
28 0.5861975 0.6744134 0.0280479 0.0158860
18 0.3720136 0.7310733 0.0280479 0.0148269
17 0.3720136 0.5023155 0.0280479 0.0148269
20 0.6575922 0.4456556 0.0280479 0.0158860
