10 0.7988634 0.3023063 0.0245923 0.0155663
12 0.7418538 0.4168299 0.0245923 0.0155663
32 0.6194511 0.2683940 0.4035379 0.3813744
33 0.8083649 0.0916053 0.0100605 0.0144544
5 0.5663540 0.1861150 0.0245924 0.0166782
17 0.7418538 0.1861150 0.0245923 0.0166782
26 0.4512171 0.2439327 0.0245924 0.0166782
24 0.5093444 0.2439327 0.0245924 0.0166782
28 0.6250402 0.2439327 0.0234745 0.0166782
10 0.6831676 0.2439327 0.0234745 0.0166782
15 0.7418538 0.2439327 0.0245923 0.0166782
18 0.4512171 0.3023063 0.0245924 0.0155663
20 0.5093444 0.3023063 0.0245924 0.0155663
6 0.5663540 0.3023063 0.0245924 0.0155663
25 0.6250402 0.3023063 0.0234745 0.0155663
14 0.6831676 0.3023063 0.0234745 0.0155663
34 0.7418538 0.3023063 0.0491846 0.0489227
18 0.7418538 0.3023063 0.0245923 0.0155663
23 0.5093444 0.3601240 0.0245924 0.0155663
3 0.6250402 0.3601240 0.0234745 0.0155663
22 0.7988634 0.3601240 0.0245923 0.0155663
19 0.4512171 0.4168299 0.0245924 0.0155663
1 0.5093444 0.4168299 0.0245924 0.0155663
29 0.6831676 0.4168299 0.0234745 0.0155663
2 0.7988634 0.4168299 0.0245923 0.0155663
2 0.6831676 0.1861150 0.0234745 0.0166782
20 0.4512171 0.1861150 0.0245924 0.0166782
8 0.7418538 0.3601240 0.0245923 0.0155663
15 0.6831676 0.3601240 0.0234745 0.0155663
4 0.5663540 0.2439327 0.0245924 0.0166782
4 0.7988634 0.2439327 0.0245923 0.0166782
11 0.7988634 0.1861150 0.0245923 0.0166782
27 0.5663540 0.3601240 0.0245924 0.0155663
13 0.4512171 0.3601240 0.0245924 0.0155663
2 0.5093444 0.1861150 0.0245924 0.0166782
22 0.6250402 0.1861150 0.0234745 0.0166782
11 0.6250402 0.4168299 0.0234745 0.0155663
31 0.5663540 0.4168299 0.0245924 0.0155663
