4 0.4444915 0.3462777 0.0283825 0.0162513
1 0.5889844 0.4042407 0.0283826 0.0151679
32 0.5173830 0.4578699 0.5224964 0.4777881
33 0.5941448 0.2455197 0.0103209 0.0119176
19 0.2999987 0.3462777 0.0283825 0.0162513
34 0.5167379 0.3457359 0.0670860 0.0585047
14 0.5167379 0.3462777 0.0283825 0.0162513
8 0.6612308 0.3462777 0.0283826 0.0162513
25 0.7334772 0.3462777 0.0283825 0.0162513
20 0.2999987 0.4042407 0.0283825 0.0151679
16 0.3722451 0.4042407 0.0283825 0.0151679
13 0.5167379 0.4042407 0.0283825 0.0151679
2 0.7334772 0.4042407 0.0283825 0.0151679
29 0.3722451 0.4632870 0.0283825 0.0162513
22 0.4444915 0.4632870 0.0283825 0.0162513
5 0.5889844 0.4632870 0.0283826 0.0162513
17 0.7334772 0.4632870 0.0283825 0.0162513
23 0.2999987 0.5217917 0.0283825 0.0162513
30 0.4444915 0.5217917 0.0283825 0.0162513
1 0.5167379 0.5217917 0.0283825 0.0162513
15 0.5889844 0.5217917 0.0283826 0.0162513
11 0.7334772 0.5217917 0.0283825 0.0162513
6 0.2999987 0.5802964 0.0283825 0.0162513
18 0.3722451 0.5802964 0.0283825 0.0162513
31 0.5889844 0.5802964 0.0283826 0.0162513
15 0.6612308 0.4632870 0.0283826 0.0162513
24 0.5167379 0.4632870 0.0283825 0.0162513
7 0.7334772 0.5802964 0.0283825 0.0162513
8 0.5889844 0.3462777 0.0283826 0.0162513
28 0.3722451 0.3462777 0.0283825 0.0162513
31 0.2999987 0.4632870 0.0283825 0.0162513
29 0.4444915 0.5802964 0.0283825 0.0162513
12 0.4444915 0.4042407 0.0283825 0.0151679
24 0.5167379 0.5802964 0.0283825 0.0162513
18 0.6612308 0.5217917 0.0283826 0.0162513
21 0.3722451 0.5217917 0.0283825 0.0162513
26 0.6612308 0.5802964 0.0283826 0.0162513
16 0.6612308 0.4042407 0.0283826 0.0151679
