11 0.4012414 0.3655152 0.0244151 0.0170988
29 0.4012414 0.5838091 0.0244151 0.0159589
32 0.4959951 0.3820440 0.3976169 0.4992832
33 0.6331845 0.1876883 0.0139515 0.0193786
21 0.3489233 0.2925606 0.0244150 0.0170988
28 0.4012414 0.2925606 0.0244151 0.0170988
20 0.3489233 0.3655152 0.0244150 0.0170988
10 0.5058774 0.3655152 0.0244151 0.0170988
3 0.5581954 0.3655152 0.0244150 0.0170988
5 0.6105134 0.3655152 0.0244151 0.0170988
8 0.6628314 0.3655152 0.0244150 0.0170988
31 0.4012414 0.4384698 0.0244151 0.0170987
27 0.4535594 0.4384698 0.0244151 0.0170987
25 0.6105134 0.4384698 0.0244151 0.0170987
34 0.6628314 0.4384698 0.0453423 0.0444567
14 0.6628314 0.4384698 0.0244150 0.0170987
12 0.4012414 0.5108545 0.0244151 0.0159589
30 0.4535594 0.5108545 0.0244151 0.0159589
17 0.5581954 0.5108545 0.0244150 0.0159589
9 0.6105134 0.5108545 0.0244151 0.0159589
23 0.6628314 0.5108545 0.0244150 0.0159589
1 0.4535594 0.5838091 0.0244151 0.0159589
4 0.5581954 0.5838091 0.0244150 0.0159589
19 0.6105134 0.5838091 0.0244151 0.0159589
16 0.6628314 0.5838091 0.0244150 0.0159589
30 0.4535594 0.2925606 0.0244151 0.0170988
11 0.5058774 0.5108545 0.0244151 0.0159589
6 0.4535594 0.3655152 0.0244151 0.0170988
24 0.3489233 0.4384698 0.0244150 0.0170987
13 0.3489233 0.5838091 0.0244150 0.0159589
22 0.5581954 0.4384698 0.0244150 0.0170987
25 0.6105134 0.2925606 0.0244151 0.0170988
1 0.3489233 0.5108545 0.0244150 0.0159589
17 0.5058774 0.2925606 0.0244151 0.0170988
6 0.5581954 0.2925606 0.0244150 0.0170988
25 0.5058774 0.4384698 0.0244151 0.0170987
14 0.6628314 0.2925606 0.0244150 0.0170988
23 0.5058774 0.5838091 0.0244151 0.0159589
