17 0.3546384 0.2927882 0.0282141 0.0168461
17 0.2110027 0.3534343 0.0282142 0.0168461
32 0.3546384 0.4427188 0.5181149 0.4986455
33 0.4335099 0.2051883 0.0115422 0.0146000
30 0.4264563 0.2927882 0.0282142 0.0168461
17 0.4982742 0.2927882 0.0282142 0.0168461
8 0.5700921 0.2927882 0.0282142 0.0168461
19 0.1391847 0.3534343 0.0282142 0.0168461
9 0.4264563 0.3534343 0.0282142 0.0168461
5 0.4982742 0.3534343 0.0282142 0.0168461
18 0.5700921 0.3534343 0.0282142 0.0168461
34 0.2828205 0.4146419 0.0666881 0.0606461
4 0.2828205 0.4140804 0.0282142 0.0168462
20 0.4264563 0.4140804 0.0282142 0.0168462
4 0.5700921 0.4140804 0.0282142 0.0168462
12 0.2110027 0.4747265 0.0282142 0.0168462
1 0.2828205 0.4747265 0.0282142 0.0168462
7 0.4264563 0.4747265 0.0282142 0.0168462
6 0.1391847 0.5353725 0.0282142 0.0168461
22 0.2110027 0.5353725 0.0282142 0.0168461
27 0.2828205 0.5353725 0.0282142 0.0168461
31 0.3546384 0.5353725 0.0282141 0.0168461
24 0.4264563 0.5353725 0.0282142 0.0168461
25 0.4982742 0.5353725 0.0282142 0.0168461
23 0.5700921 0.5353725 0.0282142 0.0168461
22 0.2828205 0.2927882 0.0282142 0.0168461
6 0.1391847 0.4747265 0.0282142 0.0168462
15 0.3546384 0.4140804 0.0282141 0.0168462
18 0.3546384 0.4747265 0.0282141 0.0168462
30 0.5700921 0.4747265 0.0282142 0.0168462
29 0.4982742 0.4747265 0.0282142 0.0168462
29 0.4982742 0.4140804 0.0282142 0.0168462
18 0.1391847 0.4140804 0.0282142 0.0168462
19 0.3546384 0.3534343 0.0282141 0.0168461
5 0.2110027 0.4140804 0.0282142 0.0168462
31 0.1391847 0.2927882 0.0282142 0.0168461
18 0.2828205 0.3534343 0.0282142 0.0168461
9 0.2110027 0.2927882 0.0282142 0.0168461
