12 0.9347620 0.5761012 0.0236144 0.0155897
22 0.9907142 0.4029432 0.0185716 0.0167034
32 0.8338475 0.4274415 0.3323050 0.3819498
4 0.8762884 0.3450383 0.0236144 0.0167033
34 0.9353242 0.3444815 0.0494777 0.0489965
12 0.9347620 0.3450383 0.0236144 0.0167033
23 0.9907142 0.3450383 0.0185716 0.0167033
19 0.7599034 0.4029432 0.0247388 0.0167034
27 0.8762884 0.4029432 0.0236144 0.0167034
24 0.8172525 0.4614049 0.0247388 0.0155898
31 0.9907142 0.4614049 0.0185716 0.0155898
30 0.7014298 0.5193099 0.0247389 0.0155898
10 0.7599034 0.5193099 0.0247388 0.0155898
6 0.8172525 0.5193099 0.0247388 0.0155898
16 0.8762884 0.5193099 0.0236144 0.0155898
12 0.7014298 0.5761012 0.0247389 0.0155897
22 0.7599034 0.5761012 0.0247388 0.0155897
21 0.8172525 0.5761012 0.0247388 0.0155897
13 0.8762884 0.5761012 0.0236144 0.0155897
5 0.9907142 0.5761012 0.0185716 0.0155897
19 0.9347620 0.4614049 0.0236144 0.0155898
22 0.7599034 0.3450383 0.0247388 0.0167033
23 0.7599034 0.4614049 0.0247388 0.0155898
7 0.8172525 0.4029432 0.0247388 0.0167034
22 0.9347620 0.4029432 0.0236144 0.0167034
16 0.7014298 0.3450383 0.0247389 0.0167033
31 0.8172525 0.3450383 0.0247388 0.0167033
29 0.7014298 0.4614049 0.0247389 0.0155898
14 0.9907142 0.5193099 0.0185716 0.0155898
20 0.9347620 0.5193099 0.0236144 0.0155898
18 0.8762884 0.4614049 0.0236144 0.0155898
27 0.7014298 0.4029432 0.0247389 0.0167034
