16 0.4018656 0.2341216 0.0241863 0.0161483
31 0.6074490 0.2854500 0.0241863 0.0173017
32 0.5068561 0.1948974 0.4100674 0.3875726
33 0.6811072 0.0057319 0.0087950 0.0092415
10 0.3490955 0.0830198 0.0241863 0.0161483
35 0.4535363 0.0830198 0.0439750 0.0461380
20 0.4529866 0.0830198 0.0230870 0.0161483
5 0.5557783 0.0830198 0.0241863 0.0161483
28 0.6074490 0.0830198 0.0241863 0.0161483
24 0.3490955 0.1326181 0.0241863 0.0161483
20 0.4529866 0.1326181 0.0230870 0.0161483
3 0.5046573 0.1326181 0.0230869 0.0161483
7 0.5557783 0.1326181 0.0241863 0.0161483
8 0.6602190 0.1326181 0.0241863 0.0161483
27 0.3490955 0.1833699 0.0241863 0.0161483
29 0.4529866 0.1833699 0.0230870 0.0161483
6 0.5557783 0.1833699 0.0241863 0.0161483
12 0.6602190 0.1833699 0.0241863 0.0161483
18 0.4529866 0.2341216 0.0230870 0.0161483
1 0.5557783 0.2341216 0.0241863 0.0161483
19 0.6074490 0.2341216 0.0241863 0.0161483
22 0.6602190 0.2341216 0.0241863 0.0161483
23 0.3490955 0.2854500 0.0241863 0.0173017
17 0.4018656 0.2854500 0.0241863 0.0173017
9 0.4529866 0.2854500 0.0230870 0.0173017
15 0.5557783 0.2854500 0.0241863 0.0173017
2 0.3490955 0.3362018 0.0241863 0.0173017
16 0.4018656 0.3362018 0.0241863 0.0173017
26 0.4529866 0.3362018 0.0230870 0.0173017
21 0.5046573 0.3362018 0.0230869 0.0173017
14 0.5557783 0.3362018 0.0241863 0.0173017
30 0.6074490 0.3362018 0.0241863 0.0173017
19 0.3490955 0.2341216 0.0241863 0.0161483
3 0.5046573 0.2854500 0.0230869 0.0173017
2 0.6602190 0.0830198 0.0241863 0.0161483
20 0.5046573 0.0830198 0.0230869 0.0161483
2 0.5046573 0.2341216 0.0230869 0.0161483
31 0.6602190 0.3362018 0.0241863 0.0173017
30 0.4018656 0.1326181 0.0241863 0.0161483
14 0.6074490 0.1833699 0.0241863 0.0161483
25 0.5046573 0.1833699 0.0230869 0.0161483
3 0.6074490 0.1326181 0.0241863 0.0161483
11 0.4018656 0.1833699 0.0241863 0.0161483
17 0.6602190 0.2854500 0.0241863 0.0173017
14 0.4018656 0.0830198 0.0241863 0.0161483
