16 0.4439446 0.3323407 0.0241552 0.0169286
19 0.6509890 0.4767984 0.0241553 0.0169286
32 0.5376897 0.4209339 0.3933844 0.4943163
33 0.6734189 0.2285116 0.0138030 0.0191858
25 0.3921835 0.3323407 0.0241552 0.0169286
6 0.4957057 0.3323407 0.0241552 0.0169286
23 0.5992280 0.3323407 0.0241552 0.0169286
34 0.6509890 0.3323406 0.0448596 0.0440145
15 0.6509890 0.3323407 0.0241553 0.0169286
12 0.3921835 0.4045695 0.0241552 0.0169286
2 0.5992280 0.4045695 0.0241552 0.0169286
19 0.6509890 0.4045695 0.0241553 0.0169286
15 0.7027502 0.4045695 0.0241551 0.0169286
4 0.3921835 0.4767984 0.0241552 0.0169286
24 0.4957057 0.4767984 0.0241552 0.0169286
8 0.5474668 0.4767984 0.0241552 0.0169286
29 0.5992280 0.4767984 0.0241552 0.0169286
17 0.3921835 0.5484630 0.0241552 0.0158001
27 0.4957057 0.5484630 0.0241552 0.0158001
10 0.5474668 0.5484630 0.0241552 0.0158001
22 0.5992280 0.5484630 0.0241552 0.0158001
13 0.6509890 0.5484630 0.0241553 0.0158001
28 0.4957057 0.6206919 0.0241552 0.0158001
5 0.5474668 0.6206919 0.0241552 0.0158001
7 0.6509890 0.6206919 0.0241553 0.0158001
31 0.5474668 0.3323407 0.0241552 0.0169286
27 0.7027502 0.5484630 0.0241551 0.0158001
20 0.3921835 0.6206919 0.0241552 0.0158001
23 0.4439446 0.4767984 0.0241552 0.0169286
19 0.7027502 0.6206919 0.0241551 0.0158001
13 0.5474668 0.4045695 0.0241552 0.0169286
27 0.5992280 0.6206919 0.0241552 0.0158001
5 0.4957057 0.4045695 0.0241552 0.0169286
30 0.7027502 0.3323407 0.0241551 0.0169286
24 0.4439446 0.6206919 0.0241552 0.0158001
19 0.4439446 0.5484630 0.0241552 0.0158001
12 0.7027502 0.4767984 0.0241551 0.0169286
9 0.4439446 0.4045695 0.0241552 0.0169286
