20 0.2284492 0.6279194 0.0277769 0.0160812
2 0.2284492 0.5121349 0.0277769 0.0160812
32 0.2985227 0.5828920 0.5062969 0.4663543
33 0.3768030 0.3615078 0.0113633 0.0128650
26 0.0870396 0.4542426 0.0277769 0.0160812
11 0.2284492 0.4542426 0.0277769 0.0160812
7 0.2991540 0.4542426 0.0277769 0.0160812
19 0.4405636 0.4542426 0.0277769 0.0160812
18 0.5112684 0.4542426 0.0277769 0.0160812
27 0.0870396 0.5121349 0.0277769 0.0160812
10 0.2991540 0.5121349 0.0277769 0.0160812
3 0.3698588 0.5121349 0.0277769 0.0160812
12 0.4405636 0.5121349 0.0277769 0.0160812
24 0.5112684 0.5121349 0.0277769 0.0160812
2 0.0870396 0.5700271 0.0277769 0.0160812
28 0.2991540 0.5700271 0.0277769 0.0160812
23 0.3698588 0.5700271 0.0277769 0.0160812
22 0.4405636 0.5700271 0.0277769 0.0160812
1 0.5112684 0.5700271 0.0277769 0.0160812
13 0.0870396 0.6279194 0.0277769 0.0160812
31 0.1577444 0.6279194 0.0277769 0.0160812
25 0.2991540 0.6279194 0.0277769 0.0160812
14 0.3698588 0.6279194 0.0277769 0.0160812
17 0.5112684 0.6279194 0.0277769 0.0160812
8 0.3698588 0.6858116 0.0277769 0.0160811
5 0.4405636 0.6858116 0.0277769 0.0160811
29 0.5112684 0.6858116 0.0277769 0.0160811
9 0.0870396 0.7437039 0.0277769 0.0160811
34 0.2991540 0.7442399 0.0656545 0.0578923
26 0.2991540 0.7437039 0.0277769 0.0160811
4 0.3698588 0.7437039 0.0277769 0.0160811
21 0.4405636 0.7437039 0.0277769 0.0160811
19 0.2284492 0.5700271 0.0277769 0.0160812
14 0.1577444 0.5700271 0.0277769 0.0160812
7 0.1577444 0.5121349 0.0277769 0.0160812
23 0.1577444 0.6858116 0.0277769 0.0160811
26 0.4405636 0.6279194 0.0277769 0.0160812
6 0.1577444 0.4542426 0.0277769 0.0160812
21 0.2284492 0.6858116 0.0277769 0.0160811
23 0.0870396 0.6858116 0.0277769 0.0160811
26 0.2991540 0.6858116 0.0277769 0.0160811
26 0.3698588 0.4542426 0.0277769 0.0160812
19 0.2284492 0.7437039 0.0277769 0.0160811
13 0.5112684 0.7437039 0.0277769 0.0160811
15 0.1577444 0.7437039 0.0277769 0.0160811
