7 0.2404678 0.1964211 0.0266080 0.0161646
5 0.3759269 0.4291908 0.0266080 0.0161646
32 0.4436565 0.3402857 0.4886205 0.4784711
33 0.5180381 0.1123654 0.0108851 0.0140093
18 0.3081974 0.1964211 0.0266080 0.0161646
23 0.5113861 0.1964211 0.0266080 0.0161646
1 0.5791156 0.1964211 0.0266080 0.0161646
22 0.2404678 0.2546136 0.0266080 0.0161646
5 0.3081974 0.2546136 0.0266080 0.0161646
16 0.4436565 0.2546136 0.0266080 0.0161646
15 0.6468452 0.2546136 0.0266080 0.0161646
12 0.2404678 0.3128060 0.0266080 0.0161646
31 0.3759269 0.3128060 0.0266080 0.0161646
14 0.5791156 0.3128060 0.0266080 0.0161646
11 0.6468452 0.3128060 0.0266080 0.0161646
20 0.2404678 0.3709984 0.0266080 0.0161646
26 0.3759269 0.3709984 0.0266080 0.0161646
4 0.4436565 0.3709984 0.0266080 0.0161646
7 0.6468452 0.3709984 0.0266080 0.0161646
34 0.2404678 0.4297297 0.0628917 0.0581924
30 0.2404678 0.4291908 0.0266080 0.0161646
28 0.4436565 0.4291908 0.0266080 0.0161646
24 0.5113861 0.4291908 0.0266080 0.0161646
30 0.5791156 0.4291908 0.0266080 0.0161646
2 0.6468452 0.4291908 0.0266080 0.0161646
23 0.5113861 0.3128060 0.0266080 0.0161646
26 0.3081974 0.3709984 0.0266080 0.0161646
4 0.5113861 0.2546136 0.0266080 0.0161646
23 0.4436565 0.3128060 0.0266080 0.0161646
11 0.3081974 0.3128060 0.0266080 0.0161646
12 0.3759269 0.2546136 0.0266080 0.0161646
29 0.5113861 0.3709984 0.0266080 0.0161646
31 0.6468452 0.1964211 0.0266080 0.0161646
7 0.5791156 0.3709984 0.0266080 0.0161646
10 0.4436565 0.1964211 0.0266080 0.0161646
9 0.5791156 0.2546136 0.0266080 0.0161646
1 0.3081974 0.4291908 0.0266080 0.0161646
5 0.3759269 0.1964211 0.0266080 0.0161646
