17 0.5198171 0.3898232 0.0270934 0.0159126
24 0.5887820 0.5043941 0.0270934 0.0159126
32 0.4502364 0.5171242 0.4938384 0.4614660
33 0.5265904 0.2980604 0.0110836 0.0127301
15 0.3129222 0.3898232 0.0270934 0.0159126
23 0.3818872 0.3898232 0.0270934 0.0159126
10 0.4508521 0.3898232 0.0270934 0.0159126
21 0.5887820 0.3898232 0.0270934 0.0159126
6 0.6577470 0.3898232 0.0270934 0.0159126
5 0.2439573 0.4471086 0.0270934 0.0159126
12 0.3129222 0.4471086 0.0270934 0.0159126
28 0.3818872 0.4471086 0.0270934 0.0159126
8 0.3129222 0.5043941 0.0270934 0.0159126
19 0.3818872 0.5043941 0.0270934 0.0159126
34 0.5198171 0.5049245 0.0640389 0.0572854
10 0.5198171 0.5043941 0.0270934 0.0159126
4 0.6577470 0.5043941 0.0270934 0.0159126
3 0.2439573 0.5616795 0.0270934 0.0159126
7 0.3129222 0.5616795 0.0270934 0.0159126
2 0.3818872 0.5616795 0.0270934 0.0159126
17 0.5198171 0.5616795 0.0270934 0.0159126
16 0.5887820 0.5616795 0.0270934 0.0159126
26 0.3818872 0.6189650 0.0270934 0.0159125
13 0.5198171 0.6189650 0.0270934 0.0159125
22 0.6577470 0.6189650 0.0270934 0.0159125
1 0.4508521 0.5043941 0.0270934 0.0159126
24 0.2439573 0.5043941 0.0270934 0.0159126
20 0.2439573 0.3898232 0.0270934 0.0159126
26 0.4508521 0.6189650 0.0270934 0.0159125
15 0.4508521 0.5616795 0.0270934 0.0159126
31 0.5887820 0.6189650 0.0270934 0.0159125
29 0.2439573 0.6189650 0.0270934 0.0159125
5 0.5887820 0.4471086 0.0270934 0.0159126
31 0.4508521 0.4471086 0.0270934 0.0159126
25 0.6577470 0.5616795 0.0270934 0.0159126
30 0.5198171 0.4471086 0.0270934 0.0159126
27 0.3129222 0.6189650 0.0270934 0.0159125
28 0.6577470 0.4471086 0.0270934 0.0159126
