2 0.2726428 0.4047647 0.0225561 0.0158544
5 0.2243083 0.3328537 0.0225561 0.0169869
32 0.3118474 0.2767971 0.3673418 0.4960160
33 0.4385911 0.0837132 0.0128892 0.0192518
28 0.2243083 0.1878992 0.0225561 0.0169869
27 0.3209772 0.1878992 0.0225561 0.0169869
4 0.3693117 0.1878992 0.0225561 0.0169869
5 0.4176461 0.1878992 0.0225561 0.0169869
23 0.4659806 0.1878992 0.0225561 0.0169869
30 0.1759739 0.2603765 0.0225561 0.0169869
21 0.3693117 0.2603765 0.0225561 0.0169869
1 0.4176461 0.2603765 0.0225561 0.0169869
16 0.2726428 0.3328537 0.0225561 0.0169869
11 0.3209772 0.3328537 0.0225561 0.0169869
13 0.3693117 0.3328537 0.0225561 0.0169869
12 0.4176461 0.3328537 0.0225561 0.0169869
17 0.3693117 0.4047647 0.0225561 0.0158544
25 0.4176461 0.4047647 0.0225561 0.0158544
8 0.4659806 0.4047647 0.0225561 0.0158544
26 0.1759739 0.4772419 0.0225561 0.0158544
22 0.2243083 0.4772419 0.0225561 0.0158544
34 0.3209772 0.4772419 0.0418899 0.0452983
28 0.3209772 0.4772419 0.0225561 0.0158544
3 0.3693117 0.4772419 0.0225561 0.0158544
14 0.4659806 0.4772419 0.0225561 0.0158544
21 0.3209772 0.4047647 0.0225561 0.0158544
15 0.4176461 0.4772419 0.0225561 0.0158544
30 0.4659806 0.3328537 0.0225561 0.0169869
8 0.1759739 0.3328537 0.0225561 0.0169869
12 0.1759739 0.4047647 0.0225561 0.0158544
30 0.3209772 0.2603765 0.0225561 0.0169869
29 0.1759739 0.1878992 0.0225561 0.0169869
21 0.4659806 0.2603765 0.0225561 0.0169869
24 0.2243083 0.4047647 0.0225561 0.0158544
20 0.2726428 0.4772419 0.0225561 0.0158544
26 0.2243083 0.2603765 0.0225561 0.0169869
11 0.2726428 0.2603765 0.0225561 0.0169869
31 0.2726428 0.1878992 0.0225561 0.0169869
