21 0.6535510 0.7560235 0.0265469 0.0173834
19 0.5184035 0.5682834 0.0265469 0.0173833
32 0.5853740 0.5416290 0.4838764 0.5133879
33 0.6595844 0.2994211 0.0120667 0.0150655
19 0.3832560 0.4431234 0.0265468 0.0173833
26 0.5184035 0.4431234 0.0265469 0.0173833
22 0.5859772 0.4431234 0.0265468 0.0173833
21 0.7211248 0.4431234 0.0265468 0.0173833
16 0.7886986 0.4431234 0.0265469 0.0173833
14 0.3832560 0.5057034 0.0265468 0.0173834
18 0.4508298 0.5057034 0.0265468 0.0173834
5 0.5859772 0.5057034 0.0265468 0.0173834
20 0.7886986 0.5057034 0.0265469 0.0173834
15 0.4508298 0.5682834 0.0265468 0.0173833
3 0.5859772 0.5682834 0.0265468 0.0173833
8 0.6535510 0.5682834 0.0265469 0.0173833
28 0.7211248 0.5682834 0.0265468 0.0173833
11 0.7886986 0.5682834 0.0265469 0.0173833
2 0.3832560 0.6308634 0.0265468 0.0173834
34 0.4508298 0.6314429 0.0627471 0.0625800
31 0.4508298 0.6308634 0.0265468 0.0173834
17 0.5184035 0.6308634 0.0265469 0.0173834
4 0.6535510 0.6308634 0.0265469 0.0173834
29 0.7211248 0.6308634 0.0265468 0.0173834
10 0.7886986 0.6308634 0.0265469 0.0173834
24 0.5859772 0.6934435 0.0265468 0.0173834
27 0.7211248 0.6934435 0.0265468 0.0173834
23 0.7886986 0.6934435 0.0265469 0.0173834
1 0.3832560 0.7560235 0.0265468 0.0173834
13 0.5184035 0.7560235 0.0265469 0.0173834
6 0.5859772 0.7560235 0.0265468 0.0173834
12 0.7886986 0.7560235 0.0265469 0.0173834
7 0.5859772 0.6308634 0.0265468 0.0173834
2 0.4508298 0.6934435 0.0265468 0.0173834
29 0.6535510 0.4431234 0.0265469 0.0173833
25 0.7211248 0.5057034 0.0265468 0.0173834
23 0.3832560 0.5682834 0.0265468 0.0173833
19 0.3832560 0.6934435 0.0265468 0.0173834
19 0.5184035 0.6934435 0.0265469 0.0173834
25 0.6535510 0.6934435 0.0265469 0.0173834
22 0.4508298 0.7560235 0.0265468 0.0173834
22 0.6535510 0.5057034 0.0265469 0.0173834
1 0.7211248 0.7560235 0.0265468 0.0173834
26 0.5184035 0.5057034 0.0265469 0.0173834
30 0.4508298 0.4431234 0.0265468 0.0173833
