21 0.2449376 0.0667888 0.0244373 0.0155090
7 0.3537416 0.2119092 0.0256010 0.0155090
32 0.3048671 0.1591302 0.4398709 0.3160381
12 0.3537416 0.0667888 0.0256010 0.0155090
16 0.4084346 0.0667888 0.0256010 0.0155090
10 0.4642912 0.0667888 0.0256010 0.0155090
21 0.1349698 0.1144237 0.0256009 0.0155090
20 0.2449376 0.1144237 0.0244373 0.0155090
28 0.2996305 0.1144237 0.0244373 0.0155090
3 0.1349698 0.1631665 0.0256009 0.0155090
35 0.1908265 0.1631665 0.0465472 0.0443116
30 0.1908265 0.1631665 0.0256010 0.0155090
18 0.3537416 0.1631665 0.0256010 0.0155090
4 0.4642912 0.1631665 0.0256010 0.0155090
26 0.1349698 0.2119092 0.0256009 0.0155090
9 0.1908265 0.2119092 0.0256010 0.0155090
2 0.2449376 0.2119092 0.0244373 0.0155090
23 0.2996305 0.2119092 0.0244373 0.0155090
1 0.4642912 0.2119092 0.0256010 0.0155090
6 0.1349698 0.2612059 0.0256009 0.0166169
17 0.1908265 0.2612059 0.0256010 0.0166169
22 0.2996305 0.2612059 0.0244373 0.0166169
13 0.3537416 0.2612059 0.0256010 0.0166169
30 0.4084346 0.2612059 0.0256010 0.0166169
3 0.1908265 0.1144237 0.0256010 0.0155090
9 0.4084346 0.1631665 0.0256010 0.0155090
10 0.2996305 0.1631665 0.0244373 0.0155090
29 0.3537416 0.1144237 0.0256010 0.0155090
23 0.2449376 0.1631665 0.0244373 0.0155090
28 0.1349698 0.0667888 0.0256009 0.0155090
27 0.2996305 0.0667888 0.0244373 0.0155090
25 0.4084346 0.2119092 0.0256010 0.0155090
20 0.4642912 0.1144237 0.0256010 0.0155090
25 0.4084346 0.1144237 0.0256010 0.0155090
7 0.2449376 0.2612059 0.0244373 0.0166169
25 0.4642912 0.2612059 0.0256010 0.0166169
14 0.1908265 0.0667888 0.0256010 0.0155090
