17 0.6416969 0.5867139 0.0247450 0.0162028
6 0.7001853 0.7059205 0.0247451 0.0162028
32 0.8062264 0.5716684 0.3875472 0.4421066
33 0.9968757 0.3685539 0.0062486 0.0173602
9 0.6416969 0.4657711 0.0247450 0.0173602
10 0.7001853 0.4657711 0.0247451 0.0173602
19 0.8165994 0.4657711 0.0236203 0.0173602
8 0.8750877 0.4657711 0.0236202 0.0173602
13 0.9895647 0.4657711 0.0208706 0.0173602
16 0.6416969 0.5259531 0.0247450 0.0173602
24 0.7001853 0.5259531 0.0247451 0.0173602
2 0.7575487 0.5259531 0.0247450 0.0173602
17 0.8165994 0.5259531 0.0236203 0.0173602
31 0.7001853 0.5867139 0.0247451 0.0162028
12 0.7575487 0.5867139 0.0247450 0.0162028
18 0.8750877 0.5867139 0.0236202 0.0162028
4 0.9895647 0.5867139 0.0208706 0.0162028
27 0.6416969 0.6468959 0.0247450 0.0162028
22 0.7001853 0.6468959 0.0247451 0.0162028
34 0.7575487 0.6468959 0.0494901 0.0509234
31 0.7575487 0.6468959 0.0247450 0.0162028
29 0.8165994 0.6468959 0.0236203 0.0162028
15 0.8750877 0.6468959 0.0236202 0.0162028
1 0.9341383 0.6468959 0.0247451 0.0162028
14 0.9895647 0.6468959 0.0208706 0.0162028
3 0.7575487 0.7059205 0.0247450 0.0162028
5 0.8750877 0.7059205 0.0236202 0.0162028
23 0.9341383 0.7059205 0.0247451 0.0162028
30 0.9895647 0.7059205 0.0208706 0.0162028
25 0.6416969 0.7666813 0.0247450 0.0173603
21 0.8750877 0.7666813 0.0236202 0.0173603
26 0.9341383 0.7666813 0.0247451 0.0173603
30 0.9895647 0.5259531 0.0208706 0.0173602
4 0.7575487 0.7666813 0.0247450 0.0173603
24 0.8165994 0.7666813 0.0236203 0.0173603
26 0.9895647 0.7666813 0.0208706 0.0173603
15 0.7001853 0.7666813 0.0247451 0.0173603
28 0.8165994 0.5867139 0.0236203 0.0162028
19 0.8165994 0.7059205 0.0236203 0.0162028
27 0.9341383 0.5259531 0.0247451 0.0173602
29 0.9341383 0.4657711 0.0247451 0.0173602
4 0.7575487 0.4657711 0.0247450 0.0173602
1 0.6416969 0.7059205 0.0247450 0.0162028
22 0.8750877 0.5259531 0.0236202 0.0173602
11 0.9341383 0.5867139 0.0247451 0.0162028
