16 0.4176021 0.6492288 0.0277567 0.0164618
11 0.4882554 0.4121786 0.0277567 0.0164618
32 0.5589087 0.5586888 0.5097129 0.4872697
33 0.6365011 0.3265772 0.0113550 0.0142669
7 0.3469489 0.4121786 0.0277566 0.0164618
30 0.4176021 0.4121786 0.0277567 0.0164618
25 0.5589086 0.4121786 0.0277567 0.0164618
17 0.3469489 0.4714412 0.0277566 0.0164618
6 0.6295619 0.4714412 0.0277567 0.0164618
13 0.7002151 0.4714412 0.0277567 0.0164618
21 0.3469489 0.5307037 0.0277566 0.0164618
28 0.4176021 0.5307037 0.0277567 0.0164618
20 0.6295619 0.5307037 0.0277567 0.0164618
29 0.7002151 0.5307037 0.0277567 0.0164618
14 0.7708685 0.5307037 0.0277567 0.0164618
10 0.3469489 0.5899662 0.0277566 0.0164619
22 0.4176021 0.5899662 0.0277567 0.0164619
3 0.5589086 0.5899662 0.0277567 0.0164619
12 0.6295619 0.5899662 0.0277567 0.0164619
26 0.7002151 0.5899662 0.0277567 0.0164619
23 0.7708685 0.5899662 0.0277567 0.0164619
34 0.3469488 0.6497775 0.0656066 0.0592626
2 0.3469489 0.6492288 0.0277566 0.0164618
27 0.4882554 0.6492288 0.0277567 0.0164618
8 0.6295619 0.6492288 0.0277567 0.0164618
14 0.7708685 0.4714412 0.0277567 0.0164618
24 0.7708685 0.4121786 0.0277567 0.0164618
15 0.5589086 0.5307037 0.0277567 0.0164618
8 0.4882554 0.5899662 0.0277567 0.0164619
7 0.4176021 0.4714412 0.0277567 0.0164618
19 0.7708685 0.6492288 0.0277567 0.0164618
17 0.5589086 0.4714412 0.0277567 0.0164618
2 0.4882554 0.5307037 0.0277567 0.0164618
31 0.5589086 0.6492288 0.0277567 0.0164618
14 0.4882554 0.4714412 0.0277567 0.0164618
12 0.6295619 0.4121786 0.0277567 0.0164618
16 0.7002151 0.6492288 0.0277567 0.0164618
18 0.7002151 0.4121786 0.0277567 0.0164618
