7 0.2341437 0.4235351 0.0226173 0.0156387
20 0.3348448 0.5223938 0.0236944 0.0167557
32 0.2869175 0.3637731 0.4017273 0.4188927
33 0.4576247 0.2006842 0.0086161 0.0122875
22 0.1840624 0.2772019 0.0236944 0.0156387
4 0.2341437 0.2772019 0.0226173 0.0156387
28 0.2847635 0.2772019 0.0226174 0.0156387
29 0.4371614 0.2772019 0.0236944 0.0156387
11 0.1323656 0.3252349 0.0236944 0.0156387
35 0.1840624 0.3252349 0.0430807 0.0446819
4 0.1840624 0.3252349 0.0236944 0.0156387
1 0.2341437 0.3252349 0.0226173 0.0156387
27 0.2847635 0.3252349 0.0226174 0.0156387
16 0.3854646 0.3252349 0.0236944 0.0156387
17 0.1840624 0.3743850 0.0236944 0.0156387
21 0.2341437 0.3743850 0.0226173 0.0156387
7 0.2847635 0.3743850 0.0226174 0.0156387
19 0.3348448 0.3743850 0.0236944 0.0156387
13 0.3854646 0.3743850 0.0236944 0.0156387
26 0.4371614 0.3743850 0.0236944 0.0156387
2 0.1323656 0.4235351 0.0236944 0.0156387
15 0.2847635 0.4235351 0.0226174 0.0156387
6 0.3348448 0.4235351 0.0236944 0.0156387
8 0.3854646 0.4235351 0.0236944 0.0156387
9 0.1840624 0.4732437 0.0236944 0.0167557
5 0.2341437 0.4732437 0.0226173 0.0167557
14 0.2847635 0.4732437 0.0226174 0.0167557
23 0.3854646 0.4732437 0.0236944 0.0167557
24 0.4371614 0.4732437 0.0236944 0.0167557
30 0.1323656 0.5223938 0.0236944 0.0167557
10 0.2341437 0.5223938 0.0226173 0.0167557
25 0.4371614 0.5223938 0.0236944 0.0167557
29 0.1323656 0.2772019 0.0236944 0.0156387
21 0.4371614 0.3252349 0.0236944 0.0156387
28 0.3854646 0.2772019 0.0236944 0.0156387
25 0.1323656 0.3743850 0.0236944 0.0156387
11 0.1840624 0.4235351 0.0236944 0.0156387
4 0.3348448 0.4732437 0.0236944 0.0167557
26 0.1840624 0.5223938 0.0236944 0.0167557
14 0.3348448 0.2772019 0.0236944 0.0156387
25 0.2847635 0.5223938 0.0226174 0.0167557
9 0.3348448 0.3252349 0.0236944 0.0156387
14 0.4371614 0.4235351 0.0236944 0.0156387
4 0.1323656 0.4732437 0.0236944 0.0167557
27 0.3854646 0.5223938 0.0236944 0.0167557
