4 0.5223390 0.3779894 0.0240563 0.0168328
24 0.5738882 0.5928884 0.0240563 0.0157106
32 0.6672495 0.3942611 0.3917738 0.4915183
33 0.8024230 0.2029281 0.0137465 0.0190772
4 0.5738882 0.3061694 0.0240563 0.0168328
10 0.7800849 0.3061694 0.0240563 0.0168328
9 0.8316341 0.3061694 0.0240563 0.0168328
5 0.6254374 0.3779894 0.0240563 0.0168328
6 0.6769866 0.3779894 0.0240563 0.0168328
34 0.7800850 0.3779894 0.0446760 0.0437653
8 0.7800849 0.3779894 0.0240563 0.0168328
2 0.6254374 0.4498094 0.0240563 0.0168328
19 0.7285358 0.4498094 0.0240563 0.0168328
26 0.7800849 0.4498094 0.0240563 0.0168328
18 0.8316341 0.4498094 0.0240563 0.0168328
17 0.5223390 0.5210684 0.0240563 0.0157107
7 0.5738882 0.5210684 0.0240563 0.0157107
28 0.7285358 0.5210684 0.0240563 0.0157107
27 0.7800849 0.5210684 0.0240563 0.0157107
21 0.5223390 0.5928884 0.0240563 0.0157106
11 0.6254374 0.5928884 0.0240563 0.0157106
15 0.6769866 0.5928884 0.0240563 0.0157106
22 0.7285358 0.5928884 0.0240563 0.0157106
30 0.7800849 0.5928884 0.0240563 0.0157106
8 0.8316341 0.5928884 0.0240563 0.0157106
14 0.6254374 0.3061694 0.0240563 0.0168328
2 0.7285358 0.3061694 0.0240563 0.0168328
2 0.7285358 0.3779894 0.0240563 0.0168328
17 0.5223390 0.4498094 0.0240563 0.0168328
17 0.5223390 0.3061694 0.0240563 0.0168328
16 0.8316341 0.5210684 0.0240563 0.0157107
4 0.6254374 0.5210684 0.0240563 0.0157107
29 0.5738882 0.4498094 0.0240563 0.0168328
23 0.6769866 0.5210684 0.0240563 0.0157107
19 0.8316341 0.3779894 0.0240563 0.0168328
10 0.6769866 0.4498094 0.0240563 0.0168328
13 0.6769866 0.3061694 0.0240563 0.0168328
5 0.5738882 0.3779894 0.0240563 0.0168328
