6 0.1312008 0.3504382 0.0261413 0.0158502
28 0.4639083 0.5786812 0.0261413 0.0158502
32 0.3302312 0.4772399 0.4764848 0.4596561
33 0.4039022 0.2590354 0.0106942 0.0126802
5 0.1977423 0.3504382 0.0261413 0.0158502
1 0.2642838 0.3504382 0.0261413 0.0158502
13 0.3308253 0.3504382 0.0261413 0.0158502
27 0.3973668 0.3504382 0.0261413 0.0158502
16 0.4639083 0.3504382 0.0261413 0.0158502
15 0.1312008 0.4074990 0.0261413 0.0158502
2 0.2642838 0.4074990 0.0261413 0.0158502
11 0.4639083 0.4074990 0.0261413 0.0158502
17 0.5304499 0.4074990 0.0261413 0.0158502
18 0.1312008 0.4645597 0.0261413 0.0158502
34 0.1977423 0.4650881 0.0617886 0.0570608
4 0.1977423 0.4645597 0.0261413 0.0158502
8 0.2642838 0.4645597 0.0261413 0.0158502
31 0.3308253 0.4645597 0.0261413 0.0158502
21 0.5304499 0.4645597 0.0261413 0.0158502
19 0.1312008 0.5216205 0.0261413 0.0158502
28 0.2642838 0.5216205 0.0261413 0.0158502
24 0.3973668 0.5216205 0.0261413 0.0158502
4 0.4639083 0.5216205 0.0261413 0.0158502
30 0.5304499 0.5216205 0.0261413 0.0158502
3 0.1977423 0.5786812 0.0261413 0.0158502
29 0.2642838 0.5786812 0.0261413 0.0158502
12 0.5304499 0.5786812 0.0261413 0.0158502
23 0.1312008 0.6357421 0.0261413 0.0158502
26 0.2642838 0.6357421 0.0261413 0.0158502
6 0.3308253 0.6357421 0.0261413 0.0158502
22 0.3973668 0.6357421 0.0261413 0.0158502
14 0.5304499 0.6357421 0.0261413 0.0158502
23 0.1312008 0.5786812 0.0261413 0.0158502
25 0.5304499 0.3504382 0.0261413 0.0158502
4 0.3308253 0.5216205 0.0261413 0.0158502
27 0.3973668 0.5786812 0.0261413 0.0158502
5 0.3308253 0.4074990 0.0261413 0.0158502
30 0.3973668 0.4074990 0.0261413 0.0158502
26 0.1977423 0.5216205 0.0261413 0.0158502
13 0.1977423 0.4074990 0.0261413 0.0158502
2 0.3973668 0.4645597 0.0261413 0.0158502
18 0.4639083 0.6357421 0.0261413 0.0158502
17 0.4639083 0.4645597 0.0261413 0.0158502
21 0.1977423 0.6357421 0.0261413 0.0158502
15 0.3308253 0.5786812 0.0261413 0.0158502
