5 0.3756390 0.5534758 0.0241034 0.0148647
25 0.6855401 0.3501483 0.0241034 0.0159264
32 0.5208334 0.3655439 0.3925413 0.4650518
33 0.6562716 0.1845134 0.0137734 0.0180500
9 0.3756390 0.2821955 0.0241034 0.0159264
21 0.4272892 0.2821955 0.0241034 0.0159264
20 0.4789394 0.2821955 0.0241034 0.0159264
2 0.5305895 0.2821955 0.0241034 0.0159264
6 0.3756390 0.3501483 0.0241034 0.0159264
34 0.4272892 0.3501483 0.0447635 0.0414087
30 0.4272892 0.3501483 0.0241034 0.0159264
14 0.5305895 0.3501483 0.0241034 0.0159264
26 0.5822397 0.3501483 0.0241035 0.0159264
24 0.6338898 0.3501483 0.0241034 0.0159264
25 0.4272892 0.4181011 0.0241034 0.0159264
16 0.4789394 0.4181011 0.0241034 0.0159264
19 0.5305895 0.4181011 0.0241034 0.0159264
10 0.5822397 0.4181011 0.0241035 0.0159264
15 0.6855401 0.4181011 0.0241034 0.0159264
13 0.4789394 0.4855230 0.0241034 0.0148646
7 0.5305895 0.4855230 0.0241034 0.0148646
18 0.6338898 0.4855230 0.0241034 0.0148646
11 0.4272892 0.5534758 0.0241034 0.0148647
23 0.5305895 0.5534758 0.0241034 0.0148647
3 0.6855401 0.5534758 0.0241034 0.0148647
26 0.6338898 0.4181011 0.0241034 0.0159264
23 0.5822397 0.4855230 0.0241035 0.0148646
11 0.5822397 0.5534758 0.0241035 0.0148647
25 0.3756390 0.4181011 0.0241034 0.0159264
3 0.3756390 0.4855230 0.0241034 0.0148646
4 0.6855401 0.2821955 0.0241034 0.0159264
15 0.5822397 0.2821955 0.0241035 0.0159264
9 0.4789394 0.5534758 0.0241034 0.0148647
11 0.6338898 0.2821955 0.0241034 0.0159264
6 0.4272892 0.4855230 0.0241034 0.0148646
11 0.4789394 0.3501483 0.0241034 0.0159264
11 0.6338898 0.5534758 0.0241034 0.0148647
7 0.6855401 0.4855230 0.0241034 0.0148646
