3 0.4277569 0.4511365 0.0266622 0.0173250
8 0.5634918 0.5135067 0.0266622 0.0173250
32 0.5640978 0.4453615 0.4908271 0.5093560
33 0.6362069 0.2189811 0.0096954 0.0127050
22 0.3598895 0.3263963 0.0266622 0.0173250
30 0.4277569 0.3263963 0.0266622 0.0173250
4 0.5634918 0.3263963 0.0266622 0.0173250
12 0.6313593 0.3263963 0.0266622 0.0173250
6 0.7670941 0.3263963 0.0266622 0.0173250
16 0.3598895 0.3881890 0.0266622 0.0161700
8 0.6313593 0.3881890 0.0266622 0.0161700
18 0.6992267 0.3881890 0.0266622 0.0161700
9 0.7670941 0.3881890 0.0266622 0.0161700
21 0.3598895 0.4511365 0.0266622 0.0173250
13 0.4956244 0.4511365 0.0266622 0.0173250
26 0.5634918 0.4511365 0.0266622 0.0173250
1 0.3598895 0.5135067 0.0266622 0.0173250
3 0.4956244 0.5135067 0.0266622 0.0173250
31 0.6313593 0.5135067 0.0266622 0.0173250
27 0.6992267 0.5135067 0.0266622 0.0173250
23 0.7670941 0.5135067 0.0266622 0.0173250
15 0.4277569 0.5758768 0.0266622 0.0173250
2 0.5634918 0.5758768 0.0266622 0.0173250
34 0.6992267 0.5752993 0.0630198 0.0623701
10 0.6992267 0.5758768 0.0266622 0.0173250
18 0.4956244 0.3263963 0.0266622 0.0173250
13 0.3598895 0.5758768 0.0266622 0.0173250
13 0.4277569 0.5135067 0.0266622 0.0173250
31 0.7670941 0.5758768 0.0266622 0.0173250
25 0.6313593 0.4511365 0.0266622 0.0173250
28 0.7670941 0.4511365 0.0266622 0.0173250
8 0.5634918 0.3881890 0.0266622 0.0161700
17 0.4956244 0.5758768 0.0266622 0.0173250
29 0.4277569 0.3881890 0.0266622 0.0161700
15 0.4956244 0.3881890 0.0266622 0.0161700
16 0.6992267 0.4511365 0.0266622 0.0173250
8 0.6992267 0.3263963 0.0266622 0.0173250
10 0.6313593 0.5758768 0.0266622 0.0173250
