14 0.4641814 0.6273003 0.0274369 0.0171521
26 0.6038605 0.4420578 0.0274370 0.0171521
32 0.5340210 0.5329638 0.5038424 0.5077017
33 0.6107198 0.2911195 0.0112242 0.0148651
1 0.3245023 0.3803103 0.0274369 0.0171521
15 0.3943419 0.3803103 0.0274369 0.0171521
31 0.4641814 0.3803103 0.0274369 0.0171521
8 0.5340209 0.3803103 0.0274369 0.0171521
14 0.3943419 0.4420578 0.0274369 0.0171521
3 0.6737000 0.4420578 0.0274370 0.0171521
25 0.3245023 0.5038053 0.0274369 0.0171521
22 0.3943419 0.5038053 0.0274369 0.0171521
30 0.5340209 0.5038053 0.0274369 0.0171521
10 0.3245023 0.5655528 0.0274369 0.0171521
7 0.3943419 0.5655528 0.0274369 0.0171521
5 0.5340209 0.5655528 0.0274369 0.0171521
17 0.6038605 0.5655528 0.0274370 0.0171521
29 0.6737000 0.5655528 0.0274370 0.0171521
18 0.7435396 0.5655528 0.0274370 0.0171521
23 0.3245023 0.6273003 0.0274369 0.0171521
20 0.3943419 0.6273003 0.0274369 0.0171521
4 0.6038605 0.6273003 0.0274370 0.0171521
19 0.6737000 0.6273003 0.0274370 0.0171521
34 0.7435396 0.6278720 0.0648510 0.0617475
19 0.7435396 0.6273003 0.0274370 0.0171521
20 0.6038605 0.3803103 0.0274370 0.0171521
5 0.6737000 0.5038053 0.0274370 0.0171521
28 0.4641814 0.5038053 0.0274369 0.0171521
19 0.3245023 0.4420578 0.0274369 0.0171521
16 0.6038605 0.5038053 0.0274370 0.0171521
28 0.4641814 0.4420578 0.0274369 0.0171521
14 0.7435396 0.3803103 0.0274370 0.0171521
16 0.6737000 0.3803103 0.0274370 0.0171521
23 0.5340209 0.6273003 0.0274369 0.0171521
14 0.7435396 0.5038053 0.0274370 0.0171521
25 0.7435396 0.4420578 0.0274370 0.0171521
25 0.5340209 0.4420578 0.0274369 0.0171521
31 0.4641814 0.5655528 0.0274369 0.0171521
