26 0.5210430 0.3767041 0.0265665 0.0158724
28 0.3857954 0.4384930 0.0265665 0.0170062
32 0.3863992 0.4328243 0.4890650 0.4999803
33 0.4582495 0.2106108 0.0096605 0.0124711
17 0.1829240 0.3160489 0.0265665 0.0170061
9 0.2505478 0.3160489 0.0265665 0.0170061
13 0.3857954 0.3160489 0.0265665 0.0170061
8 0.4534192 0.3160489 0.0265665 0.0170061
31 0.4534192 0.3767041 0.0265665 0.0158724
6 0.5886668 0.3767041 0.0265665 0.0158724
14 0.1829240 0.4384930 0.0265665 0.0170062
2 0.3181716 0.4384930 0.0265665 0.0170062
12 0.4534192 0.4384930 0.0265665 0.0170062
15 0.5210430 0.4384930 0.0265665 0.0170062
21 0.1829240 0.4997151 0.0265665 0.0170062
26 0.2505478 0.4997151 0.0265665 0.0170062
16 0.5210430 0.4997151 0.0265665 0.0170062
11 0.5886668 0.4997151 0.0265665 0.0170062
10 0.1829240 0.5609372 0.0265665 0.0170061
18 0.3181716 0.5609372 0.0265665 0.0170061
34 0.3857954 0.5603703 0.0627935 0.0612221
20 0.3857954 0.5609372 0.0265665 0.0170061
22 0.4534192 0.5609372 0.0265665 0.0170061
29 0.5210430 0.5609372 0.0265665 0.0170061
25 0.5886668 0.5609372 0.0265665 0.0170061
5 0.1829240 0.6215924 0.0265665 0.0158724
1 0.2505478 0.6215924 0.0265665 0.0158724
20 0.3181716 0.6215924 0.0265665 0.0158724
4 0.3857954 0.6215924 0.0265665 0.0158724
30 0.4534192 0.6215924 0.0265665 0.0158724
24 0.5210430 0.6215924 0.0265665 0.0158724
7 0.5886668 0.6215924 0.0265665 0.0158724
8 0.5210430 0.3160489 0.0265665 0.0170061
16 0.3181716 0.3767041 0.0265665 0.0158724
25 0.3857954 0.4997151 0.0265665 0.0170062
16 0.5886668 0.3160489 0.0265665 0.0170061
12 0.2505478 0.5609372 0.0265665 0.0170061
27 0.3857954 0.3767041 0.0265665 0.0158724
27 0.5886668 0.4384930 0.0265665 0.0170062
25 0.3181716 0.4997151 0.0265665 0.0170062
20 0.3181716 0.3160489 0.0265665 0.0170061
10 0.4534192 0.4997151 0.0265665 0.0170062
26 0.1829240 0.3767041 0.0265665 0.0158724
26 0.2505478 0.4384930 0.0265665 0.0170062
8 0.2505478 0.3767041 0.0265665 0.0158724
