19 0.2044166 0.1868771 0.0271130 0.0166456
1 0.2734316 0.4265730 0.0271130 0.0166455
32 0.4114615 0.3350225 0.4978936 0.4927083
33 0.4872547 0.1003202 0.0110917 0.0144262
17 0.2734316 0.1868771 0.0271130 0.0166456
3 0.4114615 0.1868771 0.0271130 0.0166456
21 0.4804764 0.1868771 0.0271130 0.0166456
22 0.5494913 0.1868771 0.0271130 0.0166456
10 0.2734316 0.2468011 0.0271130 0.0166456
5 0.4114615 0.2468011 0.0271130 0.0166456
31 0.4804764 0.2468011 0.0271130 0.0166456
13 0.5494913 0.2468011 0.0271130 0.0166456
11 0.6185063 0.2468011 0.0271130 0.0166456
24 0.2044166 0.3067251 0.0271130 0.0166455
8 0.2734316 0.3067251 0.0271130 0.0166455
25 0.3424465 0.3067251 0.0271130 0.0166455
7 0.4114615 0.3067251 0.0271130 0.0166455
34 0.4804764 0.3072799 0.0640853 0.0599240
31 0.4804764 0.3067251 0.0271130 0.0166455
19 0.5494913 0.3067251 0.0271130 0.0166455
15 0.6185063 0.3067251 0.0271130 0.0166455
30 0.2734316 0.3666490 0.0271130 0.0166455
1 0.3424465 0.3666490 0.0271130 0.0166455
12 0.4114615 0.3666490 0.0271130 0.0166455
14 0.3424465 0.4265730 0.0271130 0.0166455
6 0.4804764 0.4265730 0.0271130 0.0166455
4 0.6185063 0.4265730 0.0271130 0.0166455
9 0.2044166 0.4864970 0.0271130 0.0166455
28 0.2734316 0.4864970 0.0271130 0.0166455
26 0.3424465 0.4864970 0.0271130 0.0166455
27 0.4114615 0.4864970 0.0271130 0.0166455
31 0.6185063 0.4864970 0.0271130 0.0166455
9 0.2044166 0.2468011 0.0271130 0.0166456
1 0.5494913 0.4864970 0.0271130 0.0166455
3 0.2044166 0.4265730 0.0271130 0.0166455
21 0.4804764 0.3666490 0.0271130 0.0166455
19 0.5494913 0.4265730 0.0271130 0.0166455
13 0.3424465 0.1868771 0.0271130 0.0166456
16 0.4804764 0.4864970 0.0271130 0.0166455
24 0.5494913 0.3666490 0.0271130 0.0166455
18 0.6185063 0.1868771 0.0271130 0.0166456
18 0.2044166 0.3666490 0.0271130 0.0166455
26 0.3424465 0.2468011 0.0271130 0.0166456
13 0.4114615 0.4265730 0.0271130 0.0166455
10 0.6185063 0.3666490 0.0271130 0.0166455
