2 0.4421941 0.3315882 0.0281589 0.0168965
27 0.2988399 0.3924156 0.0281589 0.0168965
32 0.3705170 0.3603122 0.5170993 0.5001365
33 0.4492339 0.1220715 0.0115195 0.0146437
12 0.1554856 0.2099333 0.0281589 0.0168965
31 0.3705170 0.2099333 0.0281589 0.0168965
15 0.5138713 0.2099333 0.0281589 0.0168965
8 0.5855484 0.2099333 0.0281589 0.0168965
34 0.1554856 0.2713240 0.0665573 0.0608274
18 0.1554856 0.2707608 0.0281589 0.0168965
3 0.2271627 0.2707608 0.0281589 0.0168965
21 0.4421941 0.2707608 0.0281589 0.0168965
20 0.5138713 0.2707608 0.0281589 0.0168965
2 0.5855484 0.2707608 0.0281589 0.0168965
5 0.1554856 0.3315882 0.0281589 0.0168965
16 0.2271627 0.3315882 0.0281589 0.0168965
9 0.5855484 0.3315882 0.0281589 0.0168965
18 0.2271627 0.3924156 0.0281589 0.0168965
1 0.4421941 0.3924156 0.0281589 0.0168965
17 0.5855484 0.3924156 0.0281589 0.0168965
14 0.2271627 0.4532430 0.0281589 0.0168965
11 0.3705170 0.4532430 0.0281589 0.0168965
29 0.4421941 0.4532430 0.0281589 0.0168965
10 0.5855484 0.4532430 0.0281589 0.0168965
12 0.4421941 0.2099333 0.0281589 0.0168965
5 0.2271627 0.2099333 0.0281589 0.0168965
18 0.2988399 0.2099333 0.0281589 0.0168965
2 0.3705170 0.2707608 0.0281589 0.0168965
20 0.2988399 0.4532430 0.0281589 0.0168965
2 0.3705170 0.3315882 0.0281589 0.0168965
13 0.5138713 0.3924156 0.0281589 0.0168965
1 0.3705170 0.3924156 0.0281589 0.0168965
12 0.2988399 0.2707608 0.0281589 0.0168965
3 0.2988399 0.3315882 0.0281589 0.0168965
16 0.5138713 0.3315882 0.0281589 0.0168965
12 0.1554856 0.4532430 0.0281589 0.0168965
10 0.5138713 0.4532430 0.0281589 0.0168965
10 0.1554856 0.3924156 0.0281589 0.0168965
