24 0.5191197 0.5763968 0.0261428 0.0169217
15 0.1863932 0.3936430 0.0261428 0.0169216
32 0.3188897 0.4286144 0.4765118 0.4997526
33 0.3919707 0.1928395 0.0118831 0.0146654
7 0.1863932 0.3327251 0.0261428 0.0169217
30 0.3860291 0.3327251 0.0261428 0.0169217
8 0.4525744 0.3327251 0.0261428 0.0169217
19 0.1198480 0.3936430 0.0261428 0.0169216
14 0.3194838 0.3936430 0.0261428 0.0169216
21 0.3860291 0.3936430 0.0261428 0.0169216
27 0.4525744 0.3936430 0.0261428 0.0169216
13 0.1198480 0.4545609 0.0261428 0.0169216
1 0.1863932 0.4545609 0.0261428 0.0169216
18 0.2529385 0.4545609 0.0261428 0.0169216
10 0.3194838 0.4545609 0.0261428 0.0169216
26 0.3860291 0.4545609 0.0261428 0.0169216
20 0.4525744 0.4545609 0.0261428 0.0169216
24 0.5191197 0.4545609 0.0261428 0.0169216
15 0.1863932 0.5154789 0.0261428 0.0169217
34 0.2529385 0.5160429 0.0617920 0.0609179
2 0.2529385 0.5154789 0.0261428 0.0169217
31 0.3194838 0.5154789 0.0261428 0.0169217
3 0.3860291 0.5154789 0.0261428 0.0169217
22 0.5191197 0.5154789 0.0261428 0.0169217
23 0.1198480 0.5763968 0.0261428 0.0169217
2 0.1863932 0.5763968 0.0261428 0.0169217
16 0.1863932 0.6373147 0.0261428 0.0169216
9 0.3194838 0.6373147 0.0261428 0.0169216
6 0.3860291 0.6373147 0.0261428 0.0169216
11 0.4525744 0.6373147 0.0261428 0.0169216
4 0.5191197 0.6373147 0.0261428 0.0169216
23 0.2529385 0.3327251 0.0261428 0.0169217
3 0.2529385 0.3936430 0.0261428 0.0169216
24 0.2529385 0.6373147 0.0261428 0.0169216
30 0.3194838 0.5763968 0.0261428 0.0169217
9 0.4525744 0.5763968 0.0261428 0.0169217
7 0.4525744 0.5154789 0.0261428 0.0169217
22 0.1198480 0.5154789 0.0261428 0.0169217
31 0.1198480 0.3327251 0.0261428 0.0169217
6 0.5191197 0.3327251 0.0261428 0.0169217
29 0.5191197 0.3936430 0.0261428 0.0169216
2 0.2529385 0.5763968 0.0261428 0.0169217
24 0.3194838 0.3327251 0.0261428 0.0169217
12 0.1198480 0.6373147 0.0261428 0.0169216
17 0.3860291 0.5763968 0.0261428 0.0169217
