13 0.7599601 0.6078234 0.0276183 0.0170339
9 0.8302609 0.4846116 0.0276182 0.0158983
32 0.6199861 0.5408234 0.5084259 0.5007961
33 0.6946808 0.3182474 0.0100430 0.0124915
7 0.4084558 0.4238575 0.0276182 0.0170339
31 0.4787567 0.4238575 0.0276182 0.0170339
3 0.5490575 0.4238575 0.0276182 0.0170339
27 0.6193584 0.4238575 0.0276182 0.0170339
10 0.6896593 0.4238575 0.0276182 0.0170339
18 0.7599601 0.4238575 0.0276183 0.0170339
11 0.8302609 0.4238575 0.0276182 0.0170339
12 0.4084558 0.4846116 0.0276182 0.0158983
29 0.4787567 0.4846116 0.0276182 0.0158983
1 0.5490575 0.4846116 0.0276182 0.0158983
34 0.6193584 0.4846116 0.0652794 0.0613220
15 0.6193584 0.4846116 0.0276182 0.0158983
15 0.7599601 0.4846116 0.0276183 0.0158983
30 0.4787567 0.5465014 0.0276182 0.0170338
23 0.6193584 0.5465014 0.0276182 0.0170338
13 0.7599601 0.5465014 0.0276183 0.0170338
5 0.8302609 0.5465014 0.0276182 0.0170338
2 0.4084558 0.6078234 0.0276182 0.0170339
24 0.4787567 0.6078234 0.0276182 0.0170339
26 0.6193584 0.6078234 0.0276182 0.0170339
20 0.6896593 0.6078234 0.0276182 0.0170339
6 0.8302609 0.6078234 0.0276182 0.0170339
9 0.4084558 0.6691454 0.0276182 0.0170339
17 0.5490575 0.6691454 0.0276182 0.0170339
25 0.6896593 0.6691454 0.0276182 0.0170339
22 0.6896593 0.7298995 0.0276182 0.0158983
21 0.8302609 0.7298995 0.0276182 0.0158983
5 0.5490575 0.6078234 0.0276182 0.0170339
8 0.4084558 0.5465014 0.0276182 0.0170338
19 0.4787567 0.7298995 0.0276182 0.0158983
27 0.6896593 0.4846116 0.0276182 0.0158983
21 0.6193584 0.7298995 0.0276182 0.0158983
9 0.5490575 0.7298995 0.0276182 0.0158983
15 0.7599601 0.6691454 0.0276183 0.0170339
22 0.8302609 0.6691454 0.0276182 0.0170339
19 0.6193584 0.6691454 0.0276182 0.0170339
6 0.6896593 0.5465014 0.0276182 0.0170338
5 0.7599601 0.7298995 0.0276183 0.0158983
11 0.4084558 0.7298995 0.0276182 0.0158983
25 0.4787567 0.6691454 0.0276182 0.0170339
11 0.5490575 0.5465014 0.0276182 0.0170338
