14 0.1863055 0.2688669 0.0266740 0.0173127
30 0.2542030 0.3935180 0.0266740 0.0173126
32 0.3893917 0.3450426 0.4861944 0.5020669
33 0.4645639 0.1067051 0.0109121 0.0138501
18 0.1863055 0.2065414 0.0266740 0.0173127
16 0.2542030 0.2065414 0.0266740 0.0173127
10 0.2542030 0.2688669 0.0266740 0.0173127
26 0.3221004 0.2688669 0.0266740 0.0173127
29 0.3899979 0.2688669 0.0266740 0.0173127
14 0.5936903 0.2688669 0.0266740 0.0173127
28 0.1863055 0.3311925 0.0266740 0.0173126
17 0.2542030 0.3311925 0.0266740 0.0173126
24 0.3899979 0.3311925 0.0266740 0.0173126
6 0.4578954 0.3311925 0.0266740 0.0173126
2 0.5257928 0.3311925 0.0266740 0.0173126
9 0.1863055 0.3935180 0.0266740 0.0173126
20 0.3221004 0.3935180 0.0266740 0.0173126
31 0.4578954 0.3935180 0.0266740 0.0173126
34 0.5936903 0.3940951 0.0630477 0.0623256
24 0.5936903 0.3935180 0.0266740 0.0173126
23 0.2542030 0.4558436 0.0266740 0.0173127
15 0.3221004 0.4558436 0.0266740 0.0173127
22 0.5257928 0.4558436 0.0266740 0.0173127
1 0.5936903 0.4558436 0.0266740 0.0173127
13 0.5936903 0.3311925 0.0266740 0.0173126
30 0.3899979 0.4558436 0.0266740 0.0173127
2 0.5257928 0.2065414 0.0266740 0.0173127
27 0.1863055 0.4558436 0.0266740 0.0173127
5 0.3221004 0.2065414 0.0266740 0.0173127
19 0.4578954 0.2688669 0.0266740 0.0173127
2 0.3899979 0.3935180 0.0266740 0.0173126
6 0.5936903 0.2065414 0.0266740 0.0173127
20 0.4578954 0.4558436 0.0266740 0.0173127
23 0.5257928 0.2688669 0.0266740 0.0173127
5 0.4578954 0.2065414 0.0266740 0.0173127
23 0.3899979 0.2065414 0.0266740 0.0173127
24 0.3221004 0.3311925 0.0266740 0.0173126
26 0.5257928 0.3935180 0.0266740 0.0173126
