25 0.2531518 0.4030038 0.0261475 0.0166454
21 0.5859376 0.4030038 0.0261475 0.0166454
32 0.4522290 0.3774808 0.4765968 0.4915951
33 0.5253230 0.1455545 0.0118852 0.0144260
7 0.3197090 0.2831567 0.0261475 0.0166454
19 0.3862661 0.2831567 0.0261475 0.0166454
28 0.5859376 0.2831567 0.0261475 0.0166454
23 0.6524947 0.2831567 0.0261474 0.0166454
2 0.2531518 0.3430802 0.0261475 0.0166454
10 0.3862661 0.3430802 0.0261475 0.0166454
27 0.4528233 0.3430802 0.0261474 0.0166454
20 0.5193804 0.3430802 0.0261474 0.0166454
9 0.5859376 0.3430802 0.0261475 0.0166454
25 0.6524947 0.3430802 0.0261474 0.0166454
4 0.4528233 0.4030038 0.0261474 0.0166454
24 0.6524947 0.4030038 0.0261474 0.0166454
1 0.2531518 0.4629273 0.0261475 0.0166454
5 0.3197090 0.4629273 0.0261475 0.0166454
34 0.4528233 0.4634822 0.0618031 0.0599236
11 0.4528233 0.4629273 0.0261474 0.0166454
26 0.5193804 0.4629273 0.0261474 0.0166454
15 0.6524947 0.4629273 0.0261474 0.0166454
8 0.2531518 0.5228509 0.0261475 0.0166454
14 0.6524947 0.5228509 0.0261474 0.0166454
23 0.3862661 0.4629273 0.0261475 0.0166454
24 0.4528233 0.2831567 0.0261474 0.0166454
5 0.5859376 0.4629273 0.0261475 0.0166454
18 0.3197090 0.4030038 0.0261475 0.0166454
22 0.3197090 0.3430802 0.0261475 0.0166454
14 0.5193804 0.5228509 0.0261474 0.0166454
21 0.5859376 0.5228509 0.0261475 0.0166454
8 0.3862661 0.4030038 0.0261475 0.0166454
24 0.4528233 0.5228509 0.0261474 0.0166454
23 0.5193804 0.4030038 0.0261474 0.0166454
2 0.2531518 0.2831567 0.0261475 0.0166454
18 0.5193804 0.2831567 0.0261474 0.0166454
22 0.3862661 0.5228509 0.0261475 0.0166454
20 0.3197090 0.5228509 0.0261475 0.0166454
