29 0.4604947 0.6359122 0.0241753 0.0161804
28 0.5122989 0.7098800 0.0241753 0.0161804
32 0.3471011 0.5053127 0.3937120 0.5062176
33 0.4829432 0.3082576 0.0138145 0.0196477
19 0.2014737 0.4145865 0.0241753 0.0173362
1 0.3050821 0.4145865 0.0241753 0.0173362
9 0.4604947 0.4145865 0.0241753 0.0173362
16 0.5122989 0.4145865 0.0241753 0.0173362
14 0.2014737 0.4885543 0.0241753 0.0173362
2 0.2532779 0.4885543 0.0241753 0.0173362
3 0.3050821 0.4885543 0.0241753 0.0173362
7 0.3568863 0.4885543 0.0241753 0.0173362
6 0.4604947 0.4885543 0.0241753 0.0173362
28 0.2014737 0.5625222 0.0241753 0.0173363
34 0.2532779 0.5625222 0.0448970 0.0450742
9 0.2532779 0.5625222 0.0241753 0.0173363
4 0.3568863 0.5625222 0.0241753 0.0173363
11 0.4604947 0.5625222 0.0241753 0.0173363
17 0.2014737 0.6359122 0.0241753 0.0161804
22 0.4086905 0.6359122 0.0241753 0.0161804
24 0.5122989 0.6359122 0.0241753 0.0161804
12 0.2014737 0.7098800 0.0241753 0.0161804
15 0.3568863 0.7098800 0.0241753 0.0161804
23 0.4604947 0.7098800 0.0241753 0.0161804
24 0.4086905 0.4145865 0.0241753 0.0173362
16 0.2532779 0.6359122 0.0241753 0.0161804
4 0.3568863 0.4145865 0.0241753 0.0173362
19 0.3568863 0.6359122 0.0241753 0.0161804
27 0.3050821 0.5625222 0.0241753 0.0173363
6 0.5122989 0.5625222 0.0241753 0.0173363
20 0.2532779 0.7098800 0.0241753 0.0161804
13 0.4086905 0.5625222 0.0241753 0.0173363
9 0.3050821 0.7098800 0.0241753 0.0161804
6 0.4086905 0.4885543 0.0241753 0.0173362
13 0.3050821 0.6359122 0.0241753 0.0161804
24 0.5122989 0.4885543 0.0241753 0.0173362
31 0.4086905 0.7098800 0.0241753 0.0161804
11 0.2532779 0.4145865 0.0241753 0.0173362
