7 0.2281738 0.3868837 0.0234420 0.0153189
23 0.2806392 0.4355759 0.0234420 0.0164131
32 0.2856625 0.3081009 0.4219564 0.3654648
33 0.4598033 0.1696839 0.0089303 0.0142247
14 0.2806392 0.2435428 0.0234420 0.0153189
4 0.3325466 0.2435428 0.0245583 0.0153189
26 0.3850121 0.2435428 0.0245583 0.0153189
1 0.4385938 0.2435428 0.0245583 0.0153189
28 0.1762664 0.2905936 0.0245583 0.0153189
15 0.3325466 0.2905936 0.0245583 0.0153189
13 0.4385938 0.2905936 0.0245583 0.0153189
9 0.1226847 0.3387387 0.0245583 0.0153189
16 0.1762664 0.3387387 0.0245583 0.0153189
5 0.2281738 0.3387387 0.0234420 0.0153189
24 0.2806392 0.3387387 0.0234420 0.0153189
30 0.3325466 0.3387387 0.0245583 0.0153189
10 0.3850121 0.3387387 0.0245583 0.0153189
18 0.4385938 0.3387387 0.0245583 0.0153189
8 0.3850121 0.3868837 0.0245583 0.0153189
2 0.1226847 0.4355759 0.0245583 0.0164131
35 0.1762664 0.4355759 0.0446515 0.0426740
9 0.1762664 0.4355759 0.0245583 0.0164131
29 0.2281738 0.4355759 0.0234420 0.0164131
25 0.3850121 0.4355759 0.0245583 0.0164131
13 0.2806392 0.3868837 0.0234420 0.0153189
15 0.2281738 0.2435428 0.0234420 0.0153189
14 0.1226847 0.3868837 0.0245583 0.0153189
7 0.3850121 0.2905936 0.0245583 0.0153189
24 0.1762664 0.2435428 0.0245583 0.0153189
29 0.1226847 0.2435428 0.0245583 0.0153189
28 0.4385938 0.3868837 0.0245583 0.0153189
11 0.3325466 0.4355759 0.0245583 0.0164131
25 0.2281738 0.2905936 0.0234420 0.0153189
3 0.1226847 0.2905936 0.0245583 0.0153189
25 0.2806392 0.2905936 0.0234420 0.0153189
14 0.4385938 0.4355759 0.0245583 0.0164131
11 0.1762664 0.3868837 0.0245583 0.0153189
26 0.3325466 0.3868837 0.0245583 0.0153189
