13 0.2848025 0.6331112 0.0271133 0.0167916
16 0.2848025 0.3913117 0.0271133 0.0167916
32 0.3532020 0.5256447 0.4942014 0.4869572
33 0.4296122 0.2944800 0.0110918 0.0134333
11 0.1467712 0.3913117 0.0271133 0.0167916
24 0.2157869 0.3913117 0.0271133 0.0167916
3 0.3538182 0.3913117 0.0271133 0.0167916
4 0.4918495 0.3913117 0.0271133 0.0167916
18 0.2157869 0.4517616 0.0271133 0.0167916
23 0.2848025 0.4517616 0.0271133 0.0167916
31 0.4228339 0.4517616 0.0271133 0.0167916
17 0.1467712 0.5122114 0.0271133 0.0167916
25 0.2157869 0.5122114 0.0271133 0.0167916
1 0.2848025 0.5122114 0.0271133 0.0167916
10 0.4228339 0.5122114 0.0271133 0.0167916
6 0.4918495 0.5122114 0.0271133 0.0167916
2 0.5608652 0.5122114 0.0271133 0.0167916
26 0.2157869 0.5726613 0.0271133 0.0167917
30 0.2848025 0.5726613 0.0271133 0.0167917
14 0.3538182 0.5726613 0.0271133 0.0167917
27 0.4228339 0.5726613 0.0271133 0.0167917
9 0.4918495 0.5726613 0.0271133 0.0167917
21 0.5608652 0.5726613 0.0271133 0.0167917
34 0.1467712 0.6336709 0.0640860 0.0604498
11 0.1467712 0.6331112 0.0271133 0.0167916
7 0.5608652 0.6331112 0.0271133 0.0167916
20 0.2157869 0.6935611 0.0271133 0.0167917
22 0.2848025 0.6935611 0.0271133 0.0167917
29 0.3538182 0.6935611 0.0271133 0.0167917
16 0.4228339 0.6935611 0.0271133 0.0167917
12 0.4918495 0.6935611 0.0271133 0.0167917
5 0.4228339 0.3913117 0.0271133 0.0167916
27 0.1467712 0.6935611 0.0271133 0.0167917
20 0.4228339 0.6331112 0.0271133 0.0167916
16 0.3538182 0.5122114 0.0271133 0.0167916
29 0.3538182 0.6331112 0.0271133 0.0167916
3 0.5608652 0.3913117 0.0271133 0.0167916
21 0.1467712 0.5726613 0.0271133 0.0167917
28 0.5608652 0.6935611 0.0271133 0.0167917
25 0.5608652 0.4517616 0.0271133 0.0167916
27 0.2157869 0.6331112 0.0271133 0.0167916
13 0.4918495 0.4517616 0.0271133 0.0167916
23 0.3538182 0.4517616 0.0271133 0.0167916
7 0.4918495 0.6331112 0.0271133 0.0167916
16 0.1467712 0.4517616 0.0271133 0.0167916
