6 0.9151631 0.4788459 0.0255391 0.0148652
24 0.6737023 0.4788459 0.0255391 0.0148652
32 0.7334871 0.4650424 0.4190739 0.4056099
33 0.9232893 0.2786955 0.0116086 0.0159271
21 0.6144980 0.3678872 0.0255391 0.0159271
6 0.6737023 0.3678872 0.0255391 0.0159271
24 0.8559589 0.3678872 0.0255391 0.0159271
12 0.9151631 0.3678872 0.0255391 0.0159271
14 0.5541328 0.4231011 0.0255391 0.0159271
16 0.6737023 0.4231011 0.0255391 0.0159271
34 0.7340675 0.4231011 0.0510783 0.0477813
11 0.7346480 0.4231011 0.0243783 0.0159271
27 0.7950132 0.4231011 0.0243783 0.0159271
22 0.5541328 0.4788459 0.0255391 0.0148652
15 0.6144980 0.4788459 0.0255391 0.0148652
29 0.7950132 0.4788459 0.0243783 0.0148652
11 0.8559589 0.4788459 0.0255391 0.0148652
10 0.5541328 0.5340598 0.0255391 0.0148653
3 0.6144980 0.5340598 0.0255391 0.0148653
19 0.6737023 0.5340598 0.0255391 0.0148653
20 0.7346480 0.5340598 0.0243783 0.0148653
8 0.7950132 0.5340598 0.0243783 0.0148653
1 0.8559589 0.5340598 0.0255391 0.0148653
31 0.6144980 0.5882119 0.0255391 0.0148653
18 0.7346480 0.5882119 0.0243783 0.0148653
23 0.7950132 0.5882119 0.0243783 0.0148653
17 0.8559589 0.5882119 0.0255391 0.0148653
13 0.9151631 0.5882119 0.0255391 0.0148653
9 0.5541328 0.6439567 0.0255391 0.0159271
26 0.7950132 0.6439567 0.0243783 0.0159271
30 0.8559589 0.6439567 0.0255391 0.0159271
27 0.8559589 0.4231011 0.0255391 0.0159271
15 0.6144980 0.4231011 0.0255391 0.0159271
22 0.7346480 0.3678872 0.0243783 0.0159271
13 0.5541328 0.3678872 0.0255391 0.0159271
23 0.6737023 0.5882119 0.0255391 0.0148653
30 0.5541328 0.5882119 0.0255391 0.0148653
22 0.7346480 0.4788459 0.0243783 0.0148652
23 0.6737023 0.6439567 0.0255391 0.0159271
8 0.9151631 0.6439567 0.0255391 0.0159271
23 0.9151631 0.4231011 0.0255391 0.0159271
5 0.6144980 0.6439567 0.0255391 0.0159271
16 0.7950132 0.3678872 0.0243783 0.0159271
24 0.9151631 0.5340598 0.0255391 0.0148653
3 0.7346480 0.6439567 0.0243783 0.0159271
