28 0.4246329 0.2777170 0.0266380 0.0161795
27 0.4924385 0.3942098 0.0266380 0.0161795
32 0.4240275 0.2906606 0.4855368 0.4692073
33 0.4990980 0.0679220 0.0108973 0.0129437
6 0.2212160 0.1612242 0.0266379 0.0161795
5 0.3568273 0.1612242 0.0266380 0.0161795
27 0.4246329 0.1612242 0.0266380 0.0161795
3 0.4924385 0.1612242 0.0266380 0.0161795
18 0.5602442 0.1612242 0.0266380 0.0161795
15 0.6280498 0.1612242 0.0266380 0.0161795
22 0.2212160 0.2194706 0.0266379 0.0161796
28 0.2890216 0.2194706 0.0266379 0.0161796
25 0.3568273 0.2194706 0.0266380 0.0161796
2 0.4924385 0.2194706 0.0266380 0.0161796
23 0.3568273 0.2777170 0.0266380 0.0161795
10 0.4924385 0.2777170 0.0266380 0.0161795
20 0.6280498 0.2777170 0.0266380 0.0161795
9 0.2212160 0.3359634 0.0266379 0.0161795
7 0.3568273 0.3359634 0.0266380 0.0161795
24 0.4924385 0.3359634 0.0266380 0.0161795
21 0.5602442 0.3359634 0.0266380 0.0161795
12 0.6280498 0.3359634 0.0266380 0.0161795
31 0.2212160 0.3942098 0.0266379 0.0161795
11 0.5602442 0.3942098 0.0266380 0.0161795
13 0.6280498 0.3942098 0.0266380 0.0161795
19 0.2212160 0.4524563 0.0266379 0.0161796
14 0.2890216 0.4524563 0.0266379 0.0161796
4 0.3568273 0.4524563 0.0266380 0.0161796
30 0.4246329 0.4524563 0.0266380 0.0161796
34 0.5602442 0.4529956 0.0629624 0.0582465
22 0.5602442 0.4524563 0.0266380 0.0161796
5 0.4924385 0.4524563 0.0266380 0.0161796
31 0.5602442 0.2777170 0.0266380 0.0161795
7 0.4246329 0.2194706 0.0266380 0.0161796
28 0.2890216 0.3942098 0.0266379 0.0161795
30 0.2212160 0.2777170 0.0266379 0.0161795
23 0.4246329 0.3942098 0.0266380 0.0161795
5 0.6280498 0.2194706 0.0266380 0.0161796
4 0.2890216 0.3359634 0.0266379 0.0161795
14 0.3568273 0.3942098 0.0266380 0.0161795
6 0.6280498 0.4524563 0.0266380 0.0161796
21 0.2890216 0.1612242 0.0266379 0.0161795
21 0.5602442 0.2194706 0.0266380 0.0161796
7 0.2890216 0.2777170 0.0266379 0.0161795
3 0.4246329 0.3359634 0.0266380 0.0161795
