5 0.4652141 0.6441503 0.0241681 0.0162623
28 0.5783646 0.4031188 0.0241681 0.0174239
32 0.6305456 0.4890770 0.3965759 0.3984278
33 0.8162003 0.3043831 0.0098870 0.0151008
31 0.4652141 0.4031188 0.0241681 0.0174239
5 0.5223386 0.4031188 0.0241681 0.0174239
2 0.6360383 0.4031188 0.0230695 0.0174239
27 0.6931629 0.4031188 0.0230695 0.0174239
34 0.7508367 0.4025380 0.0483362 0.0511103
3 0.7508367 0.4031188 0.0241682 0.0174239
16 0.5223386 0.4635219 0.0241681 0.0174240
1 0.5783646 0.4635219 0.0241681 0.0174240
17 0.6360383 0.4635219 0.0230695 0.0174240
26 0.7508367 0.4635219 0.0241682 0.0174240
20 0.8068627 0.4635219 0.0241680 0.0174240
28 0.5223386 0.5245057 0.0241681 0.0162624
14 0.5783646 0.5245057 0.0241681 0.0162624
19 0.7508367 0.5245057 0.0241682 0.0162624
18 0.8068627 0.5245057 0.0241680 0.0162624
15 0.5783646 0.5849088 0.0241681 0.0162623
22 0.6360383 0.5849088 0.0230695 0.0162623
13 0.5783646 0.6441503 0.0241681 0.0162623
23 0.6360383 0.6441503 0.0230695 0.0162623
11 0.7508367 0.6441503 0.0241682 0.0162623
29 0.6931629 0.5849088 0.0230695 0.0162623
6 0.8068627 0.6441503 0.0241680 0.0162623
22 0.6931629 0.4635219 0.0230695 0.0174240
14 0.6931629 0.6441503 0.0230695 0.0162623
17 0.6360383 0.5245057 0.0230695 0.0162624
21 0.4652141 0.5849088 0.0241681 0.0162623
24 0.6931629 0.5245057 0.0230695 0.0162624
8 0.7508367 0.5849088 0.0241682 0.0162623
22 0.4652141 0.4635219 0.0241681 0.0174240
25 0.8068627 0.4031188 0.0241680 0.0174239
25 0.5223386 0.6441503 0.0241681 0.0162623
2 0.8068627 0.5849088 0.0241680 0.0162623
27 0.5223386 0.5849088 0.0241681 0.0162623
9 0.4652141 0.5245057 0.0241681 0.0162624
