30 0.3487776 0.4370969 0.0280930 0.0170865
26 0.2057589 0.4370969 0.0280929 0.0170865
32 0.2766298 0.5122773 0.5120579 0.4955073
33 0.3558009 0.2770537 0.0114926 0.0136692
16 0.1342496 0.3755856 0.0280929 0.0170865
21 0.2057589 0.3755856 0.0280929 0.0170865
14 0.2772683 0.3755856 0.0280930 0.0170865
18 0.3487776 0.3755856 0.0280930 0.0170865
19 0.4202869 0.3755856 0.0280929 0.0170865
6 0.4917963 0.3755856 0.0280930 0.0170865
26 0.0627403 0.4370969 0.0280930 0.0170865
31 0.1342496 0.4370969 0.0280929 0.0170865
34 0.0627403 0.4991777 0.0664015 0.0615112
6 0.0627403 0.4986081 0.0280930 0.0170865
5 0.1342496 0.4986081 0.0280929 0.0170865
9 0.2057589 0.4986081 0.0280929 0.0170865
3 0.3487776 0.4986081 0.0280930 0.0170865
12 0.0627403 0.5601194 0.0280930 0.0170865
11 0.1342496 0.5601194 0.0280929 0.0170865
7 0.2772683 0.5601194 0.0280930 0.0170865
23 0.3487776 0.5601194 0.0280930 0.0170865
29 0.4202869 0.5601194 0.0280929 0.0170865
24 0.4917963 0.5601194 0.0280930 0.0170865
1 0.0627403 0.6216306 0.0280930 0.0170865
10 0.1342496 0.6216306 0.0280929 0.0170865
25 0.2057589 0.6216306 0.0280929 0.0170865
13 0.3487776 0.6216306 0.0280930 0.0170865
17 0.4202869 0.6216306 0.0280929 0.0170865
27 0.4917963 0.6216306 0.0280930 0.0170865
15 0.0627403 0.6831419 0.0280930 0.0170865
20 0.2772683 0.6831419 0.0280930 0.0170865
25 0.2057589 0.5601194 0.0280929 0.0170865
14 0.4917963 0.6831419 0.0280930 0.0170865
25 0.1342496 0.6831419 0.0280929 0.0170865
5 0.2772683 0.4986081 0.0280930 0.0170865
24 0.4917963 0.4370969 0.0280930 0.0170865
27 0.4202869 0.4986081 0.0280929 0.0170865
24 0.4202869 0.6831419 0.0280929 0.0170865
19 0.4917963 0.4986081 0.0280930 0.0170865
19 0.2057589 0.6831419 0.0280929 0.0170865
18 0.2772683 0.6216306 0.0280930 0.0170865
29 0.3487776 0.6831419 0.0280930 0.0170865
24 0.0627403 0.3755856 0.0280930 0.0170865
26 0.4202869 0.4370969 0.0280929 0.0170865
5 0.2772683 0.4370969 0.0280930 0.0170865
