30 0.2788467 0.3667016 0.0287054 0.0158425
7 0.4980513 0.3667016 0.0287053 0.0158425
32 0.4243307 0.4934417 0.5232204 0.4594328
33 0.5052276 0.2753431 0.0117431 0.0126740
30 0.4249831 0.3667016 0.0287054 0.0158425
3 0.5711195 0.3667016 0.0287054 0.0158425
34 0.6441876 0.3672297 0.0678490 0.0570330
16 0.6441876 0.3667016 0.0287054 0.0158425
14 0.2057785 0.4237346 0.0287054 0.0158425
1 0.3519149 0.4237346 0.0287053 0.0158425
12 0.4249831 0.4237346 0.0287054 0.0158425
31 0.4980513 0.4237346 0.0287053 0.0158425
6 0.6441876 0.4237346 0.0287054 0.0158425
21 0.2057785 0.4807677 0.0287054 0.0158425
17 0.4980513 0.4807677 0.0287053 0.0158425
28 0.5711195 0.4807677 0.0287054 0.0158425
27 0.6441876 0.4807677 0.0287054 0.0158425
16 0.2057785 0.5378007 0.0287054 0.0158426
26 0.2788467 0.5378007 0.0287054 0.0158426
13 0.3519149 0.5378007 0.0287053 0.0158426
25 0.4249831 0.5378007 0.0287054 0.0158426
11 0.6441876 0.5378007 0.0287054 0.0158426
7 0.2057785 0.5948337 0.0287054 0.0158425
29 0.2788467 0.5948337 0.0287054 0.0158425
8 0.5711195 0.5948337 0.0287054 0.0158425
4 0.6441876 0.5948337 0.0287054 0.0158425
9 0.2057785 0.6518667 0.0287054 0.0158425
22 0.2788467 0.6518667 0.0287054 0.0158425
19 0.4980513 0.6518667 0.0287053 0.0158425
2 0.5711195 0.6518667 0.0287054 0.0158425
23 0.6441876 0.6518667 0.0287054 0.0158425
5 0.4249831 0.5948337 0.0287054 0.0158425
19 0.3519149 0.4807677 0.0287053 0.0158425
3 0.5711195 0.4237346 0.0287054 0.0158425
1 0.4249831 0.6518667 0.0287054 0.0158425
2 0.3519149 0.5948337 0.0287053 0.0158425
30 0.5711195 0.5378007 0.0287054 0.0158426
23 0.4980513 0.5948337 0.0287053 0.0158425
5 0.3519149 0.3667016 0.0287053 0.0158425
20 0.4980513 0.5378007 0.0287053 0.0158426
29 0.4249831 0.4807677 0.0287054 0.0158425
19 0.3519149 0.6518667 0.0287053 0.0158425
2 0.2057785 0.3667016 0.0287054 0.0158425
23 0.2788467 0.4237346 0.0287054 0.0158425
20 0.2788467 0.4807677 0.0287054 0.0158425
