22 0.6074334 0.7153693 0.0242050 0.0161952
15 0.5502216 0.6563727 0.0242049 0.0161951
32 0.7158056 0.5609370 0.3971814 0.3967810
33 0.9017437 0.3770064 0.0099020 0.0150384
11 0.5502216 0.4753341 0.0242049 0.0173519
27 0.6635449 0.4753341 0.0242050 0.0173519
19 0.7213067 0.4753341 0.0231047 0.0173519
4 0.7785185 0.4753341 0.0231047 0.0173519
6 0.8923918 0.4753341 0.0242049 0.0173519
22 0.5502216 0.5354875 0.0242049 0.0173520
15 0.6074334 0.5354875 0.0242050 0.0173520
20 0.6635449 0.5354875 0.0242050 0.0173520
8 0.7213067 0.5354875 0.0231047 0.0173520
18 0.6074334 0.5962193 0.0242050 0.0161952
31 0.7213067 0.5962193 0.0231047 0.0161952
28 0.7785185 0.5962193 0.0231047 0.0161952
24 0.8362802 0.5962193 0.0242050 0.0161952
34 0.8923918 0.5962193 0.0484100 0.0508990
31 0.8923918 0.5962193 0.0242049 0.0161952
7 0.6074334 0.6563727 0.0242050 0.0161951
25 0.7213067 0.6563727 0.0231047 0.0161951
3 0.7785185 0.6563727 0.0231047 0.0161951
26 0.5502216 0.7153693 0.0242049 0.0161952
23 0.7213067 0.7153693 0.0231047 0.0161952
2 0.8923918 0.5354875 0.0242049 0.0173520
22 0.7785185 0.5354875 0.0231047 0.0173520
30 0.7785185 0.7153693 0.0231047 0.0161952
31 0.8923918 0.7153693 0.0242049 0.0161952
28 0.8362802 0.7153693 0.0242050 0.0161952
19 0.8923918 0.6563727 0.0242049 0.0161951
20 0.8362802 0.4753341 0.0242050 0.0173519
25 0.8362802 0.5354875 0.0242050 0.0173520
11 0.5502216 0.5962193 0.0242049 0.0161952
5 0.6635449 0.7153693 0.0242050 0.0161952
9 0.6635449 0.6563727 0.0242050 0.0161951
12 0.6635449 0.5962193 0.0242050 0.0161952
26 0.8362802 0.6563727 0.0242050 0.0161951
18 0.6074334 0.4753341 0.0242050 0.0173519
