1 0.6427509 0.4006832 0.0277778 0.0161363
18 0.4306293 0.4587739 0.0277778 0.0161363
32 0.4299980 0.3759409 0.5063140 0.4765592
33 0.5076496 0.1511082 0.0126263 0.0139848
27 0.2185077 0.2845017 0.0277778 0.0161363
21 0.2892149 0.2845017 0.0277778 0.0161363
13 0.3599221 0.2845017 0.0277779 0.0161363
4 0.4306293 0.2845017 0.0277778 0.0161363
23 0.5013365 0.2845017 0.0277778 0.0161363
7 0.6427509 0.2845017 0.0277778 0.0161363
15 0.3599221 0.3425925 0.0277779 0.0161363
25 0.5013365 0.3425925 0.0277778 0.0161363
14 0.6427509 0.3425925 0.0277778 0.0161363
11 0.2185077 0.4006832 0.0277778 0.0161363
2 0.3599221 0.4006832 0.0277779 0.0161363
10 0.4306293 0.4006832 0.0277778 0.0161363
8 0.5013365 0.4006832 0.0277778 0.0161363
29 0.5720437 0.4006832 0.0277778 0.0161363
3 0.2185077 0.4587739 0.0277778 0.0161363
1 0.2892149 0.4587739 0.0277778 0.0161363
5 0.3599221 0.4587739 0.0277779 0.0161363
34 0.2892149 0.5174026 0.0656567 0.0580908
9 0.2892149 0.5168647 0.0277778 0.0161363
6 0.3599221 0.5168647 0.0277779 0.0161363
22 0.4306293 0.5168647 0.0277778 0.0161363
26 0.5013365 0.5168647 0.0277778 0.0161363
18 0.6427509 0.5168647 0.0277778 0.0161363
16 0.2185077 0.5749554 0.0277778 0.0161363
17 0.2892149 0.5749554 0.0277778 0.0161363
12 0.5013365 0.5749554 0.0277778 0.0161363
28 0.5720437 0.5749554 0.0277778 0.0161363
28 0.5720437 0.2845017 0.0277778 0.0161363
21 0.4306293 0.3425925 0.0277778 0.0161363
13 0.5720437 0.4587739 0.0277778 0.0161363
18 0.2892149 0.4006832 0.0277778 0.0161363
12 0.2185077 0.5168647 0.0277778 0.0161363
22 0.2185077 0.3425925 0.0277778 0.0161363
28 0.5720437 0.3425925 0.0277778 0.0161363
6 0.5720437 0.5168647 0.0277778 0.0161363
10 0.6427509 0.4587739 0.0277778 0.0161363
2 0.5013365 0.4587739 0.0277778 0.0161363
28 0.2892149 0.3425925 0.0277778 0.0161363
24 0.4306293 0.5749554 0.0277778 0.0161363
14 0.6427509 0.5749554 0.0277778 0.0161363
3 0.3599221 0.5749554 0.0277779 0.0161363
