21 0.6756496 0.2618529 0.0232130 0.0169009
24 0.6259073 0.2618529 0.0232131 0.0169009
32 0.6165115 0.2781905 0.3780414 0.4935073
33 0.7469469 0.0860832 0.0132647 0.0191544
14 0.4766804 0.1897423 0.0232131 0.0169009
25 0.6756496 0.1897423 0.0232130 0.0169009
12 0.7751342 0.1897423 0.0232130 0.0169009
16 0.4766804 0.2618529 0.0232131 0.0169009
17 0.5761650 0.2618529 0.0232131 0.0169009
3 0.7253919 0.2618529 0.0232130 0.0169009
9 0.7751342 0.2618529 0.0232130 0.0169009
29 0.4766804 0.3339636 0.0232131 0.0169009
22 0.5264227 0.3339636 0.0232131 0.0169009
4 0.6259073 0.3339636 0.0232131 0.0169009
20 0.7253919 0.3339636 0.0232130 0.0169009
23 0.7751342 0.3339636 0.0232130 0.0169009
6 0.5264227 0.4055109 0.0232131 0.0157743
26 0.5761650 0.4055109 0.0232131 0.0157743
10 0.6756496 0.4055109 0.0232130 0.0157743
34 0.7253919 0.4060743 0.0431099 0.0439424
29 0.7253919 0.4055109 0.0232130 0.0157743
21 0.7751342 0.4055109 0.0232130 0.0157743
19 0.5761650 0.4776215 0.0232131 0.0157742
7 0.6259073 0.4776215 0.0232131 0.0157742
4 0.6756496 0.3339636 0.0232130 0.0169009
23 0.5264227 0.1897423 0.0232131 0.0169009
27 0.5761650 0.3339636 0.0232131 0.0169009
13 0.7253919 0.1897423 0.0232130 0.0169009
21 0.7751342 0.4776215 0.0232130 0.0157742
14 0.4766804 0.4776215 0.0232131 0.0157742
1 0.5761650 0.1897423 0.0232131 0.0169009
5 0.7253919 0.4776215 0.0232130 0.0157742
14 0.4766804 0.4055109 0.0232131 0.0157743
15 0.5264227 0.2618529 0.0232131 0.0169009
21 0.6756496 0.4776215 0.0232130 0.0157742
1 0.6259073 0.4055109 0.0232131 0.0157743
3 0.5264227 0.4776215 0.0232131 0.0157742
9 0.6259073 0.1897423 0.0232131 0.0169009
