26 0.1808125 0.5011234 0.0278519 0.0158664
18 0.3934998 0.6153612 0.0278519 0.0158664
32 0.2543447 0.4709774 0.5061895 0.4696441
33 0.3295670 0.2472618 0.0113940 0.0137508
34 0.1808125 0.3302957 0.0658318 0.0571189
5 0.1808125 0.3297668 0.0278519 0.0158664
8 0.2517083 0.3297668 0.0278519 0.0158664
13 0.3226041 0.3297668 0.0278519 0.0158664
2 0.4643956 0.3297668 0.0278519 0.0158664
29 0.1099167 0.3868857 0.0278519 0.0158664
4 0.2517083 0.3868857 0.0278519 0.0158664
12 0.3226041 0.3868857 0.0278519 0.0158664
19 0.4643956 0.3868857 0.0278519 0.0158664
31 0.0390210 0.4440046 0.0278519 0.0158663
17 0.1099167 0.4440046 0.0278519 0.0158663
25 0.2517083 0.4440046 0.0278519 0.0158663
6 0.4643956 0.4440046 0.0278519 0.0158663
1 0.1099167 0.5011234 0.0278519 0.0158664
16 0.3226041 0.5011234 0.0278519 0.0158664
27 0.3934998 0.5011234 0.0278519 0.0158664
22 0.4643956 0.5011234 0.0278519 0.0158664
28 0.2517083 0.5582423 0.0278519 0.0158663
14 0.3226041 0.5582423 0.0278519 0.0158663
10 0.3934998 0.5582423 0.0278519 0.0158663
30 0.4643956 0.5582423 0.0278519 0.0158663
18 0.0390210 0.6153612 0.0278519 0.0158664
26 0.1099167 0.6153612 0.0278519 0.0158664
24 0.1808125 0.6153612 0.0278519 0.0158664
9 0.2517083 0.6153612 0.0278519 0.0158664
20 0.3226041 0.6153612 0.0278519 0.0158664
11 0.4643956 0.6153612 0.0278519 0.0158664
28 0.3934998 0.4440046 0.0278519 0.0158663
8 0.0390210 0.5582423 0.0278519 0.0158663
28 0.1808125 0.3868857 0.0278519 0.0158664
7 0.1808125 0.4440046 0.0278519 0.0158663
9 0.3934998 0.3297668 0.0278519 0.0158664
11 0.0390210 0.5011234 0.0278519 0.0158664
15 0.0390210 0.3868857 0.0278519 0.0158664
25 0.2517083 0.5011234 0.0278519 0.0158664
4 0.3226041 0.4440046 0.0278519 0.0158663
2 0.1099167 0.5582423 0.0278519 0.0158663
23 0.3934998 0.3868857 0.0278519 0.0158664
22 0.1808125 0.5582423 0.0278519 0.0158663
16 0.1099167 0.3297668 0.0278519 0.0158664
13 0.0390210 0.3297668 0.0278519 0.0158664
