26 0.2540552 0.6982106 0.0283233 0.0170440
17 0.4703419 0.7590009 0.0283233 0.0159077
32 0.3988900 0.5698124 0.5214054 0.5010942
33 0.4754916 0.3471038 0.0102994 0.0124989
20 0.1819596 0.4527768 0.0283233 0.0170440
22 0.3261508 0.4527768 0.0283233 0.0170440
5 0.3982463 0.4527768 0.0283233 0.0170440
34 0.6145330 0.4522086 0.0669459 0.0613585
21 0.6145330 0.4527768 0.0283233 0.0170440
6 0.2540552 0.5135671 0.0283233 0.0159077
24 0.6145330 0.5135671 0.0283233 0.0159077
7 0.2540552 0.5754937 0.0283233 0.0170441
21 0.3261508 0.5754937 0.0283233 0.0170441
16 0.3982463 0.5754937 0.0283233 0.0170441
27 0.5424375 0.5754937 0.0283233 0.0170441
12 0.6145330 0.5754937 0.0283233 0.0170441
29 0.2540552 0.6368521 0.0283233 0.0170440
3 0.3982463 0.6368521 0.0283233 0.0170440
1 0.4703419 0.6368521 0.0283233 0.0170440
8 0.5424375 0.6368521 0.0283233 0.0170440
19 0.6145330 0.6368521 0.0283233 0.0170440
26 0.1819596 0.6982106 0.0283233 0.0170440
25 0.3261508 0.6982106 0.0283233 0.0170440
31 0.3982463 0.6982106 0.0283233 0.0170440
11 0.4703419 0.6982106 0.0283233 0.0170440
17 0.5424375 0.6982106 0.0283233 0.0170440
14 0.6145330 0.6982106 0.0283233 0.0170440
9 0.1819596 0.7590009 0.0283233 0.0159077
18 0.2540552 0.7590009 0.0283233 0.0159077
23 0.3982463 0.7590009 0.0283233 0.0159077
4 0.5424375 0.7590009 0.0283233 0.0159077
15 0.6145330 0.7590009 0.0283233 0.0159077
21 0.3261508 0.5135671 0.0283233 0.0159077
8 0.3982463 0.5135671 0.0283233 0.0159077
22 0.1819596 0.5754937 0.0283233 0.0170441
7 0.4703419 0.5135671 0.0283233 0.0159077
2 0.1819596 0.6368521 0.0283233 0.0170440
20 0.1819596 0.5135671 0.0283233 0.0159077
28 0.3261508 0.7590009 0.0283233 0.0159077
22 0.4703419 0.5754937 0.0283233 0.0170441
11 0.4703419 0.4527768 0.0283233 0.0170440
1 0.5424375 0.5135671 0.0283233 0.0159077
14 0.5424375 0.4527768 0.0283233 0.0170440
8 0.3261508 0.6368521 0.0283233 0.0170440
9 0.2540552 0.4527768 0.0283233 0.0170440
