21 0.2209304 0.4510536 0.0271151 0.0172855
31 0.5660314 0.6377371 0.0271151 0.0172855
32 0.4286073 0.5697475 0.4991640 0.5081938
33 0.5019412 0.3438835 0.0098600 0.0126761
4 0.2899506 0.4510536 0.0271151 0.0172855
14 0.3589708 0.4510536 0.0271151 0.0172855
13 0.4279910 0.4510536 0.0271151 0.0172855
34 0.4970112 0.4504774 0.0640902 0.0622278
27 0.4970112 0.4510536 0.0271151 0.0172855
9 0.2209304 0.5127052 0.0271151 0.0161332
15 0.2899506 0.5127052 0.0271151 0.0161332
19 0.4970112 0.5127052 0.0271151 0.0161332
11 0.5660314 0.5127052 0.0271151 0.0161332
5 0.6350516 0.5127052 0.0271151 0.0161332
10 0.2209304 0.5755093 0.0271151 0.0172855
30 0.2899506 0.5755093 0.0271151 0.0172855
25 0.3589708 0.5755093 0.0271151 0.0172855
26 0.5660314 0.5755093 0.0271151 0.0172855
27 0.6350516 0.5755093 0.0271151 0.0172855
17 0.2209304 0.6377371 0.0271151 0.0172855
2 0.3589708 0.6377371 0.0271151 0.0172855
8 0.6350516 0.6377371 0.0271151 0.0172855
24 0.2209304 0.6999649 0.0271151 0.0172855
22 0.2899506 0.6999649 0.0271151 0.0172855
19 0.4279910 0.5755093 0.0271151 0.0172855
30 0.4970112 0.6377371 0.0271151 0.0172855
19 0.4970112 0.6999649 0.0271151 0.0172855
22 0.4970112 0.5755093 0.0271151 0.0172855
24 0.6350516 0.6999649 0.0271151 0.0172855
21 0.6350516 0.4510536 0.0271151 0.0172855
1 0.5660314 0.6999649 0.0271151 0.0172855
27 0.4279910 0.6999649 0.0271151 0.0172855
28 0.5660314 0.4510536 0.0271151 0.0172855
2 0.3589708 0.6999649 0.0271151 0.0172855
30 0.2899506 0.6377371 0.0271151 0.0172855
18 0.4279910 0.6377371 0.0271151 0.0172855
12 0.3589708 0.5127052 0.0271151 0.0161332
19 0.4279910 0.5127052 0.0271151 0.0161332
