24 0.2447660 0.4657609 0.0243818 0.0167449
9 0.2970128 0.5366475 0.0243818 0.0156285
32 0.3916374 0.4105028 0.3970754 0.4889500
33 0.5286401 0.2201696 0.0139325 0.0189775
18 0.2447660 0.3228714 0.0243818 0.0167449
20 0.4537531 0.3228714 0.0243818 0.0167449
23 0.5059998 0.3228714 0.0243818 0.0167449
24 0.5582466 0.3228714 0.0243819 0.0167449
4 0.2447660 0.3943161 0.0243818 0.0167449
31 0.2970128 0.3943161 0.0243818 0.0167449
25 0.4015063 0.3943161 0.0243818 0.0167449
21 0.5582466 0.3943161 0.0243819 0.0167449
1 0.4015063 0.4657609 0.0243818 0.0167449
14 0.5582466 0.4657609 0.0243819 0.0167449
8 0.2447660 0.5366475 0.0243818 0.0156285
29 0.3492595 0.5366475 0.0243818 0.0156285
30 0.4015063 0.5366475 0.0243818 0.0156285
16 0.5059998 0.5366475 0.0243818 0.0156285
3 0.2447660 0.6080922 0.0243818 0.0156285
11 0.2970128 0.6080922 0.0243818 0.0156285
34 0.3492595 0.6080922 0.0452805 0.0446530
5 0.3492595 0.6080922 0.0243818 0.0156285
26 0.4015063 0.6080922 0.0243818 0.0156285
28 0.5582466 0.6080922 0.0243819 0.0156285
31 0.3492595 0.3943161 0.0243818 0.0167449
20 0.5059998 0.6080922 0.0243818 0.0156285
1 0.3492595 0.3228714 0.0243818 0.0167449
18 0.4015063 0.3228714 0.0243818 0.0167449
27 0.5059998 0.3943161 0.0243818 0.0167449
19 0.4537531 0.3943161 0.0243818 0.0167449
21 0.4537531 0.6080922 0.0243818 0.0156285
4 0.5582466 0.5366475 0.0243819 0.0156285
4 0.3492595 0.4657609 0.0243818 0.0167449
12 0.4537531 0.4657609 0.0243818 0.0167449
31 0.2970128 0.4657609 0.0243818 0.0167449
24 0.4537531 0.5366475 0.0243818 0.0156285
7 0.5059998 0.4657609 0.0243818 0.0167449
22 0.2970128 0.3228714 0.0243818 0.0167449
