20 0.5121686 0.4777508 0.0271699 0.0162627
10 0.5121686 0.2435679 0.0271699 0.0162627
32 0.4436264 0.3552384 0.5001731 0.4781235
33 0.5171086 0.1427391 0.0098799 0.0119260
14 0.3046894 0.2435679 0.0271699 0.0162627
4 0.3738491 0.2435679 0.0271699 0.0162627
10 0.4430089 0.2435679 0.0271699 0.0162627
16 0.5813284 0.2435679 0.0271699 0.0162627
23 0.3738491 0.3015715 0.0271699 0.0151785
22 0.4430089 0.3015715 0.0271699 0.0151785
1 0.5121686 0.3015715 0.0271699 0.0151785
29 0.5813284 0.3015715 0.0271699 0.0151785
8 0.6504881 0.3015715 0.0271699 0.0151785
18 0.3046894 0.3606593 0.0271699 0.0162627
2 0.3738491 0.3606593 0.0271699 0.0162627
15 0.4430089 0.3606593 0.0271699 0.0162627
30 0.5121686 0.3606593 0.0271699 0.0162627
3 0.5813284 0.3606593 0.0271699 0.0162627
20 0.6504881 0.3606593 0.0271699 0.0162627
11 0.3046894 0.4192051 0.0271699 0.0162627
19 0.3738491 0.4192051 0.0271699 0.0162627
12 0.4430089 0.4192051 0.0271699 0.0162627
21 0.5121686 0.4192051 0.0271699 0.0162627
25 0.5813284 0.4192051 0.0271699 0.0162627
26 0.6504881 0.4192051 0.0271699 0.0162627
17 0.4430089 0.4777508 0.0271699 0.0162627
7 0.6504881 0.4777508 0.0271699 0.0162627
9 0.3738491 0.5357545 0.0271699 0.0151785
6 0.5813284 0.5357545 0.0271699 0.0151785
34 0.6504881 0.5357545 0.0642197 0.0585457
10 0.6504881 0.5357545 0.0271699 0.0151785
31 0.3046894 0.5357545 0.0271699 0.0151785
8 0.3738491 0.4777508 0.0271699 0.0162627
22 0.5813284 0.4777508 0.0271699 0.0162627
21 0.3046894 0.3015715 0.0271699 0.0151785
14 0.2355297 0.3015715 0.0271699 0.0151785
8 0.3046894 0.4777508 0.0271699 0.0162627
22 0.6504881 0.2435679 0.0271699 0.0162627
29 0.2355297 0.4192051 0.0271699 0.0162627
27 0.4430089 0.5357545 0.0271699 0.0151785
24 0.2355297 0.2435679 0.0271699 0.0162627
30 0.2355297 0.3606593 0.0271699 0.0162627
3 0.5121686 0.5357545 0.0271699 0.0151785
3 0.2355297 0.5357545 0.0271699 0.0151785
29 0.2355297 0.4777508 0.0271699 0.0162627
