7 0.3647919 0.2891443 0.0247406 0.0158917
16 0.4170846 0.2891443 0.0236160 0.0158917
32 0.4750001 0.3561163 0.4250886 0.3791294
33 0.6504334 0.2125239 0.0089966 0.0147565
35 0.3108124 0.2891443 0.0449829 0.0454047
12 0.3108124 0.2891443 0.0247406 0.0158917
6 0.4699395 0.2891443 0.0236160 0.0158917
22 0.5222322 0.2891443 0.0247406 0.0158917
18 0.5750871 0.2891443 0.0247406 0.0158917
14 0.6290666 0.2891443 0.0247406 0.0158917
7 0.3647919 0.3379544 0.0247406 0.0158917
26 0.5222322 0.3379544 0.0247406 0.0158917
30 0.4170846 0.3878996 0.0236160 0.0158917
24 0.4699395 0.3878996 0.0236160 0.0158917
2 0.5750871 0.3878996 0.0247406 0.0158917
17 0.6290666 0.3878996 0.0247406 0.0158917
23 0.3108124 0.4378447 0.0247406 0.0158917
13 0.3647919 0.4378447 0.0247406 0.0158917
27 0.4699395 0.4378447 0.0236160 0.0158917
10 0.5222322 0.4378447 0.0247406 0.0158917
11 0.3108124 0.4883575 0.0247406 0.0170268
16 0.3647919 0.4883575 0.0247406 0.0170268
12 0.4170846 0.4883575 0.0236160 0.0170268
8 0.5222322 0.4883575 0.0247406 0.0170268
22 0.6290666 0.4378447 0.0247406 0.0158917
29 0.5750871 0.4378447 0.0247406 0.0158917
27 0.5750871 0.3379544 0.0247406 0.0158917
25 0.3108124 0.3878996 0.0247406 0.0158917
10 0.4170846 0.4378447 0.0236160 0.0158917
27 0.5750871 0.4883575 0.0247406 0.0170268
31 0.4699395 0.3379544 0.0236160 0.0158917
22 0.4170846 0.3379544 0.0236160 0.0158917
21 0.5222322 0.3878996 0.0247406 0.0158917
21 0.4699395 0.4883575 0.0236160 0.0170268
9 0.6290666 0.4883575 0.0247406 0.0170268
26 0.6290666 0.3379544 0.0247406 0.0158917
1 0.3108124 0.3379544 0.0247406 0.0158917
9 0.3647919 0.3878996 0.0247406 0.0158917
