24 0.2386652 0.2582871 0.0267131 0.0171329
26 0.4426562 0.4433227 0.0267131 0.0171330
32 0.3740521 0.3953505 0.4869069 0.4968549
33 0.4493344 0.1594872 0.0109281 0.0137063
2 0.3066622 0.2582871 0.0267131 0.0171329
23 0.3746592 0.2582871 0.0267131 0.0171329
10 0.4426562 0.2582871 0.0267131 0.0171329
11 0.1706683 0.3199656 0.0267131 0.0171329
14 0.3066622 0.3199656 0.0267131 0.0171329
4 0.3746592 0.3199656 0.0267131 0.0171329
16 0.4426562 0.3199656 0.0267131 0.0171329
12 0.5106532 0.3199656 0.0267131 0.0171329
29 0.5786501 0.3199656 0.0267131 0.0171329
7 0.1706683 0.3816442 0.0267131 0.0171330
25 0.3066622 0.3816442 0.0267131 0.0171330
6 0.3746592 0.3816442 0.0267131 0.0171330
24 0.4426562 0.3816442 0.0267131 0.0171330
15 0.5106532 0.3816442 0.0267131 0.0171330
34 0.5786501 0.3822152 0.0631401 0.0616786
10 0.5786501 0.3816442 0.0267131 0.0171330
9 0.2386652 0.4433227 0.0267131 0.0171330
18 0.3066622 0.4433227 0.0267131 0.0171330
19 0.3746592 0.4433227 0.0267131 0.0171330
21 0.5786501 0.4433227 0.0267131 0.0171330
5 0.2386652 0.5050012 0.0267131 0.0171330
26 0.5106532 0.5050012 0.0267131 0.0171330
8 0.1706683 0.5666798 0.0267131 0.0171330
13 0.2386652 0.5666798 0.0267131 0.0171330
30 0.4426562 0.5666798 0.0267131 0.0171330
31 0.5106532 0.5666798 0.0267131 0.0171330
1 0.5786501 0.5666798 0.0267131 0.0171330
23 0.2386652 0.3816442 0.0267131 0.0171330
20 0.3746592 0.5050012 0.0267131 0.0171330
16 0.3066622 0.5666798 0.0267131 0.0171330
25 0.5106532 0.4433227 0.0267131 0.0171330
1 0.1706683 0.5050012 0.0267131 0.0171330
7 0.3066622 0.5050012 0.0267131 0.0171330
21 0.1706683 0.2582871 0.0267131 0.0171329
30 0.5786501 0.2582871 0.0267131 0.0171329
18 0.5106532 0.2582871 0.0267131 0.0171329
26 0.2386652 0.3199656 0.0267131 0.0171329
14 0.1706683 0.4433227 0.0267131 0.0171330
31 0.3746592 0.5666798 0.0267131 0.0171330
4 0.5786501 0.5050012 0.0267131 0.0171330
30 0.4426562 0.5050012 0.0267131 0.0171330
