29 0.9165347 0.5230463 0.0225027 0.0169914
14 0.9727915 0.2874313 0.0235743 0.0169915
32 0.8331629 0.3321755 0.3336742 0.4327160
15 0.6941863 0.2285275 0.0235743 0.0169915
7 0.7499074 0.2285275 0.0235743 0.0169915
4 0.8608137 0.2285275 0.0225027 0.0169915
21 0.9165347 0.2285275 0.0225027 0.0169915
27 0.7499074 0.2874313 0.0235743 0.0169915
13 0.8045568 0.2874313 0.0235744 0.0169915
12 0.8608137 0.2874313 0.0225027 0.0169915
14 0.9165347 0.2874313 0.0225027 0.0169915
24 0.6941863 0.3469014 0.0235743 0.0158587
31 0.8045568 0.3469014 0.0235744 0.0158587
34 0.6941863 0.4058052 0.0471486 0.0498416
7 0.6941863 0.4058052 0.0235743 0.0158587
29 0.8045568 0.4058052 0.0235744 0.0158587
6 0.9165347 0.4058052 0.0225027 0.0158587
17 0.6941863 0.4635762 0.0235743 0.0158587
19 0.8045568 0.4635762 0.0235744 0.0158587
10 0.9165347 0.4635762 0.0225027 0.0158587
23 0.9727915 0.4635762 0.0235743 0.0158587
18 0.6941863 0.5230463 0.0235743 0.0169914
22 0.7499074 0.5230463 0.0235743 0.0169914
1 0.8045568 0.5230463 0.0235744 0.0169914
5 0.8608137 0.5230463 0.0225027 0.0169914
5 0.7499074 0.4635762 0.0235743 0.0158587
13 0.9727915 0.2285275 0.0235743 0.0169915
8 0.9727915 0.3469014 0.0235743 0.0158587
15 0.8608137 0.3469014 0.0225027 0.0158587
5 0.9727915 0.4058052 0.0235743 0.0158587
28 0.7499074 0.3469014 0.0235743 0.0158587
10 0.9727915 0.5230463 0.0235743 0.0169914
21 0.8608137 0.4635762 0.0225027 0.0158587
19 0.8608137 0.4058052 0.0225027 0.0158587
30 0.9165347 0.3469014 0.0225027 0.0158587
23 0.7499074 0.4058052 0.0235743 0.0158587
17 0.6941863 0.2874313 0.0235743 0.0169915
24 0.8045568 0.2285275 0.0235744 0.0169915
