13 0.6717913 0.4202175 0.0242613 0.0155969
4 0.6198030 0.2068751 0.0242612 0.0167109
32 0.5579946 0.2340595 0.3951114 0.4658969
33 0.6943196 0.0330819 0.0138635 0.0189390
31 0.4118496 0.1355753 0.0242612 0.0167109
34 0.5158263 0.1355753 0.0450566 0.0434483
3 0.5158263 0.1355753 0.0242612 0.0167109
16 0.7237797 0.1355753 0.0242613 0.0167109
22 0.4118496 0.2068751 0.0242612 0.0167109
6 0.5158263 0.2068751 0.0242612 0.0167109
9 0.6717913 0.2068751 0.0242613 0.0167109
19 0.7237797 0.2068751 0.0242613 0.0167109
23 0.4118496 0.2781749 0.0242612 0.0167109
21 0.5678147 0.2781749 0.0242612 0.0167109
8 0.6717913 0.2781749 0.0242613 0.0167109
13 0.7237797 0.2781749 0.0242613 0.0167109
30 0.4638380 0.3489177 0.0242612 0.0155969
7 0.5158263 0.3489177 0.0242612 0.0155969
17 0.6198030 0.3489177 0.0242612 0.0155969
5 0.4118496 0.4202175 0.0242612 0.0155969
10 0.4638380 0.4202175 0.0242612 0.0155969
26 0.5678147 0.4202175 0.0242612 0.0155969
1 0.6198030 0.4202175 0.0242612 0.0155969
20 0.7237797 0.4202175 0.0242613 0.0155969
1 0.6717913 0.3489177 0.0242613 0.0155969
2 0.6198030 0.2781749 0.0242612 0.0167109
24 0.4638380 0.2781749 0.0242612 0.0167109
25 0.4118496 0.3489177 0.0242612 0.0155969
11 0.4638380 0.1355753 0.0242612 0.0167109
6 0.7237797 0.3489177 0.0242613 0.0155969
15 0.5678147 0.3489177 0.0242612 0.0155969
9 0.5158263 0.2781749 0.0242612 0.0167109
15 0.6717913 0.1355753 0.0242613 0.0167109
27 0.5678147 0.1355753 0.0242612 0.0167109
12 0.6198030 0.1355753 0.0242612 0.0167109
23 0.4638380 0.2068751 0.0242612 0.0167109
25 0.5678147 0.2068751 0.0242612 0.0167109
1 0.5158263 0.4202175 0.0242612 0.0155969
