11 0.7913536 0.2448013 0.0235765 0.0170563
4 0.9659319 0.2448013 0.0246992 0.0170563
32 0.7902310 0.2897163 0.4052911 0.4343682
33 0.9737907 0.0901571 0.0112269 0.0170563
7 0.6751553 0.1856726 0.0246992 0.0170563
15 0.7324124 0.1856726 0.0246992 0.0170563
31 0.7913536 0.1856726 0.0235765 0.0170563
23 0.8497335 0.1856726 0.0235765 0.0170563
1 0.9659319 0.1856726 0.0246992 0.0170563
10 0.6167754 0.2448013 0.0246992 0.0170563
3 0.7324124 0.2448013 0.0246992 0.0170563
30 0.8497335 0.2448013 0.0235765 0.0170563
20 0.6167754 0.3044985 0.0246992 0.0159193
4 0.6751553 0.3044985 0.0246992 0.0159193
21 0.7324124 0.3044985 0.0246992 0.0159193
9 0.7913536 0.3044985 0.0235765 0.0159193
29 0.8497335 0.3044985 0.0235765 0.0159193
28 0.6167754 0.3636271 0.0246992 0.0159193
17 0.6751553 0.3636271 0.0246992 0.0159193
34 0.7324124 0.3636271 0.0493984 0.0500319
20 0.7324124 0.3636271 0.0246992 0.0159193
16 0.7913536 0.3636271 0.0235765 0.0159193
27 0.8497335 0.3636271 0.0235765 0.0159193
11 0.6751553 0.4216187 0.0246992 0.0159193
22 0.7913536 0.4216187 0.0235765 0.0159193
26 0.9086747 0.4216187 0.0246992 0.0159193
19 0.9659319 0.4216187 0.0246992 0.0159193
25 0.6167754 0.4813159 0.0246992 0.0170563
24 0.7324124 0.4813159 0.0246992 0.0170563
18 0.7913536 0.4813159 0.0235765 0.0170563
5 0.9086747 0.4813159 0.0246992 0.0170563
14 0.9086747 0.1856726 0.0246992 0.0170563
22 0.7324124 0.4216187 0.0246992 0.0159193
25 0.6167754 0.4216187 0.0246992 0.0159193
4 0.6751553 0.4813159 0.0246992 0.0170563
18 0.9086747 0.3636271 0.0246992 0.0159193
28 0.9659319 0.4813159 0.0246992 0.0170563
17 0.8497335 0.4216187 0.0235765 0.0159193
11 0.9086747 0.2448013 0.0246992 0.0170563
8 0.9659319 0.3044985 0.0246992 0.0159193
30 0.6751553 0.2448013 0.0246992 0.0170563
6 0.9659319 0.3636271 0.0246992 0.0159193
28 0.8497335 0.4813159 0.0235765 0.0170563
13 0.9086747 0.3044985 0.0246992 0.0159193
7 0.6167754 0.1856726 0.0246992 0.0170563
