6 0.1530673 0.2958639 0.0278070 0.0169896
19 0.5069748 0.1735384 0.0278070 0.0169897
32 0.2939983 0.2698131 0.5068460 0.5017611
33 0.3717316 0.0330906 0.0126395 0.0147244
4 0.0822858 0.1735384 0.0278070 0.0169897
13 0.2946303 0.1735384 0.0278070 0.0169897
14 0.4361933 0.1735384 0.0278070 0.0169897
24 0.0822858 0.2347011 0.0278070 0.0169896
22 0.3654118 0.2347011 0.0278070 0.0169896
20 0.4361933 0.2347011 0.0278070 0.0169896
15 0.5069748 0.2347011 0.0278070 0.0169896
16 0.0822858 0.2958639 0.0278070 0.0169896
23 0.2238488 0.2958639 0.0278070 0.0169896
25 0.2946303 0.2958639 0.0278070 0.0169896
18 0.3654118 0.2958639 0.0278070 0.0169896
12 0.4361933 0.2958639 0.0278070 0.0169896
8 0.5069748 0.2958639 0.0278070 0.0169896
10 0.2238488 0.3570267 0.0278070 0.0169897
2 0.3654118 0.3570267 0.0278070 0.0169897
7 0.5069748 0.3570267 0.0278070 0.0169897
28 0.0822858 0.4181894 0.0278070 0.0169897
19 0.1530673 0.4181894 0.0278070 0.0169897
17 0.2238488 0.4181894 0.0278070 0.0169897
30 0.2946303 0.4181894 0.0278070 0.0169897
21 0.4361933 0.4181894 0.0278070 0.0169897
27 0.5069748 0.4181894 0.0278070 0.0169897
5 0.0822858 0.4793521 0.0278070 0.0169896
29 0.1530673 0.4793521 0.0278070 0.0169896
3 0.2946303 0.4793521 0.0278070 0.0169896
34 0.4361932 0.4799185 0.0657257 0.0611628
13 0.4361933 0.4793521 0.0278070 0.0169896
12 0.0822858 0.3570267 0.0278070 0.0169897
14 0.3654118 0.1735384 0.0278070 0.0169897
25 0.1530673 0.3570267 0.0278070 0.0169897
18 0.4361933 0.3570267 0.0278070 0.0169897
26 0.2238488 0.2347011 0.0278070 0.0169896
19 0.2238488 0.1735384 0.0278070 0.0169897
5 0.2946303 0.2347011 0.0278070 0.0169896
20 0.1530673 0.2347011 0.0278070 0.0169896
16 0.3654118 0.4793521 0.0278070 0.0169896
24 0.3654118 0.4181894 0.0278070 0.0169897
26 0.1530673 0.1735384 0.0278070 0.0169897
11 0.2238488 0.4793521 0.0278070 0.0169896
30 0.5069748 0.4793521 0.0278070 0.0169896
19 0.2946303 0.3570267 0.0278070 0.0169897
