17 0.4068037 0.5985570 0.0238262 0.0150530
24 0.4068037 0.3926541 0.0238262 0.0161282
32 0.4482159 0.4082447 0.3880266 0.4709423
33 0.5820964 0.2249213 0.0136150 0.0182786
1 0.3046914 0.3238407 0.0238262 0.0161282
34 0.3557475 0.3238407 0.0442487 0.0419332
21 0.3557475 0.3238407 0.0238262 0.0161282
17 0.4578598 0.3238407 0.0238262 0.0161282
10 0.5599721 0.3238407 0.0238262 0.0161282
19 0.6110282 0.3238407 0.0238262 0.0161282
28 0.3557475 0.4614676 0.0238262 0.0161282
20 0.4068037 0.4614676 0.0238262 0.0161282
24 0.4578598 0.4614676 0.0238262 0.0161282
12 0.5089159 0.4614676 0.0238262 0.0161282
11 0.5599721 0.4614676 0.0238262 0.0161282
4 0.3557475 0.5297435 0.0238262 0.0150529
13 0.4068037 0.5297435 0.0238262 0.0150529
29 0.5599721 0.5297435 0.0238262 0.0150529
21 0.3046914 0.5985570 0.0238262 0.0150530
15 0.3557475 0.5985570 0.0238262 0.0150530
8 0.4578598 0.5985570 0.0238262 0.0150530
31 0.5089159 0.5985570 0.0238262 0.0150530
7 0.5599721 0.5985570 0.0238262 0.0150530
2 0.6110282 0.5985570 0.0238262 0.0150530
18 0.3557475 0.3926541 0.0238262 0.0161282
30 0.6110282 0.5297435 0.0238262 0.0150529
17 0.6110282 0.4614676 0.0238262 0.0161282
23 0.4068037 0.3238407 0.0238262 0.0161282
26 0.6110282 0.3926541 0.0238262 0.0161282
8 0.5089159 0.3238407 0.0238262 0.0161282
24 0.5089159 0.3926541 0.0238262 0.0161282
26 0.5599721 0.3926541 0.0238262 0.0161282
8 0.4578598 0.3926541 0.0238262 0.0161282
28 0.5089159 0.5297435 0.0238262 0.0150529
28 0.4578598 0.5297435 0.0238262 0.0150529
24 0.3046914 0.3926541 0.0238262 0.0161282
27 0.3046914 0.5297435 0.0238262 0.0150529
19 0.3046914 0.4614676 0.0238262 0.0161282
