24 0.7676832 0.5327111 0.0224011 0.0154565
29 0.5276721 0.3919465 0.0224010 0.0165605
32 0.6146094 0.4079551 0.3648169 0.4835677
33 0.7404819 0.2197169 0.0128006 0.0187686
25 0.6716787 0.3212882 0.0224010 0.0165605
12 0.7676832 0.3212882 0.0224011 0.0165605
21 0.6716787 0.3919465 0.0224010 0.0165605
23 0.7196810 0.3919465 0.0224010 0.0165605
18 0.7676832 0.3919465 0.0224011 0.0165605
6 0.4796698 0.4626048 0.0224011 0.0165605
14 0.5756743 0.4626048 0.0224010 0.0165605
16 0.6236765 0.4626048 0.0224011 0.0165605
10 0.6716787 0.4626048 0.0224010 0.0165605
19 0.7676832 0.4626048 0.0224011 0.0165605
26 0.4796698 0.5327111 0.0224011 0.0154565
13 0.5276721 0.5327111 0.0224010 0.0154565
1 0.6236765 0.5327111 0.0224011 0.0154565
34 0.7196810 0.5332631 0.0416019 0.0430574
12 0.7196810 0.5327111 0.0224010 0.0154565
15 0.5276721 0.6033694 0.0224010 0.0154565
27 0.5756743 0.6033694 0.0224010 0.0154565
20 0.6236765 0.6033694 0.0224011 0.0154565
29 0.6716787 0.6033694 0.0224010 0.0154565
3 0.7196810 0.6033694 0.0224010 0.0154565
10 0.7196810 0.4626048 0.0224010 0.0165605
21 0.5276721 0.3212882 0.0224010 0.0165605
27 0.5756743 0.3919465 0.0224010 0.0165605
1 0.4796698 0.3919465 0.0224011 0.0165605
17 0.7196810 0.3212882 0.0224010 0.0165605
20 0.7676832 0.6033694 0.0224011 0.0154565
21 0.4796698 0.6033694 0.0224011 0.0154565
4 0.6236765 0.3212882 0.0224011 0.0165605
26 0.5756743 0.3212882 0.0224010 0.0165605
9 0.4796698 0.3212882 0.0224011 0.0165605
17 0.6716787 0.5327111 0.0224010 0.0154565
14 0.5276721 0.4626048 0.0224010 0.0165605
13 0.6236765 0.3919465 0.0224011 0.0165605
23 0.5756743 0.5327111 0.0224010 0.0154565
