4 0.5115248 0.4411124 0.0270029 0.0169356
11 0.5802593 0.6849849 0.0270028 0.0169355
32 0.5121385 0.5574035 0.4970978 0.4979065
33 0.5851689 0.3361117 0.0098192 0.0124194
12 0.3053213 0.4411124 0.0270028 0.0169356
22 0.3740558 0.4411124 0.0270028 0.0169356
26 0.7177283 0.4411124 0.0270028 0.0169356
30 0.3053213 0.5015160 0.0270028 0.0158065
18 0.3740558 0.5015160 0.0270028 0.0158065
21 0.4427903 0.5015160 0.0270029 0.0158065
10 0.6489938 0.5015160 0.0270029 0.0158065
23 0.7177283 0.5015160 0.0270028 0.0158065
4 0.3053213 0.5630487 0.0270028 0.0169357
7 0.3740558 0.5630487 0.0270028 0.0169357
9 0.5802593 0.5630487 0.0270028 0.0169357
16 0.6489938 0.5630487 0.0270029 0.0169357
31 0.7177283 0.5630487 0.0270028 0.0169357
24 0.3740558 0.6240169 0.0270028 0.0169356
5 0.5115248 0.6240169 0.0270029 0.0169356
3 0.5802593 0.6240169 0.0270028 0.0169356
20 0.6489938 0.6240169 0.0270029 0.0169356
13 0.3053213 0.6849849 0.0270028 0.0169355
34 0.6489938 0.6844204 0.0638248 0.0609682
14 0.6489938 0.6849849 0.0270029 0.0169355
25 0.3053213 0.6240169 0.0270028 0.0169356
24 0.4427903 0.6849849 0.0270029 0.0169355
17 0.4427903 0.6240169 0.0270029 0.0169356
16 0.5115248 0.5015160 0.0270029 0.0158065
5 0.5115248 0.5630487 0.0270029 0.0169357
7 0.4427903 0.4411124 0.0270029 0.0169356
11 0.3740558 0.6849849 0.0270028 0.0169355
27 0.6489938 0.4411124 0.0270029 0.0169356
14 0.4427903 0.5630487 0.0270029 0.0169357
16 0.7177283 0.6849849 0.0270028 0.0169355
8 0.5802593 0.4411124 0.0270028 0.0169356
3 0.5802593 0.5015160 0.0270028 0.0158065
14 0.7177283 0.6240169 0.0270028 0.0169356
24 0.5115248 0.6849849 0.0270029 0.0169355
