30 0.6949557 0.5458291 0.0246686 0.0159415
20 0.6377693 0.7228942 0.0246686 0.0170802
32 0.5194717 0.5310262 0.4047906 0.4349767
33 0.7028049 0.3311874 0.0112131 0.0170802
27 0.4617245 0.4268368 0.0246687 0.0170802
10 0.5205930 0.4268368 0.0235474 0.0170802
19 0.5789008 0.4268368 0.0235474 0.0170802
34 0.6377692 0.4262674 0.0493373 0.0501020
3 0.6377693 0.4268368 0.0246686 0.0170802
2 0.6949557 0.4268368 0.0246686 0.0170802
7 0.4045380 0.4860482 0.0246687 0.0170802
15 0.5789008 0.4860482 0.0235474 0.0170802
20 0.6377693 0.4860482 0.0246686 0.0170802
23 0.6949557 0.4860482 0.0246686 0.0170802
28 0.3462303 0.5458291 0.0246687 0.0159415
8 0.4617245 0.5458291 0.0246687 0.0159415
22 0.5205930 0.5458291 0.0235474 0.0159415
5 0.5789008 0.5458291 0.0235474 0.0159415
24 0.6377693 0.5458291 0.0246686 0.0159415
6 0.4617245 0.6050406 0.0246687 0.0159416
16 0.4045380 0.6631133 0.0246687 0.0159416
30 0.4617245 0.6631133 0.0246687 0.0159416
4 0.5205930 0.6631133 0.0235474 0.0159416
25 0.5789008 0.6631133 0.0235474 0.0159416
1 0.6377693 0.6631133 0.0246686 0.0159416
18 0.6949557 0.6631133 0.0246686 0.0159416
12 0.3462303 0.7228942 0.0246687 0.0170802
26 0.4045380 0.7228942 0.0246687 0.0170802
3 0.4617245 0.7228942 0.0246687 0.0170802
13 0.5789008 0.7228942 0.0235474 0.0170802
31 0.6949557 0.7228942 0.0246686 0.0170802
26 0.4045380 0.4268368 0.0246687 0.0170802
9 0.3462303 0.4268368 0.0246687 0.0170802
14 0.5205930 0.6050406 0.0235474 0.0159416
3 0.3462303 0.6631133 0.0246687 0.0159416
10 0.5789008 0.6050406 0.0235474 0.0159416
20 0.4045380 0.6050406 0.0246687 0.0159416
1 0.5205930 0.4860482 0.0235474 0.0170802
27 0.4617245 0.4860482 0.0246687 0.0170802
13 0.6377693 0.6050406 0.0246686 0.0159416
27 0.3462303 0.6050406 0.0246687 0.0159416
14 0.4045380 0.5458291 0.0246687 0.0159415
4 0.5205930 0.7228942 0.0235474 0.0170802
11 0.3462303 0.4860482 0.0246687 0.0170802
27 0.6949557 0.6050406 0.0246686 0.0159416
