8 0.6173549 0.5313418 0.0245501 0.0161886
14 0.5649070 0.4838553 0.0245501 0.0161886
32 0.5152489 0.3780900 0.4162358 0.4047144
33 0.6921212 0.2205212 0.0089273 0.0118716
14 0.3551152 0.2944491 0.0245501 0.0151094
27 0.4605691 0.2944491 0.0234342 0.0151094
3 0.5649070 0.2944491 0.0245501 0.0151094
10 0.6173549 0.2944491 0.0245501 0.0151094
18 0.6709189 0.2944491 0.0245501 0.0151094
20 0.3551152 0.3408563 0.0245501 0.0151094
15 0.4086791 0.3408563 0.0245501 0.0151094
2 0.5130170 0.3408563 0.0234342 0.0151094
28 0.6709189 0.3408563 0.0245501 0.0151094
26 0.3551152 0.3883428 0.0245501 0.0151093
16 0.4086791 0.3883428 0.0245501 0.0151093
35 0.4611270 0.3883428 0.0446365 0.0431696
10 0.4605691 0.3883428 0.0234342 0.0151093
8 0.6173549 0.3883428 0.0245501 0.0151093
19 0.6709189 0.3883428 0.0245501 0.0151093
4 0.4086791 0.4358292 0.0245501 0.0151093
11 0.4605691 0.4358292 0.0234342 0.0151093
1 0.5130170 0.4358292 0.0234342 0.0151093
23 0.5649070 0.4358292 0.0245501 0.0151093
13 0.6173549 0.4358292 0.0245501 0.0151093
21 0.6709189 0.4358292 0.0245501 0.0151093
22 0.4605691 0.4838553 0.0234342 0.0161886
12 0.5130170 0.4838553 0.0234342 0.0161886
24 0.6173549 0.4838553 0.0245501 0.0161886
25 0.6709189 0.4838553 0.0245501 0.0161886
29 0.4086791 0.5313418 0.0245501 0.0161886
5 0.6709189 0.5313418 0.0245501 0.0161886
10 0.6173549 0.3408563 0.0245501 0.0151094
23 0.5649070 0.5313418 0.0245501 0.0161886
3 0.5649070 0.3408563 0.0245501 0.0151094
22 0.4605691 0.3408563 0.0234342 0.0151094
23 0.3551152 0.4838553 0.0245501 0.0161886
16 0.5130170 0.2944491 0.0234342 0.0151094
29 0.4086791 0.4838553 0.0245501 0.0161886
20 0.5130170 0.5313418 0.0234342 0.0161886
24 0.3551152 0.4358292 0.0245501 0.0151093
17 0.5130170 0.3883428 0.0234342 0.0151093
4 0.5649070 0.3883428 0.0245501 0.0151093
8 0.3551152 0.5313418 0.0245501 0.0161886
31 0.4605691 0.5313418 0.0234342 0.0161886
10 0.4086791 0.2944491 0.0245501 0.0151094
