12 0.4116159 0.4401634 0.0280164 0.0172027
30 0.1976724 0.5640230 0.0280164 0.0172027
32 0.4122527 0.5582888 0.5157568 0.5057604
33 0.4880244 0.3335064 0.0101878 0.0126153
14 0.1976724 0.4401634 0.0280164 0.0172027
26 0.3403014 0.4401634 0.0280164 0.0172027
13 0.5542450 0.4401634 0.0280164 0.0172027
7 0.1976724 0.5015198 0.0280164 0.0160559
8 0.3403014 0.5015198 0.0280164 0.0160559
29 0.4829305 0.5015198 0.0280164 0.0160559
4 0.4116159 0.5640230 0.0280164 0.0172027
31 0.4829305 0.5640230 0.0280164 0.0172027
9 0.5542450 0.5640230 0.0280164 0.0172027
21 0.1976724 0.6259529 0.0280164 0.0172028
27 0.3403014 0.6259529 0.0280164 0.0172028
11 0.4116159 0.6259529 0.0280164 0.0172028
6 0.4829305 0.6259529 0.0280164 0.0172028
25 0.5542450 0.6259529 0.0280164 0.0172028
3 0.6255595 0.6259529 0.0280164 0.0172028
34 0.1976724 0.6873093 0.0662206 0.0619298
22 0.1976724 0.6878828 0.0280164 0.0172027
1 0.2689869 0.6878828 0.0280164 0.0172027
2 0.4829305 0.6878828 0.0280164 0.0172027
18 0.6255595 0.6878828 0.0280164 0.0172027
6 0.4829305 0.4401634 0.0280164 0.0172027
5 0.2689869 0.5015198 0.0280164 0.0160559
28 0.4116159 0.5015198 0.0280164 0.0160559
6 0.6255595 0.4401634 0.0280164 0.0172027
30 0.3403014 0.6878828 0.0280164 0.0172027
6 0.2689869 0.4401634 0.0280164 0.0172027
14 0.3403014 0.5640230 0.0280164 0.0172027
18 0.6255595 0.5015198 0.0280164 0.0160559
10 0.2689869 0.6259529 0.0280164 0.0172028
6 0.6255595 0.5640230 0.0280164 0.0172027
17 0.4116159 0.6878828 0.0280164 0.0172027
25 0.2689869 0.5640230 0.0280164 0.0172027
22 0.5542450 0.6878828 0.0280164 0.0172027
4 0.5542450 0.5015198 0.0280164 0.0160559
