31 0.4485152 0.3695008 0.0244999 0.0149872
5 0.3906062 0.3695008 0.0245000 0.0149872
32 0.5582081 0.2811835 0.4020217 0.3671860
33 0.7464122 0.1109718 0.0100227 0.0139167
6 0.4485152 0.2019655 0.0244999 0.0160577
4 0.5053105 0.2019655 0.0244999 0.0160577
28 0.5637763 0.2019655 0.0233863 0.0160577
9 0.6216852 0.2019655 0.0233863 0.0160577
1 0.6801510 0.2019655 0.0245000 0.0160577
13 0.7369463 0.2019655 0.0245000 0.0160577
22 0.3906062 0.2576322 0.0245000 0.0160577
25 0.5637763 0.2576322 0.0233863 0.0160577
30 0.6216852 0.2576322 0.0233863 0.0160577
14 0.3906062 0.3138341 0.0245000 0.0149872
18 0.5053105 0.3138341 0.0244999 0.0149872
17 0.6801510 0.3138341 0.0245000 0.0149872
27 0.7369463 0.3138341 0.0245000 0.0149872
12 0.5053105 0.3695008 0.0244999 0.0149872
26 0.6216852 0.3695008 0.0233863 0.0149872
34 0.3906062 0.4240970 0.0489999 0.0471026
11 0.3906062 0.4240970 0.0245000 0.0149872
23 0.5637763 0.4240970 0.0233863 0.0149872
15 0.6216852 0.4240970 0.0233863 0.0149872
5 0.6801510 0.4240970 0.0245000 0.0149872
26 0.5637763 0.3695008 0.0233863 0.0149872
1 0.7369463 0.3695008 0.0245000 0.0149872
4 0.3906062 0.2019655 0.0245000 0.0160577
29 0.7369463 0.4240970 0.0245000 0.0149872
6 0.5053105 0.4240970 0.0244999 0.0149872
1 0.4485152 0.3138341 0.0244999 0.0149872
4 0.4485152 0.2576322 0.0244999 0.0160577
11 0.6216852 0.3138341 0.0233863 0.0149872
15 0.6801510 0.2576322 0.0245000 0.0160577
10 0.5637763 0.3138341 0.0233863 0.0149872
8 0.6801510 0.3695008 0.0245000 0.0149872
25 0.4485152 0.4240970 0.0244999 0.0149872
24 0.5053105 0.2576322 0.0244999 0.0160577
22 0.7369463 0.2576322 0.0245000 0.0160577
