30 0.1028627 0.5189990 0.0277393 0.0169718
16 0.1028627 0.3968016 0.0277393 0.0169719
32 0.3146897 0.5478512 0.5093936 0.5023671
33 0.3922335 0.3085479 0.0113479 0.0147089
14 0.1734717 0.3968016 0.0277393 0.0169719
25 0.2440807 0.3968016 0.0277393 0.0169719
11 0.3146897 0.3968016 0.0277392 0.0169719
24 0.2440807 0.4579003 0.0277393 0.0169719
1 0.3146897 0.4579003 0.0277392 0.0169719
8 0.4559077 0.4579003 0.0277393 0.0169719
34 0.1734717 0.5195647 0.0655655 0.0610987
30 0.1734717 0.5189990 0.0277393 0.0169718
3 0.3852987 0.5189990 0.0277393 0.0169718
16 0.2440807 0.5800977 0.0277393 0.0169718
21 0.3146897 0.5800977 0.0277392 0.0169718
20 0.3852987 0.5800977 0.0277393 0.0169718
27 0.4559077 0.5800977 0.0277393 0.0169718
22 0.5265168 0.5800977 0.0277393 0.0169718
7 0.1028627 0.6411964 0.0277393 0.0169718
12 0.1734717 0.6411964 0.0277393 0.0169718
26 0.2440807 0.6411964 0.0277393 0.0169718
4 0.3146897 0.6411964 0.0277392 0.0169718
9 0.3852987 0.6411964 0.0277393 0.0169718
18 0.4559077 0.6411964 0.0277393 0.0169718
25 0.1734717 0.4579003 0.0277393 0.0169719
24 0.1028627 0.4579003 0.0277393 0.0169719
12 0.1028627 0.5800977 0.0277393 0.0169718
18 0.5265168 0.4579003 0.0277393 0.0169719
3 0.3852987 0.4579003 0.0277393 0.0169719
17 0.5265168 0.3968016 0.0277393 0.0169719
4 0.5265168 0.6411964 0.0277393 0.0169718
25 0.1734717 0.5800977 0.0277393 0.0169718
7 0.3146897 0.5189990 0.0277392 0.0169718
7 0.4559077 0.5189990 0.0277393 0.0169718
23 0.4559077 0.3968016 0.0277393 0.0169719
25 0.5265168 0.5189990 0.0277393 0.0169718
25 0.3852987 0.3968016 0.0277393 0.0169719
18 0.2440807 0.5189990 0.0277393 0.0169718
