26 0.4523535 0.1514343 0.0233039 0.0163318
30 0.3533119 0.1514343 0.0222446 0.0163318
32 0.3580786 0.2202611 0.4004035 0.3896294
33 0.5233245 0.0726919 0.0084742 0.0151652
28 0.4025679 0.1514343 0.0233039 0.0163318
10 0.5031984 0.1514343 0.0233039 0.0163318
13 0.2034254 0.2015962 0.0233039 0.0163318
25 0.2542703 0.2015962 0.0233039 0.0163318
5 0.4523535 0.2015962 0.0233039 0.0163318
14 0.2034254 0.2529246 0.0233039 0.0163318
23 0.2542703 0.2529246 0.0233039 0.0163318
8 0.3533119 0.2529246 0.0222446 0.0163318
2 0.4523535 0.2529246 0.0233039 0.0163318
31 0.2034254 0.3042530 0.0233039 0.0163318
17 0.2542703 0.3042530 0.0233039 0.0163318
35 0.3533119 0.3042530 0.0413114 0.0466622
26 0.3533119 0.3042530 0.0222446 0.0163318
4 0.4025679 0.3042530 0.0233039 0.0163318
21 0.4523535 0.3042530 0.0233039 0.0163318
1 0.5031984 0.3042530 0.0233039 0.0163318
3 0.2542703 0.3561647 0.0233039 0.0174983
30 0.3035263 0.3561647 0.0222446 0.0174983
18 0.4025679 0.3561647 0.0233039 0.0174983
28 0.4025679 0.2529246 0.0233039 0.0163318
9 0.3035263 0.2015962 0.0222446 0.0163318
31 0.3035263 0.1514343 0.0222446 0.0163318
3 0.3533119 0.2015962 0.0222446 0.0163318
30 0.5031984 0.2529246 0.0233039 0.0163318
25 0.5031984 0.2015962 0.0233039 0.0163318
5 0.4025679 0.2015962 0.0233039 0.0163318
8 0.2542703 0.1514343 0.0233039 0.0163318
21 0.3035263 0.2529246 0.0222446 0.0163318
15 0.5031984 0.3561647 0.0233039 0.0174983
21 0.3533119 0.3561647 0.0222446 0.0174983
18 0.2034254 0.3561647 0.0233039 0.0174983
21 0.4523535 0.3561647 0.0233039 0.0174983
14 0.3035263 0.3042530 0.0222446 0.0163318
28 0.2034254 0.1514343 0.0233039 0.0163318
