30 0.5606788 0.7225829 0.0277248 0.0169657
15 0.4901065 0.4782771 0.0277248 0.0169657
32 0.6318812 0.5947748 0.5103889 0.4987909
33 0.7068643 0.3730899 0.0100817 0.0124415
24 0.4195342 0.4782771 0.0277248 0.0169657
29 0.5606788 0.4782771 0.0277248 0.0169657
34 0.7018234 0.4777116 0.0655314 0.0610764
14 0.7018234 0.4782771 0.0277248 0.0169657
6 0.7723956 0.4782771 0.0277248 0.0169657
20 0.8429680 0.4782771 0.0277248 0.0169657
12 0.4195342 0.5387880 0.0277248 0.0158347
22 0.4901065 0.5387880 0.0277248 0.0158347
2 0.5606788 0.5387880 0.0277248 0.0158347
14 0.6312511 0.5387880 0.0277248 0.0158347
4 0.8429680 0.5387880 0.0277248 0.0158347
25 0.4901065 0.6004300 0.0277248 0.0169657
17 0.5606788 0.6004300 0.0277248 0.0169657
19 0.6312511 0.6004300 0.0277248 0.0169657
26 0.7723956 0.6004300 0.0277248 0.0169657
9 0.4901065 0.6615065 0.0277248 0.0169657
13 0.5606788 0.6615065 0.0277248 0.0169657
10 0.7723956 0.6615065 0.0277248 0.0169657
1 0.8429680 0.6615065 0.0277248 0.0169657
5 0.7018234 0.7225829 0.0277248 0.0169657
11 0.4195342 0.7830938 0.0277248 0.0158346
27 0.4901065 0.7830938 0.0277248 0.0158346
21 0.6312511 0.7830938 0.0277248 0.0158346
30 0.7018234 0.7830938 0.0277248 0.0158346
18 0.7723956 0.7830938 0.0277248 0.0158346
15 0.8429680 0.7830938 0.0277248 0.0158346
30 0.6312511 0.4782771 0.0277248 0.0169657
13 0.6312511 0.7225829 0.0277248 0.0169657
3 0.4901065 0.7225829 0.0277248 0.0169657
14 0.8429680 0.7225829 0.0277248 0.0169657
28 0.7723956 0.7225829 0.0277248 0.0169657
28 0.7018234 0.6004300 0.0277248 0.0169657
19 0.6312511 0.6615065 0.0277248 0.0169657
19 0.8429680 0.6004300 0.0277248 0.0169657
12 0.4195342 0.6004300 0.0277248 0.0169657
4 0.5606788 0.7830938 0.0277248 0.0158346
29 0.4195342 0.6615065 0.0277248 0.0169657
22 0.7018234 0.6615065 0.0277248 0.0169657
8 0.4195342 0.7225829 0.0277248 0.0169657
29 0.7723956 0.5387880 0.0277248 0.0158347
6 0.7018234 0.5387880 0.0277248 0.0158347
