31 0.5082393 0.4497291 0.0263423 0.0165960
1 0.2400265 0.2107467 0.0263423 0.0165960
32 0.4405874 0.3047906 0.4801488 0.4901352
33 0.5142262 0.0735531 0.0119738 0.0143832
5 0.3741328 0.2107467 0.0263424 0.0165960
11 0.4411861 0.2107467 0.0263423 0.0165960
24 0.5752925 0.2107467 0.0263424 0.0165960
20 0.2400265 0.2704922 0.0263423 0.0165960
31 0.3741328 0.2704922 0.0263424 0.0165960
7 0.5082393 0.2704922 0.0263423 0.0165960
15 0.5752925 0.2704922 0.0263424 0.0165960
9 0.6423457 0.2704922 0.0263423 0.0165960
3 0.2400265 0.3302379 0.0263423 0.0165960
10 0.3741328 0.3302379 0.0263424 0.0165960
17 0.5082393 0.3302379 0.0263423 0.0165960
8 0.5752925 0.3302379 0.0263424 0.0165960
25 0.2400265 0.3899835 0.0263423 0.0165960
18 0.3070797 0.3899835 0.0263423 0.0165960
22 0.3741328 0.3899835 0.0263424 0.0165960
12 0.4411861 0.3899835 0.0263423 0.0165960
27 0.5752925 0.3899835 0.0263424 0.0165960
19 0.6423457 0.3899835 0.0263423 0.0165960
26 0.3741328 0.4497291 0.0263424 0.0165960
16 0.4411861 0.4497291 0.0263423 0.0165960
2 0.6423457 0.4497291 0.0263423 0.0165960
23 0.3070797 0.5094747 0.0263423 0.0165960
13 0.4411861 0.5094747 0.0263423 0.0165960
34 0.5082393 0.5100279 0.0622637 0.0597456
23 0.5082393 0.5094747 0.0263423 0.0165960
14 0.6423457 0.5094747 0.0263423 0.0165960
11 0.5752925 0.5094747 0.0263424 0.0165960
20 0.3070797 0.3302379 0.0263423 0.0165960
16 0.2400265 0.5094747 0.0263423 0.0165960
6 0.5082393 0.3899835 0.0263423 0.0165960
9 0.6423457 0.3302379 0.0263423 0.0165960
24 0.5752925 0.4497291 0.0263424 0.0165960
7 0.6423457 0.2107467 0.0263423 0.0165960
22 0.5082393 0.2107467 0.0263423 0.0165960
23 0.4411861 0.3302379 0.0263423 0.0165960
3 0.2400265 0.4497291 0.0263423 0.0165960
3 0.4411861 0.2704922 0.0263423 0.0165960
5 0.3741328 0.5094747 0.0263424 0.0165960
18 0.3070797 0.2704922 0.0263423 0.0165960
19 0.3070797 0.4497291 0.0263423 0.0165960
22 0.3070797 0.2107467 0.0263423 0.0165960
