24 0.8144966 0.6011617 0.0234285 0.0159464
6 0.8725101 0.3648139 0.0234285 0.0170854
32 0.8037723 0.4491018 0.3924554 0.3906858
33 0.9962209 0.2679968 0.0075581 0.0148073
21 0.7559253 0.3648139 0.0245442 0.0170854
13 0.8144966 0.3648139 0.0234285 0.0170854
14 0.9310814 0.3648139 0.0245442 0.0170854
23 0.6410139 0.4240432 0.0245442 0.0170854
16 0.7559253 0.4240432 0.0245442 0.0170854
8 0.8725101 0.4240432 0.0234285 0.0170854
24 0.9310814 0.4240432 0.0245442 0.0170854
5 0.6410139 0.4838421 0.0245442 0.0159463
18 0.6990274 0.4838421 0.0245442 0.0159463
26 0.9310814 0.4838421 0.0245442 0.0159463
20 0.6410139 0.5430714 0.0245442 0.0159463
27 0.6990274 0.5430714 0.0245442 0.0159463
6 0.7559253 0.5430714 0.0245442 0.0159463
17 0.8144966 0.5430714 0.0234285 0.0159463
34 0.8730679 0.5430714 0.0490883 0.0501172
24 0.8725101 0.5430714 0.0234285 0.0159463
30 0.7559253 0.6011617 0.0245442 0.0159464
29 0.8725101 0.6011617 0.0234285 0.0159464
19 0.9310814 0.6011617 0.0245442 0.0159464
16 0.6990274 0.6011617 0.0245442 0.0159464
26 0.6990274 0.3648139 0.0245442 0.0170854
29 0.7559253 0.4838421 0.0245442 0.0159463
3 0.6410139 0.3648139 0.0245442 0.0170854
18 0.9878536 0.4838421 0.0242928 0.0159463
28 0.8144966 0.4838421 0.0234285 0.0159463
13 0.8725101 0.4838421 0.0234285 0.0159463
23 0.6990274 0.4240432 0.0245442 0.0170854
30 0.9878536 0.3648139 0.0242928 0.0170854
12 0.9878536 0.4240432 0.0242928 0.0170854
21 0.8144966 0.4240432 0.0234285 0.0170854
17 0.6410139 0.6011617 0.0245442 0.0159464
28 0.9878536 0.5430714 0.0242928 0.0159463
2 0.9310814 0.5430714 0.0245442 0.0159463
24 0.9878536 0.6011617 0.0242928 0.0159464
