18 0.6464773 0.3283711 0.0241494 0.0162133
22 0.5904948 0.5526553 0.0241493 0.0151324
32 0.7030088 0.4272723 0.3962686 0.4128992
33 0.8824822 0.2375765 0.0109770 0.0162133
21 0.5334146 0.3283711 0.0241493 0.0162133
11 0.5904948 0.3283711 0.0241493 0.0162133
3 0.7611867 0.3283711 0.0230516 0.0162133
19 0.8747983 0.3283711 0.0241494 0.0162133
15 0.5334146 0.3845773 0.0241493 0.0162133
9 0.5904948 0.3845773 0.0241493 0.0162133
5 0.8188158 0.3845773 0.0241493 0.0162133
18 0.8747983 0.3845773 0.0241494 0.0162133
20 0.5334146 0.4413239 0.0241493 0.0151324
25 0.7041064 0.4413239 0.0230517 0.0151324
23 0.7611867 0.4413239 0.0230516 0.0151324
31 0.8188158 0.4413239 0.0241493 0.0151324
6 0.8747983 0.4413239 0.0241494 0.0151324
1 0.5334146 0.4975300 0.0241493 0.0151324
10 0.5904948 0.4975300 0.0241493 0.0151324
4 0.7611867 0.4975300 0.0230516 0.0151324
34 0.8188158 0.4975301 0.0482987 0.0475591
27 0.8188158 0.4975300 0.0241493 0.0151324
29 0.5334146 0.5526553 0.0241493 0.0151324
28 0.6464773 0.5526553 0.0241494 0.0151324
2 0.8747983 0.5526553 0.0241494 0.0151324
12 0.5334146 0.6094020 0.0241493 0.0162133
14 0.5904948 0.6094020 0.0241493 0.0162133
13 0.7041064 0.6094020 0.0230517 0.0162133
22 0.8188158 0.6094020 0.0241493 0.0162133
8 0.8747983 0.6094020 0.0241494 0.0162133
23 0.7611867 0.5526553 0.0230516 0.0151324
18 0.8188158 0.3283711 0.0241493 0.0162133
11 0.7041064 0.4975300 0.0230517 0.0151324
10 0.7611867 0.6094020 0.0230516 0.0162133
30 0.7041064 0.5526553 0.0230517 0.0151324
29 0.7041064 0.3283711 0.0230517 0.0162133
4 0.6464773 0.3845773 0.0241494 0.0162133
25 0.5904948 0.4413239 0.0241493 0.0151324
22 0.6464773 0.4413239 0.0241494 0.0151324
25 0.6464773 0.6094020 0.0241494 0.0162133
30 0.8188158 0.5526553 0.0241493 0.0151324
10 0.6464773 0.4975300 0.0241494 0.0151324
17 0.8747983 0.4975300 0.0241494 0.0151324
30 0.7611867 0.3845773 0.0230516 0.0162133
29 0.7041064 0.3845773 0.0230517 0.0162133
