20 0.5807524 0.3505791 0.0272806 0.0161564
31 0.5807524 0.5832322 0.0272806 0.0161565
32 0.3718077 0.4798308 0.4972513 0.4685374
33 0.4486894 0.2574102 0.0111603 0.0129251
9 0.1641030 0.3505791 0.0272806 0.0161564
19 0.3724277 0.3505791 0.0272806 0.0161564
17 0.5113108 0.3505791 0.0272807 0.0161564
8 0.2335445 0.4087424 0.0272806 0.0161565
29 0.3029861 0.4087424 0.0272806 0.0161565
5 0.3724277 0.4087424 0.0272806 0.0161565
14 0.4418693 0.4087424 0.0272806 0.0161565
34 0.5113109 0.4092809 0.0644815 0.0581633
27 0.5113108 0.4087424 0.0272807 0.0161565
3 0.1641030 0.4669057 0.0272806 0.0161564
4 0.2335445 0.4669057 0.0272806 0.0161564
16 0.3029861 0.4669057 0.0272806 0.0161564
28 0.3724277 0.4669057 0.0272806 0.0161564
21 0.4418693 0.4669057 0.0272806 0.0161564
22 0.5113108 0.4669057 0.0272807 0.0161564
31 0.5807524 0.4669057 0.0272806 0.0161564
1 0.1641030 0.5250689 0.0272806 0.0161564
26 0.5807524 0.5250689 0.0272806 0.0161564
12 0.2335445 0.5832322 0.0272806 0.0161565
6 0.3029861 0.5832322 0.0272806 0.0161565
30 0.4418693 0.5832322 0.0272806 0.0161565
7 0.1641030 0.6413954 0.0272806 0.0161565
24 0.3029861 0.6413954 0.0272806 0.0161565
18 0.3724277 0.6413954 0.0272806 0.0161565
10 0.4418693 0.6413954 0.0272806 0.0161565
13 0.5113108 0.6413954 0.0272807 0.0161565
19 0.1641030 0.4087424 0.0272806 0.0161565
26 0.2335445 0.5250689 0.0272806 0.0161564
29 0.4418693 0.5250689 0.0272806 0.0161564
5 0.5113108 0.5832322 0.0272807 0.0161565
16 0.5113108 0.5250689 0.0272807 0.0161564
15 0.5807524 0.4087424 0.0272806 0.0161565
31 0.2335445 0.3505791 0.0272806 0.0161564
31 0.2335445 0.6413954 0.0272806 0.0161565
4 0.3029861 0.3505791 0.0272806 0.0161564
29 0.3724277 0.5832322 0.0272806 0.0161565
5 0.3029861 0.5250689 0.0272806 0.0161564
21 0.3724277 0.5250689 0.0272806 0.0161564
3 0.1641030 0.5832322 0.0272806 0.0161565
27 0.4418693 0.3505791 0.0272806 0.0161564
25 0.5807524 0.6413954 0.0272806 0.0161565
