1 0.6939439 0.6157932 0.0281359 0.0172953
27 0.2642315 0.5535300 0.0281359 0.0172953
32 0.4797272 0.4855018 0.5179570 0.5084822
33 0.5558221 0.2595097 0.0102312 0.0126832
25 0.3358502 0.3667407 0.0281359 0.0172953
34 0.4790878 0.3661641 0.0665031 0.0622631
31 0.4790878 0.3667407 0.0281359 0.0172953
8 0.5507065 0.3667407 0.0281360 0.0172953
21 0.2642315 0.4284273 0.0281359 0.0161423
12 0.4074690 0.4284273 0.0281359 0.0161423
5 0.5507065 0.4284273 0.0281360 0.0161423
9 0.6939439 0.4284273 0.0281359 0.0161423
4 0.4074690 0.4912669 0.0281359 0.0172953
7 0.6223252 0.4912669 0.0281359 0.0172953
19 0.3358502 0.5535300 0.0281359 0.0172953
26 0.4074690 0.5535300 0.0281359 0.0172953
20 0.5507065 0.5535300 0.0281360 0.0172953
22 0.6223252 0.5535300 0.0281359 0.0172953
18 0.2642315 0.6157932 0.0281359 0.0172953
1 0.4074690 0.6157932 0.0281359 0.0172953
16 0.4790878 0.6157932 0.0281359 0.0172953
29 0.5507065 0.6157932 0.0281360 0.0172953
15 0.6223252 0.6157932 0.0281359 0.0172953
25 0.4074690 0.3667407 0.0281359 0.0172953
12 0.2642315 0.3667407 0.0281359 0.0172953
18 0.6939439 0.4912669 0.0281359 0.0172953
6 0.5507065 0.4912669 0.0281360 0.0172953
21 0.6223252 0.4284273 0.0281359 0.0161423
8 0.3358502 0.4912669 0.0281359 0.0172953
25 0.3358502 0.6157932 0.0281359 0.0172953
3 0.6939439 0.5535300 0.0281359 0.0172953
8 0.4790878 0.4912669 0.0281359 0.0172953
22 0.4790878 0.4284273 0.0281359 0.0161423
12 0.6939439 0.3667407 0.0281359 0.0172953
16 0.4790878 0.5535300 0.0281359 0.0172953
22 0.2642315 0.4912669 0.0281359 0.0172953
11 0.6223252 0.3667407 0.0281359 0.0172953
4 0.3358502 0.4284273 0.0281359 0.0161423
