14 0.5489475 0.4917140 0.0273578 0.0174143
14 0.6185854 0.4290222 0.0273577 0.0174143
32 0.4793097 0.4586266 0.5023875 0.5154655
33 0.5557869 0.2130840 0.0111918 0.0150925
7 0.4096718 0.3036387 0.0273577 0.0174144
5 0.4793097 0.3036387 0.0273577 0.0174144
15 0.5489475 0.3036387 0.0273578 0.0174144
19 0.3400340 0.3663304 0.0273577 0.0174144
2 0.4096718 0.3663304 0.0273577 0.0174144
23 0.4793097 0.3663304 0.0273577 0.0174144
14 0.5489475 0.3663304 0.0273578 0.0174144
17 0.6185854 0.3663304 0.0273577 0.0174144
29 0.6882233 0.3663304 0.0273577 0.0174144
24 0.4096718 0.4290222 0.0273577 0.0174143
22 0.4793097 0.4290222 0.0273577 0.0174143
3 0.5489475 0.4290222 0.0273578 0.0174143
4 0.2703961 0.4917140 0.0273577 0.0174143
25 0.4793097 0.4917140 0.0273577 0.0174143
34 0.6185854 0.4922944 0.0646638 0.0626917
9 0.6185854 0.4917140 0.0273577 0.0174143
12 0.2703961 0.5544057 0.0273577 0.0174143
18 0.4096718 0.5544057 0.0273577 0.0174143
8 0.6882233 0.5544057 0.0273577 0.0174143
29 0.6882233 0.3036387 0.0273577 0.0174144
1 0.3400340 0.4917140 0.0273577 0.0174143
13 0.6882233 0.4917140 0.0273577 0.0174143
20 0.3400340 0.5544057 0.0273577 0.0174143
9 0.3400340 0.3036387 0.0273577 0.0174144
9 0.6185854 0.5544057 0.0273577 0.0174143
18 0.5489475 0.5544057 0.0273578 0.0174143
5 0.2703961 0.3036387 0.0273577 0.0174144
10 0.2703961 0.3663304 0.0273577 0.0174144
31 0.4096718 0.4917140 0.0273577 0.0174143
30 0.6185854 0.3036387 0.0273577 0.0174144
26 0.6882233 0.4290222 0.0273577 0.0174143
7 0.2703961 0.4290222 0.0273577 0.0174143
22 0.3400340 0.4290222 0.0273577 0.0174143
11 0.4793097 0.5544057 0.0273577 0.0174143
