6 0.5756582 0.5542497 0.0240108 0.0156220
25 0.4561759 0.6128322 0.0251541 0.0167379
32 0.5150595 0.4248100 0.4127567 0.4262580
33 0.7020005 0.2289768 0.0114338 0.0167379
13 0.3384088 0.3227090 0.0251541 0.0167379
26 0.4561759 0.3227090 0.0251541 0.0167379
34 0.5156312 0.3221510 0.0503083 0.0490978
1 0.5162029 0.3227090 0.0240108 0.0167379
7 0.5756582 0.3227090 0.0240108 0.0167379
11 0.6939969 0.3227090 0.0251542 0.0167379
30 0.3384088 0.3807336 0.0251541 0.0167379
27 0.3978641 0.3807336 0.0251541 0.0167379
14 0.4561759 0.3807336 0.0251541 0.0167379
10 0.6356851 0.3807336 0.0251541 0.0167379
17 0.3384088 0.4393162 0.0251541 0.0156220
20 0.3978641 0.4393162 0.0251541 0.0156220
8 0.4561759 0.4393162 0.0251541 0.0156220
19 0.5756582 0.4393162 0.0240108 0.0156220
3 0.6356851 0.4393162 0.0251541 0.0156220
24 0.3978641 0.4973408 0.0251541 0.0156220
4 0.6356851 0.4973408 0.0251541 0.0156220
9 0.6939969 0.4973408 0.0251542 0.0156220
2 0.3384088 0.5542497 0.0251541 0.0156220
12 0.3978641 0.5542497 0.0251541 0.0156220
29 0.4561759 0.5542497 0.0251541 0.0156220
28 0.5162029 0.5542497 0.0240108 0.0156220
22 0.6356851 0.5542497 0.0251541 0.0156220
6 0.6939969 0.5542497 0.0251542 0.0156220
21 0.3384088 0.6128322 0.0251541 0.0167379
1 0.6939969 0.6128322 0.0251542 0.0167379
31 0.3384088 0.4973408 0.0251541 0.0156220
26 0.5756582 0.6128322 0.0240108 0.0167379
6 0.5756582 0.4973408 0.0240108 0.0156220
1 0.6939969 0.4393162 0.0251542 0.0156220
21 0.6356851 0.6128322 0.0251541 0.0167379
31 0.5162029 0.3807336 0.0240108 0.0167379
21 0.5756582 0.3807336 0.0240108 0.0167379
7 0.6356851 0.3227090 0.0251541 0.0167379
6 0.6939969 0.3807336 0.0251542 0.0167379
15 0.5162029 0.4393162 0.0240108 0.0156220
17 0.3978641 0.3227090 0.0251541 0.0167379
28 0.4561759 0.4973408 0.0251541 0.0156220
21 0.5162029 0.4973408 0.0240108 0.0156220
13 0.3978641 0.6128322 0.0251541 0.0167379
17 0.5162029 0.6128322 0.0240108 0.0167379
