15 0.4737029 0.4953693 0.0241577 0.0163228
15 0.6801412 0.3511847 0.0241576 0.0152346
32 0.6340220 0.3685956 0.4150730 0.3634540
33 0.8053220 0.2309402 0.0087847 0.0141464
25 0.5774711 0.3043927 0.0230596 0.0152346
23 0.6290807 0.3043927 0.0230596 0.0152346
14 0.4737029 0.3511847 0.0241577 0.0152346
5 0.5774711 0.3511847 0.0230596 0.0152346
26 0.7317509 0.3511847 0.0241576 0.0152346
8 0.7844586 0.3511847 0.0241577 0.0152346
30 0.4737029 0.3990648 0.0241577 0.0152346
9 0.5264105 0.3990648 0.0241577 0.0152346
3 0.5774711 0.3990648 0.0230596 0.0152346
27 0.6290807 0.3990648 0.0230596 0.0152346
18 0.4737029 0.4469450 0.0241577 0.0152346
28 0.5264105 0.4469450 0.0241577 0.0152346
21 0.5774711 0.4469450 0.0230596 0.0152346
6 0.6290807 0.4469450 0.0230596 0.0152346
35 0.7317509 0.4469450 0.0439231 0.0435274
20 0.7317509 0.4469450 0.0241576 0.0152346
11 0.5774711 0.4953693 0.0230596 0.0163228
1 0.7317509 0.4953693 0.0241576 0.0163228
2 0.7844586 0.4953693 0.0241577 0.0163228
29 0.6290807 0.3511847 0.0230596 0.0152346
13 0.5264105 0.3043927 0.0241577 0.0152346
15 0.6801412 0.4953693 0.0241576 0.0163228
19 0.5264105 0.3511847 0.0241577 0.0152346
11 0.7317509 0.3043927 0.0241576 0.0152346
25 0.4737029 0.3043927 0.0241577 0.0152346
7 0.6290807 0.4953693 0.0230596 0.0163228
29 0.7844586 0.3990648 0.0241577 0.0152346
4 0.6801412 0.3043927 0.0241576 0.0152346
7 0.7317509 0.3990648 0.0241576 0.0152346
31 0.6801412 0.3990648 0.0241576 0.0152346
23 0.7844586 0.4469450 0.0241577 0.0152346
8 0.5264105 0.4953693 0.0241577 0.0163228
15 0.7844586 0.3043927 0.0241577 0.0152346
25 0.6801412 0.4469450 0.0241576 0.0152346
