16 0.5297163 0.6008437 0.0271490 0.0165363
6 0.7370361 0.6603747 0.0271490 0.0165363
32 0.5303333 0.5358006 0.4997890 0.4861699
33 0.6037591 0.3197251 0.0098724 0.0121267
27 0.4606097 0.4222507 0.0271490 0.0165364
34 0.5988229 0.4216995 0.0641704 0.0595310
7 0.5988229 0.4222507 0.0271490 0.0165364
6 0.7370361 0.4222507 0.0271490 0.0165364
19 0.3915031 0.4812305 0.0271490 0.0154340
18 0.5297163 0.4812305 0.0271490 0.0154340
7 0.6679295 0.4812305 0.0271490 0.0154340
14 0.3915031 0.5413127 0.0271490 0.0165364
1 0.5297163 0.5413127 0.0271490 0.0165364
22 0.5988229 0.5413127 0.0271490 0.0165364
9 0.6679295 0.5413127 0.0271490 0.0165364
26 0.7370361 0.5413127 0.0271490 0.0165364
3 0.4606097 0.6008437 0.0271490 0.0165363
4 0.6679295 0.6008437 0.0271490 0.0165363
2 0.7370361 0.6008437 0.0271490 0.0165363
23 0.3223965 0.6603747 0.0271490 0.0165363
5 0.5297163 0.6603747 0.0271490 0.0165363
13 0.5988229 0.6603747 0.0271490 0.0165363
24 0.6679295 0.6603747 0.0271490 0.0165363
29 0.3223965 0.4812305 0.0271490 0.0154340
13 0.3915031 0.6008437 0.0271490 0.0165363
25 0.7370361 0.4812305 0.0271490 0.0154340
7 0.4606097 0.6603747 0.0271490 0.0165363
19 0.3223965 0.5413127 0.0271490 0.0165364
22 0.4606097 0.4812305 0.0271490 0.0154340
4 0.6679295 0.4222507 0.0271490 0.0165364
2 0.3915031 0.6603747 0.0271490 0.0165363
2 0.3915031 0.4222507 0.0271490 0.0165364
6 0.4606097 0.5413127 0.0271490 0.0165364
2 0.5297163 0.4222507 0.0271490 0.0165364
9 0.5988229 0.6008437 0.0271490 0.0165363
21 0.3223965 0.6008437 0.0271490 0.0165363
11 0.3223965 0.4222507 0.0271490 0.0165364
21 0.5988229 0.4812305 0.0271490 0.0154340
