17 0.2292018 0.4233601 0.0263381 0.0161869
19 0.3632869 0.4816329 0.0263382 0.0161869
32 0.2962443 0.4508778 0.4836641 0.4791318
33 0.3698714 0.2226427 0.0107747 0.0140287
3 0.0951167 0.3068145 0.0263381 0.0161869
19 0.1621593 0.3068145 0.0263381 0.0161869
2 0.4303294 0.3068145 0.0263382 0.0161869
5 0.0951167 0.3650873 0.0263381 0.0161869
31 0.2292018 0.3650873 0.0263381 0.0161869
14 0.2962444 0.3650873 0.0263381 0.0161869
13 0.3632869 0.3650873 0.0263382 0.0161869
23 0.4303294 0.3650873 0.0263382 0.0161869
16 0.4973720 0.3650873 0.0263382 0.0161869
17 0.0951167 0.4233601 0.0263381 0.0161869
4 0.2962444 0.4233601 0.0263381 0.0161869
11 0.3632869 0.4233601 0.0263382 0.0161869
9 0.4973720 0.4233601 0.0263382 0.0161869
28 0.2962444 0.4816329 0.0263381 0.0161869
1 0.4303294 0.4816329 0.0263382 0.0161869
21 0.1621593 0.5399056 0.0263381 0.0161869
34 0.2292018 0.5404452 0.0622538 0.0582728
28 0.2292018 0.5399056 0.0263381 0.0161869
20 0.3632869 0.5399056 0.0263382 0.0161869
15 0.4303294 0.5399056 0.0263382 0.0161869
22 0.4973720 0.5399056 0.0263382 0.0161869
27 0.0951167 0.5981784 0.0263381 0.0161869
10 0.2962444 0.5981784 0.0263381 0.0161869
30 0.3632869 0.5981784 0.0263382 0.0161869
8 0.4303294 0.5981784 0.0263382 0.0161869
29 0.4973720 0.5981784 0.0263382 0.0161869
13 0.2292018 0.3068145 0.0263381 0.0161869
31 0.2962444 0.5399056 0.0263381 0.0161869
9 0.1621593 0.4233601 0.0263381 0.0161869
6 0.0951167 0.5399056 0.0263381 0.0161869
11 0.1621593 0.3650873 0.0263381 0.0161869
22 0.1621593 0.5981784 0.0263381 0.0161869
29 0.2292018 0.4816329 0.0263381 0.0161869
30 0.4973720 0.4816329 0.0263382 0.0161869
4 0.0951167 0.4816329 0.0263381 0.0161869
26 0.4303294 0.4233601 0.0263382 0.0161869
23 0.2962444 0.3068145 0.0263381 0.0161869
2 0.1621593 0.4816329 0.0263381 0.0161869
21 0.4973720 0.3068145 0.0263382 0.0161869
1 0.3632869 0.3068145 0.0263382 0.0161869
13 0.2292018 0.5981784 0.0263381 0.0161869
