21 0.3556932 0.5393650 0.0268330 0.0163860
9 0.2190893 0.3623958 0.0268329 0.0163860
32 0.3550834 0.4552500 0.4890911 0.4839344
33 0.4300936 0.2269379 0.0121968 0.0142012
6 0.2873912 0.3623958 0.0268329 0.0163860
15 0.4239952 0.3623958 0.0268329 0.0163860
29 0.5605992 0.3623958 0.0268329 0.0163860
8 0.2873912 0.4213856 0.0268329 0.0163860
11 0.3556932 0.4213856 0.0268330 0.0163860
25 0.4239952 0.4213856 0.0268329 0.0163860
26 0.1507873 0.4803753 0.0268329 0.0163860
13 0.2190893 0.4803753 0.0268329 0.0163860
7 0.2873912 0.4803753 0.0268329 0.0163860
17 0.3556932 0.4803753 0.0268330 0.0163860
5 0.4239952 0.4803753 0.0268329 0.0163860
24 0.4922972 0.4803753 0.0268329 0.0163860
27 0.5605992 0.4803753 0.0268329 0.0163860
34 0.1507873 0.5399113 0.0634233 0.0589897
15 0.1507873 0.5393650 0.0268329 0.0163860
18 0.5605992 0.5393650 0.0268329 0.0163860
1 0.1507873 0.5983548 0.0268329 0.0163860
2 0.2873912 0.5983548 0.0268329 0.0163860
3 0.4922972 0.5983548 0.0268329 0.0163860
20 0.3556932 0.3623958 0.0268330 0.0163860
21 0.4922972 0.3623958 0.0268329 0.0163860
1 0.4239952 0.5393650 0.0268329 0.0163860
28 0.3556932 0.5983548 0.0268330 0.0163860
7 0.4922972 0.4213856 0.0268329 0.0163860
18 0.1507873 0.4213856 0.0268329 0.0163860
17 0.2190893 0.5983548 0.0268329 0.0163860
9 0.5605992 0.4213856 0.0268329 0.0163860
9 0.2873912 0.5393650 0.0268329 0.0163860
2 0.2190893 0.4213856 0.0268329 0.0163860
17 0.2190893 0.5393650 0.0268329 0.0163860
31 0.4922972 0.5393650 0.0268329 0.0163860
31 0.4239952 0.5983548 0.0268329 0.0163860
8 0.1507873 0.3623958 0.0268329 0.0163860
19 0.5605992 0.5983548 0.0268329 0.0163860
