23 0.2060760 0.4344122 0.0278055 0.0162048
4 0.2768536 0.5510867 0.0278055 0.0162048
32 0.4184090 0.4619603 0.5106104 0.4796617
33 0.4961380 0.2334728 0.0113750 0.0140442
14 0.2060760 0.3177378 0.0278055 0.0162048
31 0.4184090 0.3177378 0.0278055 0.0162048
21 0.4891866 0.3177378 0.0278055 0.0162048
18 0.2768536 0.3760750 0.0278055 0.0162048
1 0.3476313 0.3760750 0.0278055 0.0162048
13 0.4891866 0.3760750 0.0278055 0.0162048
17 0.5599643 0.3760750 0.0278055 0.0162048
11 0.2768536 0.4344122 0.0278055 0.0162048
25 0.3476313 0.4344122 0.0278055 0.0162048
3 0.4184090 0.4344122 0.0278055 0.0162048
34 0.5599643 0.4349524 0.0657221 0.0583372
26 0.5599643 0.4344122 0.0278055 0.0162048
22 0.6307420 0.4344122 0.0278056 0.0162048
16 0.2060760 0.4927494 0.0278055 0.0162048
23 0.4184090 0.4927494 0.0278055 0.0162048
28 0.3476313 0.5510867 0.0278055 0.0162048
24 0.4891866 0.5510867 0.0278055 0.0162048
12 0.5599643 0.5510867 0.0278055 0.0162048
4 0.6307420 0.5510867 0.0278056 0.0162048
23 0.4891866 0.4927494 0.0278055 0.0162048
11 0.2060760 0.3760750 0.0278055 0.0162048
4 0.5599643 0.3177378 0.0278055 0.0162048
26 0.6307420 0.4927494 0.0278056 0.0162048
21 0.2768536 0.4927494 0.0278055 0.0162048
17 0.2060760 0.5510867 0.0278055 0.0162048
14 0.3476313 0.3177378 0.0278055 0.0162048
20 0.2768536 0.3177378 0.0278055 0.0162048
9 0.6307420 0.3760750 0.0278056 0.0162048
11 0.3476313 0.4927494 0.0278055 0.0162048
27 0.6307420 0.3177378 0.0278056 0.0162048
25 0.4184090 0.3760750 0.0278055 0.0162048
30 0.4184090 0.5510867 0.0278055 0.0162048
12 0.4891866 0.4344122 0.0278055 0.0162048
30 0.5599643 0.4927494 0.0278055 0.0162048
