26 0.3882505 0.5436138 0.0263134 0.0170486
25 0.6561690 0.6049889 0.0263134 0.0170487
32 0.5216117 0.4345024 0.4796218 0.4944107
33 0.5957677 0.1997994 0.0107646 0.0136389
3 0.3212709 0.2981133 0.0263134 0.0170486
23 0.3882505 0.2981133 0.0263134 0.0170486
11 0.5891893 0.2981133 0.0263134 0.0170486
2 0.6561690 0.2981133 0.0263134 0.0170486
13 0.3882505 0.3594884 0.0263134 0.0170486
28 0.4552301 0.3594884 0.0263134 0.0170486
34 0.5222097 0.3600567 0.0621953 0.0613751
1 0.5222097 0.3594884 0.0263134 0.0170486
20 0.5891893 0.3594884 0.0263134 0.0170486
5 0.3212709 0.4208635 0.0263134 0.0170486
9 0.3882505 0.4208635 0.0263134 0.0170486
25 0.5891893 0.4208635 0.0263134 0.0170486
14 0.6561690 0.4208635 0.0263134 0.0170486
8 0.7231485 0.4208635 0.0263134 0.0170486
26 0.3882505 0.4822386 0.0263134 0.0170487
6 0.4552301 0.4822386 0.0263134 0.0170487
22 0.5891893 0.4822386 0.0263134 0.0170487
29 0.6561690 0.4822386 0.0263134 0.0170487
18 0.7231485 0.4822386 0.0263134 0.0170487
10 0.3212709 0.5436138 0.0263134 0.0170486
12 0.5222097 0.5436138 0.0263134 0.0170486
1 0.6561690 0.5436138 0.0263134 0.0170486
30 0.7231485 0.5436138 0.0263134 0.0170486
17 0.3882505 0.6049889 0.0263134 0.0170487
27 0.4552301 0.6049889 0.0263134 0.0170487
4 0.7231485 0.6049889 0.0263134 0.0170487
27 0.3212709 0.3594884 0.0263134 0.0170486
13 0.5891893 0.6049889 0.0263134 0.0170487
24 0.5222097 0.2981133 0.0263134 0.0170486
2 0.4552301 0.4208635 0.0263134 0.0170486
24 0.5222097 0.4208635 0.0263134 0.0170486
19 0.4552301 0.5436138 0.0263134 0.0170486
26 0.7231485 0.3594884 0.0263134 0.0170486
5 0.4552301 0.2981133 0.0263134 0.0170486
25 0.3212709 0.6049889 0.0263134 0.0170487
27 0.7231485 0.2981133 0.0263134 0.0170486
28 0.5222097 0.4822386 0.0263134 0.0170487
13 0.6561690 0.3594884 0.0263134 0.0170486
21 0.5222097 0.6049889 0.0263134 0.0170487
19 0.3212709 0.4822386 0.0263134 0.0170487
29 0.5891893 0.5436138 0.0263134 0.0170486
