12 0.9761673 0.4365780 0.0243201 0.0162781
28 0.7462311 0.6617586 0.0243202 0.0151930
32 0.8300025 0.5358745 0.3399950 0.4145493
9 0.6887470 0.4365780 0.0243202 0.0162781
21 0.8026097 0.4365780 0.0243201 0.0162781
34 0.8026097 0.4930088 0.0486403 0.0488343
20 0.8026097 0.4930088 0.0243201 0.0162781
22 0.8606464 0.4930088 0.0232147 0.0162781
28 0.9181305 0.4930088 0.0232147 0.0162781
6 0.6887470 0.5499822 0.0243202 0.0151929
20 0.7462311 0.5499822 0.0243202 0.0151929
7 0.8606464 0.5499822 0.0232147 0.0151929
23 0.9761673 0.5499822 0.0243201 0.0151929
30 0.7462311 0.6064130 0.0243202 0.0151930
14 0.8026097 0.6064130 0.0243201 0.0151930
16 0.8606464 0.6064130 0.0232147 0.0151930
3 0.9181305 0.6064130 0.0232147 0.0151930
12 0.9761673 0.6064130 0.0243201 0.0151930
1 0.8026097 0.6617586 0.0243201 0.0151930
31 0.8606464 0.6617586 0.0232147 0.0151930
24 0.9181305 0.6617586 0.0232147 0.0151930
29 0.9761673 0.6617586 0.0243201 0.0151930
15 0.6887470 0.7187319 0.0243202 0.0162781
4 0.7462311 0.7187319 0.0243202 0.0162781
18 0.8606464 0.7187319 0.0232147 0.0162781
13 0.9181305 0.7187319 0.0232147 0.0162781
24 0.6887470 0.4930088 0.0243202 0.0162781
1 0.8606464 0.4365780 0.0232147 0.0162781
21 0.9181305 0.5499822 0.0232147 0.0151929
11 0.9181305 0.4365780 0.0232147 0.0162781
19 0.7462311 0.4365780 0.0243202 0.0162781
4 0.6887470 0.6064130 0.0243202 0.0151930
28 0.9761673 0.7187319 0.0243201 0.0162781
2 0.6887470 0.6617586 0.0243202 0.0151930
25 0.8026097 0.5499822 0.0243201 0.0151929
5 0.9761673 0.4930088 0.0243201 0.0162781
23 0.8026097 0.7187319 0.0243201 0.0162781
3 0.7462311 0.4930088 0.0243202 0.0162781
