15 0.3801004 0.1930422 0.0274018 0.0174390
27 0.2406004 0.2558228 0.0274018 0.0174390
32 0.3794777 0.2918634 0.4994600 0.5150329
33 0.4560781 0.0488795 0.0124554 0.0151138
19 0.1708504 0.1930422 0.0274018 0.0174390
21 0.3103504 0.1930422 0.0274018 0.0174390
4 0.5893505 0.1930422 0.0274018 0.0174390
34 0.1708504 0.2564041 0.0647679 0.0627805
25 0.1708504 0.2558228 0.0274018 0.0174390
16 0.3103504 0.2558228 0.0274018 0.0174390
15 0.3801004 0.2558228 0.0274018 0.0174390
20 0.5893505 0.2558228 0.0274018 0.0174390
6 0.1708504 0.3186033 0.0274018 0.0174390
18 0.3103504 0.3186033 0.0274018 0.0174390
14 0.4498505 0.3186033 0.0274018 0.0174390
22 0.5196005 0.3186033 0.0274018 0.0174390
5 0.5893505 0.3186033 0.0274018 0.0174390
25 0.1708504 0.3813838 0.0274018 0.0174390
29 0.2406004 0.3813838 0.0274018 0.0174390
17 0.4498505 0.3813838 0.0274018 0.0174390
30 0.1708504 0.4441644 0.0274018 0.0174390
3 0.2406004 0.4441644 0.0274018 0.0174390
9 0.4498505 0.4441644 0.0274018 0.0174390
24 0.5196005 0.4441644 0.0274018 0.0174390
1 0.5893505 0.4441644 0.0274018 0.0174390
23 0.2406004 0.5069449 0.0274018 0.0174390
31 0.3103504 0.5069449 0.0274018 0.0174390
7 0.4498505 0.5069449 0.0274018 0.0174390
10 0.5196005 0.5069449 0.0274018 0.0174390
27 0.5893505 0.5069449 0.0274018 0.0174390
25 0.2406004 0.1930422 0.0274018 0.0174390
16 0.1708504 0.5069449 0.0274018 0.0174390
6 0.4498505 0.1930422 0.0274018 0.0174390
28 0.3801004 0.3813838 0.0274018 0.0174390
4 0.2406004 0.3186033 0.0274018 0.0174390
2 0.4498505 0.2558228 0.0274018 0.0174390
20 0.5196005 0.1930422 0.0274018 0.0174390
13 0.5196005 0.3813838 0.0274018 0.0174390
4 0.3103504 0.3813838 0.0274018 0.0174390
18 0.3801004 0.4441644 0.0274018 0.0174390
30 0.3801004 0.5069449 0.0274018 0.0174390
4 0.5196005 0.2558228 0.0274018 0.0174390
12 0.3801004 0.3186033 0.0274018 0.0174390
13 0.5893505 0.3813838 0.0274018 0.0174390
3 0.3103504 0.4441644 0.0274018 0.0174390
