4 0.5752881 0.5064271 0.0265111 0.0172557
27 0.2378745 0.3194897 0.0265111 0.0161054
32 0.3734425 0.3764338 0.4880447 0.5073192
33 0.4451428 0.1509586 0.0096404 0.0126542
18 0.1703917 0.2579443 0.0265111 0.0172558
31 0.2378745 0.2579443 0.0265111 0.0172558
8 0.3053572 0.2579443 0.0265111 0.0172558
20 0.3728399 0.2579443 0.0265111 0.0172558
24 0.5752881 0.2579443 0.0265111 0.0172558
10 0.4403226 0.3194897 0.0265111 0.0161054
7 0.5078054 0.3194897 0.0265110 0.0161054
1 0.5752881 0.3194897 0.0265111 0.0161054
4 0.3728399 0.3821857 0.0265111 0.0172558
12 0.5078054 0.3821857 0.0265110 0.0172558
22 0.5752881 0.3821857 0.0265111 0.0172558
14 0.2378745 0.4443064 0.0265111 0.0172558
19 0.3053572 0.4443064 0.0265111 0.0172558
26 0.3728399 0.4443064 0.0265111 0.0172558
34 0.1703918 0.5058519 0.0626625 0.0621207
19 0.1703917 0.5064271 0.0265111 0.0172557
27 0.2378745 0.5064271 0.0265111 0.0172557
3 0.3053572 0.5064271 0.0265111 0.0172557
2 0.4403226 0.5064271 0.0265111 0.0172557
27 0.5752881 0.4443064 0.0265111 0.0172558
4 0.5078054 0.5064271 0.0265110 0.0172557
30 0.1703917 0.3194897 0.0265111 0.0161054
30 0.2378745 0.3821857 0.0265111 0.0172558
28 0.5078054 0.4443064 0.0265110 0.0172558
6 0.3053572 0.3821857 0.0265111 0.0172558
3 0.4403226 0.2579443 0.0265111 0.0172558
17 0.4403226 0.3821857 0.0265111 0.0172558
24 0.1703917 0.4443064 0.0265111 0.0172558
21 0.4403226 0.4443064 0.0265111 0.0172558
10 0.3728399 0.5064271 0.0265111 0.0172557
30 0.5078054 0.2579443 0.0265110 0.0172558
30 0.3728399 0.3194897 0.0265111 0.0161054
10 0.3053572 0.3194897 0.0265111 0.0161054
2 0.1703917 0.3821857 0.0265111 0.0172558
