22 0.1329596 0.3402781 0.0255307 0.0152092
18 0.4056740 0.3402781 0.0255307 0.0152092
32 0.2466873 0.4043739 0.4386640 0.3628473
33 0.4277233 0.2669482 0.0092839 0.0141228
18 0.0772562 0.3402781 0.0255307 0.0152092
4 0.3499706 0.3402781 0.0255307 0.0152092
9 0.0772562 0.3869920 0.0255307 0.0152091
2 0.3499706 0.3869920 0.0255307 0.0152091
21 0.0772562 0.4347923 0.0255307 0.0152092
24 0.1869222 0.4347923 0.0243702 0.0152092
25 0.2954278 0.4347923 0.0255307 0.0152092
35 0.3499706 0.4347923 0.0464195 0.0434548
20 0.3499706 0.4347923 0.0255307 0.0152092
10 0.4056740 0.4347923 0.0255307 0.0152092
22 0.0772562 0.4825925 0.0255307 0.0152091
28 0.1329596 0.4825925 0.0255307 0.0152091
8 0.1869222 0.4825925 0.0243702 0.0152091
11 0.2414651 0.4825925 0.0243702 0.0152091
5 0.4056740 0.4825925 0.0255307 0.0152091
6 0.0772562 0.5309359 0.0255307 0.0162955
26 0.1869222 0.5309359 0.0243702 0.0162955
17 0.2954278 0.5309359 0.0255307 0.0162955
30 0.3499706 0.5309359 0.0255307 0.0162955
24 0.2954278 0.3869920 0.0255307 0.0152091
2 0.4056740 0.3869920 0.0255307 0.0152091
28 0.2414651 0.3402781 0.0243702 0.0152092
20 0.2414651 0.5309359 0.0243702 0.0162955
7 0.1869222 0.3869920 0.0243702 0.0152091
25 0.1329596 0.4347923 0.0255307 0.0152092
24 0.1329596 0.5309359 0.0255307 0.0162955
12 0.2954278 0.4825925 0.0255307 0.0152091
26 0.3499706 0.4825925 0.0255307 0.0152091
31 0.1869222 0.3402781 0.0243702 0.0152092
21 0.2414651 0.4347923 0.0243702 0.0152092
11 0.2414651 0.3869920 0.0243702 0.0152091
3 0.4056740 0.5309359 0.0255307 0.0162955
20 0.2954278 0.3402781 0.0255307 0.0152092
10 0.1329596 0.3869920 0.0255307 0.0152091
