5 0.7537668 0.5028150 0.0276460 0.0160546
19 0.7537668 0.5606115 0.0276460 0.0160546
32 0.5420239 0.4781980 0.5039105 0.4741448
33 0.6193069 0.2545044 0.0125663 0.0139139
20 0.3315376 0.3872222 0.0276460 0.0160546
17 0.4019091 0.3872222 0.0276460 0.0160546
11 0.5426522 0.3872222 0.0276460 0.0160546
6 0.6130238 0.3872222 0.0276460 0.0160546
16 0.4019091 0.4450186 0.0276460 0.0160546
28 0.3315376 0.5028150 0.0276460 0.0160546
12 0.4019091 0.5028150 0.0276460 0.0160546
8 0.4722807 0.5028150 0.0276460 0.0160546
25 0.6833953 0.5028150 0.0276460 0.0160546
9 0.3315376 0.5606115 0.0276460 0.0160546
18 0.4019091 0.5606115 0.0276460 0.0160546
29 0.4722807 0.5606115 0.0276460 0.0160546
2 0.5426522 0.5606115 0.0276460 0.0160546
15 0.6130238 0.5606115 0.0276460 0.0160546
13 0.6833953 0.5606115 0.0276460 0.0160546
4 0.3315376 0.6184079 0.0276460 0.0160546
34 0.5426522 0.6189431 0.0653450 0.0577964
28 0.5426522 0.6184079 0.0276460 0.0160546
5 0.6130238 0.6184079 0.0276460 0.0160546
15 0.7537668 0.3872222 0.0276460 0.0160546
22 0.4019091 0.6184079 0.0276460 0.0160546
3 0.6833953 0.4450186 0.0276460 0.0160546
25 0.4722807 0.3872222 0.0276460 0.0160546
3 0.6130238 0.4450186 0.0276460 0.0160546
2 0.3315376 0.4450186 0.0276460 0.0160546
7 0.4722807 0.4450186 0.0276460 0.0160546
28 0.7537668 0.4450186 0.0276460 0.0160546
6 0.6833953 0.6184079 0.0276460 0.0160546
7 0.7537668 0.6184079 0.0276460 0.0160546
12 0.4722807 0.6184079 0.0276460 0.0160546
16 0.5426522 0.4450186 0.0276460 0.0160546
8 0.5426522 0.5028150 0.0276460 0.0160546
14 0.6130238 0.5028150 0.0276460 0.0160546
16 0.6833953 0.3872222 0.0276460 0.0160546
