7 0.5122853 0.2960399 0.0232673 0.0174210
9 0.4125682 0.3697888 0.0232673 0.0162596
32 0.5527262 0.2470041 0.3789252 0.4917860
33 0.6834665 0.0405320 0.0132956 0.0197438
6 0.4125682 0.1473807 0.0232673 0.0174210
10 0.4624268 0.1473807 0.0232673 0.0174210
29 0.5621439 0.1473807 0.0232673 0.0174210
30 0.6120025 0.1473807 0.0232673 0.0174210
23 0.6618610 0.1473807 0.0232673 0.0174210
7 0.7117197 0.1473807 0.0232673 0.0174210
3 0.5122853 0.2217103 0.0232673 0.0174210
2 0.6120025 0.2217103 0.0232673 0.0174210
27 0.7117197 0.2217103 0.0232673 0.0174210
21 0.4125682 0.2960399 0.0232673 0.0174210
31 0.6120025 0.2960399 0.0232673 0.0174210
4 0.6618610 0.2960399 0.0232673 0.0174210
9 0.4624268 0.3697888 0.0232673 0.0162596
17 0.5122853 0.3697888 0.0232673 0.0162596
22 0.5621439 0.3697888 0.0232673 0.0162596
16 0.4125682 0.4441183 0.0232673 0.0162596
34 0.5621439 0.4441183 0.0432108 0.0464560
29 0.5621439 0.4441183 0.0232673 0.0162596
14 0.7117197 0.4441183 0.0232673 0.0162596
5 0.4125682 0.2217103 0.0232673 0.0174210
7 0.6618610 0.3697888 0.0232673 0.0162596
15 0.6618610 0.2217103 0.0232673 0.0174210
7 0.7117197 0.2960399 0.0232673 0.0174210
1 0.6618610 0.4441183 0.0232673 0.0162596
28 0.6120025 0.4441183 0.0232673 0.0162596
23 0.4624268 0.2960399 0.0232673 0.0174210
23 0.6120025 0.3697888 0.0232673 0.0162596
26 0.5122853 0.1473807 0.0232673 0.0174210
15 0.5122853 0.4441183 0.0232673 0.0162596
28 0.5621439 0.2217103 0.0232673 0.0174210
6 0.5621439 0.2960399 0.0232673 0.0174210
11 0.4624268 0.4441183 0.0232673 0.0162596
28 0.4624268 0.2217103 0.0232673 0.0174210
10 0.7117197 0.3697888 0.0232673 0.0162596
