15 0.4808329 0.2584981 0.0249860 0.0152313
2 0.2684519 0.1627585 0.0249860 0.0152313
32 0.3797531 0.1814823 0.4293049 0.3607423
33 0.5569266 0.0425400 0.0090858 0.0141434
19 0.2684519 0.1159766 0.0249860 0.0152313
6 0.3212632 0.1159766 0.0238503 0.0152313
28 0.3746424 0.1159766 0.0238503 0.0152313
35 0.4274537 0.1159766 0.0454291 0.0435180
7 0.4274537 0.1159766 0.0249860 0.0152313
12 0.4808329 0.1159766 0.0249860 0.0152313
9 0.5353478 0.1159766 0.0249860 0.0152313
14 0.2139370 0.1627585 0.0249860 0.0152313
7 0.3746424 0.1627585 0.0238503 0.0152313
18 0.4808329 0.1627585 0.0249860 0.0152313
3 0.2139370 0.2106283 0.0249860 0.0152313
22 0.3212632 0.2106283 0.0238503 0.0152313
21 0.3746424 0.2106283 0.0238503 0.0152313
30 0.4274537 0.2106283 0.0249860 0.0152313
1 0.3212632 0.2584981 0.0238503 0.0152313
8 0.3746424 0.2584981 0.0238503 0.0152313
2 0.4274537 0.2584981 0.0249860 0.0152313
4 0.3746424 0.3069119 0.0238503 0.0163192
10 0.4274537 0.3069119 0.0249860 0.0163192
24 0.2684519 0.3069119 0.0249860 0.0163192
7 0.3212632 0.1627585 0.0238503 0.0152313
19 0.2684519 0.2584981 0.0249860 0.0152313
26 0.3212632 0.3069119 0.0238503 0.0163192
8 0.5353478 0.1627585 0.0249860 0.0152313
5 0.4808329 0.2106283 0.0249860 0.0152313
6 0.5353478 0.3069119 0.0249860 0.0163192
3 0.2139370 0.1159766 0.0249860 0.0152313
6 0.4808329 0.3069119 0.0249860 0.0163192
6 0.2139370 0.3069119 0.0249860 0.0163192
23 0.2684519 0.2106283 0.0249860 0.0152313
12 0.2139370 0.2584981 0.0249860 0.0152313
15 0.5353478 0.2584981 0.0249860 0.0152313
28 0.4274537 0.1627585 0.0249860 0.0152313
25 0.5353478 0.2106283 0.0249860 0.0152313
