10 0.6279389 0.3401317 0.0236686 0.0168307
17 0.4250647 0.2683207 0.0236686 0.0168307
32 0.5676402 0.2845904 0.3854610 0.4914566
33 0.7006354 0.0932813 0.0135249 0.0190748
9 0.4757832 0.1965096 0.0236687 0.0168307
13 0.5265018 0.1965096 0.0236687 0.0168307
2 0.6279389 0.1965096 0.0236686 0.0168307
22 0.6786574 0.1965096 0.0236687 0.0168307
1 0.5265018 0.2683207 0.0236687 0.0168307
23 0.5772203 0.2683207 0.0236686 0.0168307
26 0.6279389 0.2683207 0.0236686 0.0168307
10 0.4757832 0.3401317 0.0236687 0.0168307
14 0.5265018 0.3401317 0.0236687 0.0168307
18 0.5772203 0.3401317 0.0236686 0.0168307
7 0.7293759 0.3401317 0.0236686 0.0168307
15 0.5265018 0.4113817 0.0236687 0.0157086
30 0.6279389 0.4113817 0.0236686 0.0157086
19 0.6786574 0.4113817 0.0236687 0.0157086
34 0.7293759 0.4119427 0.0439561 0.0437598
27 0.7293759 0.4113817 0.0236686 0.0157086
24 0.5265018 0.4831927 0.0236687 0.0157087
8 0.5772203 0.4831927 0.0236686 0.0157087
12 0.6786574 0.4831927 0.0236687 0.0157087
25 0.4250647 0.1965096 0.0236686 0.0168307
5 0.6786574 0.2683207 0.0236687 0.0168307
20 0.4757832 0.4113817 0.0236687 0.0157086
5 0.7293759 0.4831927 0.0236686 0.0157087
11 0.4250647 0.4831927 0.0236686 0.0157087
6 0.6279389 0.4831927 0.0236686 0.0157087
5 0.5772203 0.1965096 0.0236686 0.0168307
7 0.4250647 0.4113817 0.0236686 0.0157086
7 0.7293759 0.2683207 0.0236686 0.0168307
10 0.5772203 0.4113817 0.0236686 0.0157086
21 0.4757832 0.2683207 0.0236687 0.0168307
11 0.4757832 0.4831927 0.0236687 0.0157087
9 0.7293759 0.1965096 0.0236686 0.0168307
14 0.6786574 0.3401317 0.0236687 0.0168307
20 0.4250647 0.3401317 0.0236686 0.0168307
