28 0.1731228 0.3910214 0.0235519 0.0159142
18 0.2740596 0.3910214 0.0235519 0.0159142
32 0.3149951 0.4064051 0.3835599 0.4646944
33 0.4473345 0.2255137 0.0134582 0.0180361
22 0.1731228 0.3231208 0.0235519 0.0159142
17 0.2235912 0.3231208 0.0235519 0.0159142
15 0.3749964 0.3231208 0.0235519 0.0159142
21 0.2235912 0.3910214 0.0235519 0.0159142
30 0.4254649 0.3910214 0.0235519 0.0159142
19 0.4759333 0.3910214 0.0235519 0.0159142
29 0.4759333 0.4589219 0.0235519 0.0159142
16 0.1731228 0.5262920 0.0235519 0.0148532
14 0.2740596 0.5262920 0.0235519 0.0148532
26 0.3245280 0.5262920 0.0235519 0.0148532
2 0.4254649 0.5262920 0.0235519 0.0148532
34 0.4759333 0.5268225 0.0437393 0.0413769
8 0.4759333 0.5262920 0.0235519 0.0148532
18 0.1731228 0.5941925 0.0235519 0.0148532
8 0.2235912 0.5941925 0.0235519 0.0148532
20 0.2740596 0.5941925 0.0235519 0.0148532
27 0.3245280 0.5941925 0.0235519 0.0148532
12 0.3749964 0.5941925 0.0235519 0.0148532
31 0.4254649 0.5941925 0.0235519 0.0148532
1 0.1731228 0.4589219 0.0235519 0.0159142
22 0.3245280 0.3910214 0.0235519 0.0159142
13 0.2235912 0.5262920 0.0235519 0.0148532
26 0.3749964 0.5262920 0.0235519 0.0148532
12 0.3749964 0.4589219 0.0235519 0.0159142
7 0.2740596 0.4589219 0.0235519 0.0159142
8 0.4254649 0.3231208 0.0235519 0.0159142
6 0.2235912 0.4589219 0.0235519 0.0159142
4 0.4759333 0.3231208 0.0235519 0.0159142
7 0.4254649 0.4589219 0.0235519 0.0159142
17 0.4759333 0.5941925 0.0235519 0.0148532
25 0.3245280 0.4589219 0.0235519 0.0159142
28 0.2740596 0.3231208 0.0235519 0.0159142
26 0.3245280 0.3231208 0.0235519 0.0159142
25 0.3749964 0.3910214 0.0235519 0.0159142
