1 0.3209750 0.4328744 0.0242678 0.0159415
11 0.4769828 0.5683769 0.0242679 0.0148787
32 0.4671600 0.4482845 0.3952196 0.4654911
33 0.6035224 0.2670830 0.0138674 0.0180670
15 0.3209750 0.3648574 0.0242678 0.0159415
18 0.3729776 0.3648574 0.0242679 0.0159415
25 0.4769828 0.3648574 0.0242679 0.0159415
19 0.5289853 0.3648574 0.0242679 0.0159415
4 0.6329905 0.3648574 0.0242679 0.0159415
21 0.3729776 0.4328744 0.0242679 0.0159415
28 0.4769828 0.4328744 0.0242679 0.0159415
13 0.3729776 0.5008914 0.0242679 0.0159415
31 0.4249802 0.5008914 0.0242679 0.0159415
1 0.4769828 0.5008914 0.0242679 0.0159415
9 0.5289853 0.5008914 0.0242679 0.0159415
29 0.3209750 0.5683769 0.0242678 0.0148787
5 0.4249802 0.5683769 0.0242679 0.0148787
17 0.5289853 0.5683769 0.0242679 0.0148787
14 0.5809880 0.5683769 0.0242679 0.0148787
34 0.3209750 0.6363939 0.0450689 0.0425106
31 0.3209750 0.6363939 0.0242678 0.0148787
20 0.3729776 0.6363939 0.0242679 0.0148787
8 0.4769828 0.6363939 0.0242679 0.0148787
7 0.5809880 0.5008914 0.0242679 0.0159415
25 0.5809880 0.3648574 0.0242679 0.0159415
14 0.6329905 0.5008914 0.0242679 0.0159415
15 0.3209750 0.5008914 0.0242678 0.0159415
9 0.6329905 0.6363939 0.0242679 0.0148787
30 0.4249802 0.4328744 0.0242679 0.0159415
2 0.4249802 0.6363939 0.0242679 0.0148787
10 0.3729776 0.5683769 0.0242679 0.0148787
8 0.5289853 0.4328744 0.0242679 0.0159415
1 0.6329905 0.5683769 0.0242679 0.0148787
8 0.5289853 0.6363939 0.0242679 0.0148787
4 0.5809880 0.6363939 0.0242679 0.0148787
29 0.4249802 0.3648574 0.0242679 0.0159415
15 0.5809880 0.4328744 0.0242679 0.0159415
20 0.6329905 0.4328744 0.0242679 0.0159415
