1 0.8495704 0.4838928 0.0237666 0.0172673
15 0.8495704 0.2444533 0.0237666 0.0172673
32 0.8220796 0.2899238 0.3558408 0.4397398
10 0.7324352 0.1845935 0.0248983 0.0172673
11 0.9084211 0.1845935 0.0237665 0.0172673
12 0.7324352 0.2444533 0.0248983 0.0172673
3 0.7901540 0.2444533 0.0248984 0.0172673
8 0.9084211 0.2444533 0.0237665 0.0172673
28 0.9678376 0.2444533 0.0248983 0.0172673
19 0.7901540 0.3048888 0.0248984 0.0161161
13 0.8495704 0.3048888 0.0237666 0.0161161
7 0.9084211 0.3048888 0.0237665 0.0161161
30 0.9678376 0.3048888 0.0248983 0.0161161
15 0.6735845 0.3647486 0.0248983 0.0161161
1 0.7324352 0.3647486 0.0248983 0.0161161
6 0.9678376 0.3647486 0.0248983 0.0161161
29 0.7901540 0.4234574 0.0248984 0.0161161
34 0.8490047 0.4234574 0.0497967 0.0506506
29 0.8495704 0.4234574 0.0237666 0.0161161
24 0.9084211 0.4234574 0.0237665 0.0161161
14 0.9678376 0.4234574 0.0248983 0.0161161
26 0.7324352 0.4838928 0.0248983 0.0172673
5 0.7901540 0.4838928 0.0248984 0.0172673
9 0.9084211 0.4838928 0.0237665 0.0172673
27 0.9084211 0.3647486 0.0237665 0.0161161
8 0.9678376 0.4838928 0.0248983 0.0172673
29 0.6735845 0.4838928 0.0248983 0.0172673
7 0.7901540 0.1845935 0.0248984 0.0172673
6 0.6735845 0.2444533 0.0248983 0.0172673
9 0.7324352 0.4234574 0.0248983 0.0161161
6 0.7324352 0.3048888 0.0248983 0.0161161
4 0.7901540 0.3647486 0.0248984 0.0161161
23 0.6735845 0.4234574 0.0248983 0.0161161
8 0.8495704 0.1845935 0.0237666 0.0172673
13 0.8495704 0.3647486 0.0237666 0.0161161
6 0.9678376 0.1845935 0.0248983 0.0172673
11 0.6735845 0.1845935 0.0248983 0.0172673
17 0.6735845 0.3048888 0.0248983 0.0161161
