3 0.3961806 0.2965502 0.0273099 0.0173679
22 0.2571485 0.4841233 0.0273099 0.0173679
32 0.4656968 0.3885999 0.5015090 0.5140894
33 0.5420403 0.1437128 0.0111723 0.0150522
11 0.2571485 0.2340258 0.0273099 0.0173679
17 0.3266646 0.2340258 0.0273099 0.0173679
8 0.3961806 0.2340258 0.0273099 0.0173679
26 0.6742450 0.2340258 0.0273100 0.0173679
23 0.2571485 0.2965502 0.0273099 0.0173679
1 0.6047289 0.2965502 0.0273099 0.0173679
13 0.6742450 0.2965502 0.0273100 0.0173679
9 0.2571485 0.3590745 0.0273099 0.0173679
30 0.3266646 0.3590745 0.0273099 0.0173679
12 0.3961806 0.3590745 0.0273099 0.0173679
10 0.6047289 0.3590745 0.0273099 0.0173679
21 0.2571485 0.4215989 0.0273099 0.0173679
2 0.3266646 0.4215989 0.0273099 0.0173679
34 0.4656968 0.4221778 0.0645507 0.0625243
30 0.4656968 0.4215989 0.0273099 0.0173679
7 0.5352129 0.4215989 0.0273099 0.0173679
4 0.6742450 0.4215989 0.0273100 0.0173679
6 0.3266646 0.4841233 0.0273099 0.0173679
31 0.6742450 0.4841233 0.0273100 0.0173679
5 0.6047289 0.4841233 0.0273099 0.0173679
28 0.5352129 0.2965502 0.0273099 0.0173679
30 0.4656968 0.2965502 0.0273099 0.0173679
11 0.4656968 0.4841233 0.0273099 0.0173679
11 0.3961806 0.4215989 0.0273099 0.0173679
12 0.3266646 0.2965502 0.0273099 0.0173679
17 0.6047289 0.2340258 0.0273099 0.0173679
31 0.5352129 0.4841233 0.0273099 0.0173679
24 0.6047289 0.4215989 0.0273099 0.0173679
1 0.4656968 0.2340258 0.0273099 0.0173679
2 0.6742450 0.3590745 0.0273100 0.0173679
1 0.5352129 0.2340258 0.0273099 0.0173679
20 0.3961806 0.4841233 0.0273099 0.0173679
21 0.5352129 0.3590745 0.0273099 0.0173679
16 0.4656968 0.3590745 0.0273099 0.0173679
