15 0.1343154 0.4989679 0.0273945 0.0172897
25 0.2040468 0.6234538 0.0273945 0.0172897
32 0.2731555 0.5127997 0.4993263 0.5014011
33 0.3503581 0.2747783 0.0112068 0.0138318
24 0.0645841 0.3744822 0.0273945 0.0172897
4 0.1343154 0.3744822 0.0273945 0.0172897
34 0.2737781 0.3750585 0.0647505 0.0622429
26 0.2737781 0.3744822 0.0273945 0.0172897
18 0.3435095 0.3744822 0.0273945 0.0172897
28 0.4132408 0.3744822 0.0273944 0.0172897
26 0.0645841 0.4367251 0.0273945 0.0172897
23 0.2040468 0.4367251 0.0273945 0.0172897
3 0.2737781 0.4367251 0.0273945 0.0172897
15 0.3435095 0.4367251 0.0273945 0.0172897
21 0.4132408 0.4367251 0.0273944 0.0172897
25 0.4829722 0.4367251 0.0273944 0.0172897
27 0.0645841 0.4989679 0.0273945 0.0172897
13 0.3435095 0.4989679 0.0273945 0.0172897
22 0.0645841 0.5612108 0.0273945 0.0172897
11 0.3435095 0.5612108 0.0273945 0.0172897
12 0.0645841 0.6234538 0.0273945 0.0172897
30 0.1343154 0.6234538 0.0273945 0.0172897
29 0.3435095 0.6234538 0.0273945 0.0172897
31 0.4829722 0.3744822 0.0273944 0.0172897
4 0.4829722 0.6234538 0.0273944 0.0172897
27 0.2737781 0.5612108 0.0273945 0.0172897
19 0.2040468 0.3744822 0.0273945 0.0172897
14 0.2040468 0.5612108 0.0273945 0.0172897
19 0.4829722 0.4989679 0.0273944 0.0172897
4 0.4132408 0.4989679 0.0273944 0.0172897
20 0.1343154 0.5612108 0.0273945 0.0172897
1 0.1343154 0.4367251 0.0273945 0.0172897
29 0.2040468 0.4989679 0.0273945 0.0172897
5 0.4829722 0.5612108 0.0273944 0.0172897
20 0.4132408 0.6234538 0.0273944 0.0172897
24 0.2737781 0.6234538 0.0273945 0.0172897
15 0.4132408 0.5612108 0.0273944 0.0172897
21 0.2737781 0.4989679 0.0273945 0.0172897
