22 0.6110482 0.3933307 0.0250007 0.0154502
12 0.5576377 0.3933307 0.0250007 0.0154502
32 0.5070682 0.3342887 0.4238749 0.4138450
33 0.6871866 0.1731651 0.0090911 0.0121395
29 0.3439957 0.2487608 0.0250007 0.0154502
25 0.3985425 0.2487608 0.0250007 0.0154502
18 0.4513849 0.2487608 0.0238643 0.0154502
21 0.5047954 0.2487608 0.0238643 0.0154502
5 0.3439957 0.2962150 0.0250007 0.0154502
3 0.3985425 0.2962150 0.0250007 0.0154502
1 0.4513849 0.2962150 0.0238643 0.0154502
15 0.5047954 0.2962150 0.0238643 0.0154502
20 0.6655951 0.2962150 0.0250007 0.0154502
12 0.3985425 0.3447728 0.0250007 0.0154502
35 0.5576377 0.3447728 0.0454557 0.0441435
18 0.5576377 0.3447728 0.0250007 0.0154502
13 0.6655951 0.3447728 0.0250007 0.0154502
8 0.3985425 0.3933307 0.0250007 0.0154502
6 0.5047954 0.3933307 0.0238643 0.0154502
10 0.3439957 0.4424403 0.0250007 0.0165538
14 0.3985425 0.4424403 0.0250007 0.0165538
16 0.4513849 0.4424403 0.0238643 0.0165538
4 0.5047954 0.4424403 0.0238643 0.0165538
28 0.6110482 0.4424403 0.0250007 0.0165538
24 0.3439957 0.4909981 0.0250007 0.0165538
23 0.3985425 0.4909981 0.0250007 0.0165538
19 0.4513849 0.4909981 0.0238643 0.0165538
17 0.5047954 0.4909981 0.0238643 0.0165538
22 0.6110482 0.4909981 0.0250007 0.0165538
27 0.6655951 0.4909981 0.0250007 0.0165538
21 0.6655951 0.4424403 0.0250007 0.0165538
7 0.5576377 0.4424403 0.0250007 0.0165538
25 0.4513849 0.3447728 0.0238643 0.0154502
20 0.5576377 0.2962150 0.0250007 0.0154502
7 0.5047954 0.3447728 0.0238643 0.0154502
11 0.3439957 0.3933307 0.0250007 0.0154502
5 0.4513849 0.3933307 0.0238643 0.0154502
26 0.5576377 0.2487608 0.0250007 0.0154502
22 0.6655951 0.3933307 0.0250007 0.0154502
7 0.5576377 0.4909981 0.0250007 0.0165538
4 0.6110482 0.2962150 0.0250007 0.0154502
10 0.3439957 0.3447728 0.0250007 0.0154502
21 0.6110482 0.3447728 0.0250007 0.0154502
23 0.6655951 0.2487608 0.0250007 0.0154502
2 0.6110482 0.2487608 0.0250007 0.0154502
