13 0.3075151 0.7191140 0.0267711 0.0151475
8 0.5119493 0.5443770 0.0267712 0.0162295
32 0.5125578 0.5389672 0.4928327 0.4771455
33 0.5849616 0.3269025 0.0097350 0.0119016
20 0.3075151 0.4275251 0.0267711 0.0162295
6 0.4438046 0.4275251 0.0267712 0.0162295
18 0.6482389 0.4275251 0.0267711 0.0162295
1 0.7163837 0.4275251 0.0267712 0.0162295
13 0.3075151 0.4854101 0.0267711 0.0151475
23 0.3756598 0.4854101 0.0267712 0.0151475
24 0.5119493 0.4854101 0.0267712 0.0151475
29 0.5800941 0.4854101 0.0267712 0.0151475
17 0.3075151 0.5443770 0.0267711 0.0162295
12 0.3756598 0.5443770 0.0267712 0.0162295
26 0.4438046 0.5443770 0.0267712 0.0162295
9 0.5800941 0.5443770 0.0267712 0.0162295
15 0.6482389 0.5443770 0.0267711 0.0162295
7 0.7163837 0.5443770 0.0267712 0.0162295
5 0.3756598 0.6028030 0.0267712 0.0162294
30 0.5119493 0.6028030 0.0267712 0.0162294
2 0.5800941 0.6028030 0.0267712 0.0162294
8 0.7163837 0.6028030 0.0267712 0.0162294
34 0.3075151 0.6606880 0.0632773 0.0584260
4 0.3075151 0.6612290 0.0267711 0.0162295
4 0.3756598 0.6612290 0.0267712 0.0162295
10 0.4438046 0.6612290 0.0267712 0.0162295
25 0.7163837 0.6612290 0.0267712 0.0162295
11 0.3756598 0.7191140 0.0267712 0.0151475
27 0.5800941 0.7191140 0.0267712 0.0151475
11 0.4438046 0.4854101 0.0267712 0.0151475
20 0.4438046 0.6028030 0.0267712 0.0162294
5 0.3756598 0.4275251 0.0267712 0.0162295
24 0.6482389 0.6028030 0.0267711 0.0162294
21 0.5800941 0.4275251 0.0267712 0.0162295
19 0.6482389 0.7191140 0.0267711 0.0151475
11 0.5119493 0.7191140 0.0267712 0.0151475
22 0.6482389 0.6612290 0.0267711 0.0162295
30 0.4438046 0.7191140 0.0267712 0.0151475
31 0.5119493 0.4275251 0.0267712 0.0162295
18 0.6482389 0.4854101 0.0267711 0.0151475
21 0.5800941 0.6612290 0.0267712 0.0162295
28 0.5119493 0.6612290 0.0267712 0.0162295
9 0.3075151 0.6028030 0.0267711 0.0162294
6 0.7163837 0.4854101 0.0267712 0.0151475
22 0.7163837 0.7191140 0.0267712 0.0151475
