14 0.5586166 0.5124841 0.0263718 0.0169845
6 0.3572322 0.2679069 0.0263718 0.0169845
32 0.4237610 0.4037832 0.4806855 0.4925513
33 0.4980814 0.1699628 0.0107885 0.0135876
14 0.2901040 0.2679069 0.0263718 0.0169845
1 0.5586166 0.2679069 0.0263718 0.0169845
28 0.6257448 0.2679069 0.0263718 0.0169845
20 0.2901040 0.3290512 0.0263718 0.0169845
19 0.4914885 0.3290512 0.0263718 0.0169845
31 0.2901040 0.3901955 0.0263718 0.0169846
11 0.3572322 0.3901955 0.0263718 0.0169846
17 0.4914885 0.3901955 0.0263718 0.0169846
4 0.5586166 0.3901955 0.0263718 0.0169846
34 0.6257447 0.3907617 0.0623333 0.0611443
25 0.6257448 0.3901955 0.0263718 0.0169846
24 0.2229759 0.4513398 0.0263718 0.0169845
7 0.2901040 0.4513398 0.0263718 0.0169845
6 0.4243604 0.4513398 0.0263718 0.0169845
3 0.6257448 0.4513398 0.0263718 0.0169845
21 0.4243604 0.5124841 0.0263718 0.0169845
16 0.4914885 0.5124841 0.0263718 0.0169845
27 0.6257448 0.5124841 0.0263718 0.0169845
5 0.4914885 0.4513398 0.0263718 0.0169845
7 0.4243604 0.2679069 0.0263718 0.0169845
19 0.5586166 0.4513398 0.0263718 0.0169845
30 0.2901040 0.5124841 0.0263718 0.0169845
24 0.2229759 0.3290512 0.0263718 0.0169845
27 0.3572322 0.3290512 0.0263718 0.0169845
25 0.4914885 0.2679069 0.0263718 0.0169845
4 0.4243604 0.3901955 0.0263718 0.0169846
14 0.5586166 0.3290512 0.0263718 0.0169845
5 0.6257448 0.3290512 0.0263718 0.0169845
16 0.4243604 0.3290512 0.0263718 0.0169845
30 0.2229759 0.3901955 0.0263718 0.0169846
29 0.2229759 0.5124841 0.0263718 0.0169845
17 0.2229759 0.2679069 0.0263718 0.0169845
23 0.3572322 0.4513398 0.0263718 0.0169845
23 0.3572322 0.5124841 0.0263718 0.0169845
