31 0.6342978 0.5547477 0.0288455 0.0171974
14 0.4140234 0.5547477 0.0288454 0.0171974
32 0.4133679 0.5685057 0.5257740 0.4987249
33 0.4946596 0.3317546 0.0118004 0.0137579
27 0.3405986 0.4309263 0.0288454 0.0171974
30 0.4140234 0.4309263 0.0288454 0.0171974
21 0.4874482 0.4309263 0.0288455 0.0171974
4 0.5608730 0.4309263 0.0288454 0.0171974
17 0.1937490 0.4928370 0.0288455 0.0171974
15 0.2671738 0.4928370 0.0288455 0.0171974
34 0.4140234 0.4934103 0.0681802 0.0619107
9 0.4140234 0.4928370 0.0288454 0.0171974
8 0.5608730 0.4928370 0.0288454 0.0171974
28 0.6342978 0.4928370 0.0288455 0.0171974
19 0.1937490 0.5547477 0.0288455 0.0171974
6 0.4874482 0.5547477 0.0288455 0.0171974
7 0.5608730 0.5547477 0.0288454 0.0171974
10 0.3405986 0.6166584 0.0288454 0.0171974
24 0.4140234 0.6166584 0.0288454 0.0171974
23 0.5608730 0.6166584 0.0288454 0.0171974
5 0.1937490 0.6785691 0.0288455 0.0171974
9 0.3405986 0.6785691 0.0288454 0.0171974
2 0.4874482 0.6785691 0.0288455 0.0171974
31 0.5608730 0.6785691 0.0288454 0.0171974
3 0.6342978 0.6785691 0.0288455 0.0171974
13 0.2671738 0.7404797 0.0288455 0.0171974
16 0.4140234 0.7404797 0.0288454 0.0171974
1 0.5608730 0.7404797 0.0288454 0.0171974
25 0.6342978 0.7404797 0.0288455 0.0171974
16 0.2671738 0.6166584 0.0288455 0.0171974
2 0.6342978 0.4309263 0.0288455 0.0171974
4 0.4874482 0.6166584 0.0288455 0.0171974
7 0.1937490 0.4309263 0.0288455 0.0171974
3 0.2671738 0.6785691 0.0288455 0.0171974
19 0.4874482 0.7404797 0.0288455 0.0171974
15 0.2671738 0.4309263 0.0288455 0.0171974
3 0.3405986 0.7404797 0.0288454 0.0171974
31 0.4140234 0.6785691 0.0288454 0.0171974
5 0.3405986 0.5547477 0.0288454 0.0171974
27 0.4874482 0.4928370 0.0288455 0.0171974
2 0.2671738 0.5547477 0.0288455 0.0171974
25 0.3405986 0.4928370 0.0288454 0.0171974
25 0.1937490 0.7404797 0.0288455 0.0171974
5 0.6342978 0.6166584 0.0288455 0.0171974
25 0.1937490 0.6166584 0.0288455 0.0171974
