21 0.7655734 0.5575442 0.0287000 0.0170914
23 0.7655734 0.4960151 0.0287000 0.0170914
32 0.6188123 0.4082792 0.5231219 0.5047661
33 0.6990417 0.1701391 0.0130454 0.0148126
15 0.4003012 0.3114280 0.0287000 0.0170914
2 0.5464101 0.3114280 0.0287000 0.0170914
23 0.6194646 0.3114280 0.0287000 0.0170914
17 0.6925190 0.3114280 0.0287000 0.0170914
14 0.8386279 0.3114280 0.0287000 0.0170914
22 0.4733556 0.3729570 0.0287000 0.0170914
26 0.6925190 0.3729570 0.0287000 0.0170914
25 0.4733556 0.4344861 0.0287000 0.0170914
3 0.6925190 0.4344861 0.0287000 0.0170914
29 0.8386279 0.4344861 0.0287000 0.0170914
10 0.4003012 0.4960151 0.0287000 0.0170914
31 0.4733556 0.4960151 0.0287000 0.0170914
16 0.5464101 0.4960151 0.0287000 0.0170914
19 0.6194646 0.4960151 0.0287000 0.0170914
21 0.6925190 0.4960151 0.0287000 0.0170914
24 0.4003012 0.5575442 0.0287000 0.0170914
30 0.5464101 0.5575442 0.0287000 0.0170914
34 0.6194646 0.5581139 0.0678363 0.0615291
10 0.6194646 0.5575442 0.0287000 0.0170914
27 0.6925190 0.5575442 0.0287000 0.0170914
13 0.5464101 0.6190732 0.0287000 0.0170914
28 0.6194646 0.6190732 0.0287000 0.0170914
20 0.6925190 0.6190732 0.0287000 0.0170914
7 0.7655734 0.6190732 0.0287000 0.0170914
5 0.8386279 0.6190732 0.0287000 0.0170914
16 0.8386279 0.3729570 0.0287000 0.0170914
12 0.4733556 0.5575442 0.0287000 0.0170914
18 0.4733556 0.6190732 0.0287000 0.0170914
7 0.7655734 0.4344861 0.0287000 0.0170914
19 0.6194646 0.4344861 0.0287000 0.0170914
15 0.4003012 0.6190732 0.0287000 0.0170914
7 0.5464101 0.3729570 0.0287000 0.0170914
30 0.5464101 0.4344861 0.0287000 0.0170914
15 0.7655734 0.3729570 0.0287000 0.0170914
1 0.7655734 0.3114280 0.0287000 0.0170914
12 0.4003012 0.3729570 0.0287000 0.0170914
23 0.4733556 0.3114280 0.0287000 0.0170914
10 0.6194646 0.3729570 0.0287000 0.0170914
12 0.4003012 0.4344861 0.0287000 0.0170914
7 0.8386279 0.4960151 0.0287000 0.0170914
16 0.8386279 0.5575442 0.0287000 0.0170914
