19 0.6362770 0.5558608 0.0266432 0.0165670
1 0.5006391 0.6155021 0.0266431 0.0165671
32 0.5012446 0.5503385 0.4904765 0.4870705
33 0.5733022 0.3338627 0.0096885 0.0121491
9 0.4328201 0.4365782 0.0266431 0.0165670
30 0.5006391 0.4365782 0.0266431 0.0165670
27 0.6362770 0.4365782 0.0266432 0.0165670
4 0.7040960 0.4365782 0.0266432 0.0165670
13 0.2971822 0.4956673 0.0266432 0.0154625
29 0.3650011 0.4956673 0.0266432 0.0154625
23 0.5006391 0.4956673 0.0266431 0.0154625
10 0.5684580 0.4956673 0.0266432 0.0154625
15 0.7040960 0.4956673 0.0266432 0.0154625
1 0.3650011 0.5558608 0.0266432 0.0165670
31 0.5006391 0.5558608 0.0266431 0.0165670
8 0.5684580 0.5558608 0.0266432 0.0165670
14 0.4328201 0.6155021 0.0266431 0.0165671
22 0.5684580 0.6155021 0.0266432 0.0165671
18 0.7040960 0.6155021 0.0266432 0.0165671
6 0.2971822 0.6751434 0.0266432 0.0165670
21 0.3650011 0.6751434 0.0266432 0.0165670
34 0.5006391 0.6745911 0.0629748 0.0596412
5 0.5006391 0.6751434 0.0266431 0.0165670
26 0.5684580 0.6751434 0.0266432 0.0165670
24 0.6362770 0.6751434 0.0266432 0.0165670
11 0.2971822 0.7342324 0.0266432 0.0154625
17 0.4328201 0.7342324 0.0266431 0.0154625
7 0.6362770 0.7342324 0.0266432 0.0154625
16 0.7040960 0.7342324 0.0266432 0.0154625
8 0.2971822 0.6155021 0.0266432 0.0165671
14 0.6362770 0.4956673 0.0266432 0.0154625
26 0.5006391 0.7342324 0.0266431 0.0154625
11 0.5684580 0.4365782 0.0266432 0.0165670
20 0.4328201 0.6751434 0.0266431 0.0165670
8 0.3650011 0.6155021 0.0266432 0.0165671
2 0.4328201 0.5558608 0.0266431 0.0165670
12 0.7040960 0.5558608 0.0266432 0.0165670
8 0.3650011 0.7342324 0.0266432 0.0154625
15 0.2971822 0.5558608 0.0266432 0.0165670
10 0.4328201 0.4956673 0.0266431 0.0154625
12 0.6362770 0.6155021 0.0266432 0.0165671
8 0.5684580 0.7342324 0.0266432 0.0154625
10 0.2971822 0.4365782 0.0266432 0.0165670
14 0.3650011 0.4365782 0.0266432 0.0165670
2 0.7040960 0.6751434 0.0266432 0.0165670
