23 0.4538947 0.4120039 0.0225312 0.0147815
30 0.4056136 0.4120039 0.0225312 0.0147815
32 0.4930560 0.2287297 0.3669361 0.4552372
33 0.6196597 0.0451059 0.0128750 0.0179490
31 0.4538947 0.1422415 0.0225312 0.0158373
23 0.5987379 0.1422415 0.0225311 0.0158373
7 0.4538947 0.2098140 0.0225312 0.0158373
30 0.5504568 0.2098140 0.0225312 0.0158373
3 0.6470189 0.2098140 0.0225312 0.0158373
15 0.4056136 0.2773866 0.0225312 0.0158373
1 0.4538947 0.2773866 0.0225312 0.0158373
34 0.5021757 0.2773866 0.0418436 0.0411770
9 0.5021758 0.2773866 0.0225312 0.0158373
5 0.5504568 0.2773866 0.0225312 0.0158373
11 0.5987379 0.2773866 0.0225311 0.0158373
9 0.4056136 0.3444313 0.0225312 0.0147815
20 0.4538947 0.3444313 0.0225312 0.0147815
28 0.6470189 0.3444313 0.0225312 0.0147815
29 0.3573326 0.4120039 0.0225312 0.0147815
4 0.5504568 0.4120039 0.0225312 0.0147815
12 0.5987379 0.4120039 0.0225311 0.0147815
14 0.6470189 0.4120039 0.0225312 0.0147815
2 0.4056136 0.1422415 0.0225312 0.0158373
27 0.5504568 0.3444313 0.0225312 0.0147815
29 0.3573326 0.3444313 0.0225312 0.0147815
15 0.5021758 0.3444313 0.0225312 0.0147815
5 0.6470189 0.1422415 0.0225312 0.0158373
4 0.3573326 0.2773866 0.0225312 0.0158373
9 0.3573326 0.2098140 0.0225312 0.0158373
28 0.6470189 0.2773866 0.0225312 0.0158373
19 0.4056136 0.2098140 0.0225312 0.0158373
23 0.5987379 0.3444313 0.0225311 0.0147815
22 0.3573326 0.1422415 0.0225312 0.0158373
17 0.5987379 0.2098140 0.0225311 0.0158373
30 0.5021758 0.4120039 0.0225312 0.0147815
25 0.5021758 0.2098140 0.0225312 0.0158373
19 0.5021758 0.1422415 0.0225312 0.0158373
24 0.5504568 0.1422415 0.0225312 0.0158373
