25 0.0553307 0.2924801 0.0273087 0.0170302
12 0.2638699 0.4764066 0.0273087 0.0170302
32 0.2632493 0.3889848 0.4977632 0.5029596
33 0.3395895 0.1516968 0.0124130 0.0147595
4 0.1248438 0.2924801 0.0273087 0.0170302
1 0.2638699 0.2924801 0.0273087 0.0170302
30 0.3333829 0.2924801 0.0273087 0.0170302
18 0.0553307 0.3537890 0.0273087 0.0170302
9 0.2638699 0.3537890 0.0273087 0.0170302
26 0.3333829 0.3537890 0.0273087 0.0170302
29 0.4028960 0.3537890 0.0273087 0.0170302
34 0.0553307 0.4156655 0.0645478 0.0613088
24 0.0553307 0.4150978 0.0273087 0.0170302
6 0.1248438 0.4150978 0.0273087 0.0170302
21 0.1943568 0.4150978 0.0273087 0.0170302
27 0.3333829 0.4150978 0.0273087 0.0170302
17 0.4028960 0.4150978 0.0273087 0.0170302
2 0.0553307 0.4764066 0.0273087 0.0170302
15 0.4028960 0.4764066 0.0273087 0.0170302
28 0.0553307 0.5377155 0.0273087 0.0170302
13 0.1248438 0.5377155 0.0273087 0.0170302
14 0.3333829 0.5377155 0.0273087 0.0170302
5 0.4028960 0.5377155 0.0273087 0.0170302
12 0.0553307 0.5990243 0.0273087 0.0170302
19 0.1248438 0.5990243 0.0273087 0.0170302
11 0.1943568 0.5990243 0.0273087 0.0170302
22 0.2638699 0.5990243 0.0273087 0.0170302
31 0.4028960 0.5990243 0.0273087 0.0170302
25 0.4724091 0.5990243 0.0273087 0.0170302
14 0.3333829 0.4764066 0.0273087 0.0170302
25 0.4724091 0.4764066 0.0273087 0.0170302
15 0.2638699 0.4150978 0.0273087 0.0170302
20 0.4724091 0.4150978 0.0273087 0.0170302
28 0.4724091 0.3537890 0.0273087 0.0170302
18 0.2638699 0.5377155 0.0273087 0.0170302
10 0.4724091 0.2924801 0.0273087 0.0170302
10 0.4724091 0.5377155 0.0273087 0.0170302
18 0.1248438 0.4764066 0.0273087 0.0170302
3 0.1248438 0.3537890 0.0273087 0.0170302
27 0.1943568 0.5377155 0.0273087 0.0170302
21 0.4028960 0.2924801 0.0273087 0.0170302
13 0.3333829 0.5990243 0.0273087 0.0170302
20 0.1943568 0.3537890 0.0273087 0.0170302
27 0.1943568 0.4764066 0.0273087 0.0170302
2 0.1943568 0.2924801 0.0273087 0.0170302
