31 0.8168804 0.5356412 0.0238216 0.0150143
1 0.4801301 0.4235703 0.0238216 0.0160868
32 0.6430913 0.5029316 0.3908902 0.3678503
33 0.8260842 0.3324120 0.0097451 0.0139418
25 0.5364357 0.4235703 0.0238216 0.0160868
22 0.6485053 0.4235703 0.0227388 0.0160868
3 0.7616577 0.4235703 0.0238216 0.0160868
6 0.8168804 0.4235703 0.0238216 0.0160868
4 0.4801301 0.4793376 0.0238216 0.0160867
16 0.8168804 0.4793376 0.0238216 0.0160867
27 0.5916584 0.5356412 0.0238216 0.0150143
5 0.6485053 0.5356412 0.0227388 0.0150143
17 0.7048108 0.5356412 0.0227387 0.0150143
26 0.7616577 0.5356412 0.0238216 0.0150143
1 0.4801301 0.5914087 0.0238216 0.0150143
24 0.6485053 0.5914087 0.0227388 0.0150143
34 0.7616577 0.5914087 0.0476432 0.0471878
4 0.7616577 0.5914087 0.0238216 0.0150143
13 0.4801301 0.6461037 0.0238216 0.0150143
19 0.5364357 0.6461037 0.0238216 0.0150143
23 0.6485053 0.6461037 0.0227388 0.0150143
11 0.8168804 0.6461037 0.0238216 0.0150143
29 0.5916584 0.5914087 0.0238216 0.0150143
4 0.7048108 0.6461037 0.0227387 0.0150143
28 0.7616577 0.6461037 0.0238216 0.0150143
27 0.6485053 0.4793376 0.0227388 0.0160867
16 0.5364357 0.4793376 0.0238216 0.0160867
17 0.7048108 0.5914087 0.0227387 0.0150143
9 0.7048108 0.4235703 0.0227387 0.0160868
25 0.7048108 0.4793376 0.0227387 0.0160867
13 0.5364357 0.5356412 0.0238216 0.0150143
5 0.5364357 0.5914087 0.0238216 0.0150143
23 0.8168804 0.5914087 0.0238216 0.0150143
4 0.5916584 0.6461037 0.0238216 0.0150143
6 0.5916584 0.4235703 0.0238216 0.0160868
7 0.5916584 0.4793376 0.0238216 0.0160867
3 0.7616577 0.4793376 0.0238216 0.0160867
19 0.4801301 0.5356412 0.0238216 0.0150143
