6 0.6278153 0.3635991 0.0253786 0.0173228
7 0.6820330 0.4144126 0.0253785 0.0173228
32 0.5764815 0.2504235 0.4302808 0.4330699
33 0.7593221 0.0818149 0.0092286 0.0127034
11 0.4109446 0.1609223 0.0253785 0.0161679
1 0.4663158 0.1609223 0.0253785 0.0161679
26 0.5199567 0.1609223 0.0242249 0.0161679
29 0.5741744 0.1609223 0.0242250 0.0161679
5 0.6278153 0.1609223 0.0253786 0.0161679
14 0.7374042 0.1609223 0.0253784 0.0161679
9 0.4109446 0.2105810 0.0253785 0.0161679
3 0.4663158 0.2105810 0.0253785 0.0161679
23 0.5741744 0.2105810 0.0242250 0.0161679
24 0.6820330 0.2105810 0.0253785 0.0161679
30 0.4663158 0.2613946 0.0253785 0.0161679
15 0.6278153 0.2613946 0.0253786 0.0161679
21 0.4109446 0.3122081 0.0253785 0.0161679
19 0.5741744 0.3122081 0.0242250 0.0161679
7 0.6820330 0.3122081 0.0253785 0.0161679
25 0.7374042 0.3122081 0.0253784 0.0161679
16 0.4109446 0.3635991 0.0253785 0.0173228
35 0.5205335 0.3635991 0.0461427 0.0450393
24 0.5199567 0.3635991 0.0242249 0.0173228
31 0.5741744 0.3635991 0.0242250 0.0173228
27 0.4109446 0.4144126 0.0253785 0.0173228
6 0.4663158 0.4144126 0.0253785 0.0173228
18 0.5741744 0.4144126 0.0242250 0.0173228
17 0.6278153 0.4144126 0.0253786 0.0173228
20 0.7374042 0.4144126 0.0253784 0.0173228
1 0.5199567 0.2105810 0.0242249 0.0161679
25 0.6820330 0.3635991 0.0253785 0.0173228
28 0.5199567 0.3122081 0.0242249 0.0161679
10 0.5199567 0.2613946 0.0242249 0.0161679
8 0.6820330 0.1609223 0.0253785 0.0161679
30 0.7374042 0.3635991 0.0253784 0.0173228
14 0.5199567 0.4144126 0.0242249 0.0173228
19 0.7374042 0.2105810 0.0253784 0.0161679
30 0.6278153 0.2105810 0.0253786 0.0161679
6 0.4663158 0.3122081 0.0253785 0.0161679
6 0.7374042 0.2613946 0.0253784 0.0161679
1 0.6278153 0.3122081 0.0253786 0.0161679
4 0.4109446 0.2613946 0.0253785 0.0161679
12 0.5741744 0.2613946 0.0242250 0.0161679
18 0.6820330 0.2613946 0.0253785 0.0161679
19 0.4663158 0.3635991 0.0253785 0.0173228
