10 0.3400628 0.7385654 0.0281326 0.0174261
20 0.2684525 0.6130968 0.0281326 0.0174261
32 0.4826440 0.5236423 0.5127811 0.5146537
33 0.5612875 0.2808374 0.0127876 0.0151027
34 0.2684525 0.4254748 0.0664953 0.0627343
25 0.2684525 0.4248939 0.0281326 0.0174262
30 0.3400628 0.4248939 0.0281326 0.0174262
21 0.6265041 0.4248939 0.0281326 0.0174262
14 0.6981144 0.4248939 0.0281326 0.0174262
26 0.2684525 0.4876282 0.0281326 0.0174262
15 0.3400628 0.4876282 0.0281326 0.0174262
16 0.4832834 0.4876282 0.0281326 0.0174262
31 0.6265041 0.4876282 0.0281326 0.0174262
3 0.6981144 0.4876282 0.0281326 0.0174262
1 0.3400628 0.5503625 0.0281326 0.0174261
6 0.4116731 0.5503625 0.0281326 0.0174261
5 0.4832834 0.5503625 0.0281326 0.0174261
18 0.5548937 0.5503625 0.0281326 0.0174261
23 0.6981144 0.5503625 0.0281326 0.0174261
11 0.4116731 0.6130968 0.0281326 0.0174261
17 0.4832834 0.6130968 0.0281326 0.0174261
22 0.5548937 0.6130968 0.0281326 0.0174261
2 0.6265041 0.6130968 0.0281326 0.0174261
9 0.6981144 0.6130968 0.0281326 0.0174261
13 0.2684525 0.6758312 0.0281326 0.0174261
4 0.6981144 0.6758312 0.0281326 0.0174261
8 0.4832834 0.7385654 0.0281326 0.0174261
27 0.5548937 0.7385654 0.0281326 0.0174261
25 0.6981144 0.7385654 0.0281326 0.0174261
10 0.4116731 0.4248939 0.0281326 0.0174262
22 0.3400628 0.6130968 0.0281326 0.0174261
26 0.5548937 0.4876282 0.0281326 0.0174262
30 0.2684525 0.7385654 0.0281326 0.0174261
3 0.6265041 0.6758312 0.0281326 0.0174261
21 0.3400628 0.6758312 0.0281326 0.0174261
25 0.4832834 0.4248939 0.0281326 0.0174262
26 0.6265041 0.7385654 0.0281326 0.0174261
29 0.4116731 0.6758312 0.0281326 0.0174261
28 0.4116731 0.4876282 0.0281326 0.0174262
26 0.2684525 0.5503625 0.0281326 0.0174261
7 0.4832834 0.6758312 0.0281326 0.0174261
4 0.4116731 0.7385654 0.0281326 0.0174261
11 0.6265041 0.5503625 0.0281326 0.0174261
7 0.5548937 0.6758312 0.0281326 0.0174261
29 0.5548937 0.4248939 0.0281326 0.0174262
