21 0.4645781 0.4469625 0.0239408 0.0169711
16 0.3619746 0.3745527 0.0239408 0.0169711
32 0.4548878 0.4633678 0.3898935 0.4955547
33 0.5894124 0.2704635 0.0136805 0.0192338
4 0.4645781 0.3745527 0.0239408 0.0169711
24 0.5158799 0.3745527 0.0239408 0.0169711
7 0.5671817 0.3745527 0.0239408 0.0169711
12 0.3106728 0.4469625 0.0239408 0.0169711
10 0.5671817 0.4469625 0.0239408 0.0169711
11 0.6184834 0.4469625 0.0239408 0.0169711
27 0.3619746 0.5193723 0.0239408 0.0169711
34 0.4132764 0.5193723 0.0444615 0.0441248
16 0.4132764 0.5193723 0.0239408 0.0169711
30 0.4645781 0.5193723 0.0239408 0.0169711
6 0.5158799 0.5193723 0.0239408 0.0169711
14 0.3106728 0.5912164 0.0239408 0.0158397
31 0.4132764 0.5912164 0.0239408 0.0158397
9 0.5158799 0.5912164 0.0239408 0.0158397
1 0.6184834 0.5912164 0.0239408 0.0158397
2 0.4132764 0.6636262 0.0239408 0.0158397
25 0.4645781 0.6636262 0.0239408 0.0158397
5 0.6184834 0.6636262 0.0239408 0.0158397
9 0.3106728 0.6636262 0.0239408 0.0158397
25 0.6184834 0.5193723 0.0239408 0.0169711
23 0.3106728 0.5193723 0.0239408 0.0169711
11 0.5158799 0.4469625 0.0239408 0.0169711
1 0.4132764 0.3745527 0.0239408 0.0169711
15 0.4645781 0.5912164 0.0239408 0.0158397
13 0.4132764 0.4469625 0.0239408 0.0169711
6 0.5671817 0.5193723 0.0239408 0.0169711
15 0.6184834 0.3745527 0.0239408 0.0169711
13 0.3106728 0.3745527 0.0239408 0.0169711
16 0.5671817 0.6636262 0.0239408 0.0158397
30 0.3619746 0.4469625 0.0239408 0.0169711
15 0.5671817 0.5912164 0.0239408 0.0158397
20 0.3619746 0.6636262 0.0239408 0.0158397
28 0.5158799 0.6636262 0.0239408 0.0158397
13 0.3619746 0.5912164 0.0239408 0.0158397
