2 0.4074428 0.1554031 0.0223772 0.0158909
9 0.4074428 0.2552890 0.0223772 0.0158909
32 0.4122379 0.1821157 0.4027902 0.3620092
33 0.5784687 0.0299781 0.0085246 0.0147559
15 0.2566628 0.1065951 0.0234428 0.0158909
20 0.3078108 0.1065951 0.0234428 0.0158909
22 0.4569923 0.1065951 0.0234428 0.0158909
31 0.5070747 0.1554031 0.0234428 0.0158909
1 0.5582227 0.1554031 0.0234428 0.0158909
28 0.2566628 0.2053460 0.0234428 0.0158909
19 0.3078108 0.2053460 0.0234428 0.0158909
16 0.3573604 0.2053460 0.0223773 0.0158909
9 0.4074428 0.2053460 0.0223772 0.0158909
24 0.4569923 0.2053460 0.0234428 0.0158909
25 0.5070747 0.2053460 0.0234428 0.0158909
12 0.3573604 0.2552890 0.0223773 0.0158909
29 0.5070747 0.2552890 0.0234428 0.0158909
17 0.3573604 0.3057995 0.0223773 0.0170260
11 0.4074428 0.3057995 0.0223772 0.0170260
10 0.4569923 0.3057995 0.0234428 0.0170260
35 0.5582227 0.3057995 0.0426233 0.0442676
19 0.5582227 0.3057995 0.0234428 0.0170260
1 0.5070747 0.3057995 0.0234428 0.0170260
9 0.4569923 0.2552890 0.0234428 0.0158909
26 0.5582227 0.1065951 0.0234428 0.0158909
1 0.3078108 0.3057995 0.0234428 0.0170260
2 0.5070747 0.1065951 0.0234428 0.0158909
11 0.3078108 0.2552890 0.0234428 0.0158909
23 0.2566628 0.3057995 0.0234428 0.0170260
23 0.2566628 0.2552890 0.0234428 0.0158909
3 0.3573604 0.1065951 0.0223773 0.0158909
17 0.4569923 0.1554031 0.0234428 0.0158909
14 0.5582227 0.2053460 0.0234428 0.0158909
8 0.5582227 0.2552890 0.0234428 0.0158909
16 0.4074428 0.1065951 0.0223772 0.0158909
3 0.3573604 0.1554031 0.0223773 0.0158909
29 0.2566628 0.1554031 0.0234428 0.0158909
14 0.3078108 0.1554031 0.0234428 0.0158909
