23 0.6964435 0.4294281 0.0236768 0.0167339
19 0.6964435 0.6614715 0.0236768 0.0167339
32 0.8062494 0.4734940 0.3875013 0.4261565
33 0.9827169 0.2777074 0.0107621 0.0167339
20 0.6964435 0.3714172 0.0236768 0.0167339
13 0.9202964 0.3714172 0.0236768 0.0167339
18 0.9751834 0.3714172 0.0236768 0.0167339
7 0.6404803 0.4294281 0.0236768 0.0167339
26 0.7513306 0.4294281 0.0236768 0.0167339
6 0.8078318 0.4294281 0.0226005 0.0167339
12 0.8637951 0.4294281 0.0226005 0.0167339
2 0.9202964 0.4294281 0.0236768 0.0167339
24 0.9751834 0.4294281 0.0236768 0.0167339
11 0.6964435 0.4879967 0.0236768 0.0156183
34 0.7513306 0.4879967 0.0473535 0.0490861
6 0.7513306 0.4879967 0.0236768 0.0156183
10 0.9202964 0.4879967 0.0236768 0.0156183
22 0.6404803 0.5460076 0.0236768 0.0156184
4 0.6964435 0.5460076 0.0236768 0.0156184
23 0.7513306 0.5460076 0.0236768 0.0156184
1 0.8078318 0.5460076 0.0226005 0.0156184
29 0.8637951 0.5460076 0.0226005 0.0156184
27 0.6964435 0.6029028 0.0236768 0.0156183
31 0.8078318 0.6029028 0.0226005 0.0156183
15 0.8637951 0.6029028 0.0226005 0.0156183
9 0.9751834 0.6029028 0.0236768 0.0156183
8 0.8078318 0.6614715 0.0226005 0.0167339
5 0.9202964 0.6614715 0.0236768 0.0167339
3 0.9751834 0.6614715 0.0236768 0.0167339
8 0.8637951 0.3714172 0.0226005 0.0167339
27 0.9751834 0.4879967 0.0236768 0.0156183
22 0.6404803 0.6029028 0.0236768 0.0156183
7 0.7513306 0.3714172 0.0236768 0.0167339
1 0.7513306 0.6029028 0.0236768 0.0156183
23 0.6404803 0.3714172 0.0236768 0.0167339
11 0.8078318 0.3714172 0.0226005 0.0167339
20 0.9202964 0.6029028 0.0236768 0.0156183
31 0.8078318 0.4879967 0.0226005 0.0156183
23 0.9202964 0.5460076 0.0236768 0.0156184
18 0.6404803 0.6614715 0.0236768 0.0167339
12 0.7513306 0.6614715 0.0236768 0.0167339
9 0.8637951 0.4879967 0.0226005 0.0156183
22 0.9751834 0.5460076 0.0236768 0.0156184
7 0.8637951 0.6614715 0.0226005 0.0167339
9 0.6404803 0.4879967 0.0236768 0.0156183
