22 0.3541980 0.3679866 0.0241314 0.0167526
2 0.6119651 0.1708646 0.0241314 0.0156357
32 0.5116004 0.2099569 0.4091367 0.4176917
33 0.6854561 0.0463371 0.0087751 0.0122852
29 0.3541980 0.1228406 0.0241314 0.0156357
9 0.5094067 0.1228406 0.0230345 0.0156357
28 0.5604116 0.1228406 0.0241314 0.0156357
17 0.6646153 0.1228406 0.0241314 0.0156357
4 0.4068483 0.1708646 0.0241314 0.0156357
1 0.5094067 0.1708646 0.0230345 0.0156357
16 0.5604116 0.1708646 0.0241314 0.0156357
35 0.6646153 0.1708646 0.0438752 0.0446736
14 0.6646153 0.1708646 0.0241314 0.0156357
5 0.3541980 0.2200055 0.0241314 0.0156357
20 0.4068483 0.2200055 0.0241314 0.0156357
8 0.4578533 0.2200055 0.0230345 0.0156357
3 0.6119651 0.2200055 0.0241314 0.0156357
24 0.3541980 0.2691464 0.0241314 0.0156357
15 0.5094067 0.2691464 0.0230345 0.0156357
21 0.5604116 0.2691464 0.0241314 0.0156357
19 0.6119651 0.2691464 0.0241314 0.0156357
27 0.6646153 0.2691464 0.0241314 0.0156357
22 0.4068483 0.3188457 0.0241314 0.0167526
12 0.4578533 0.3188457 0.0230345 0.0167526
7 0.5604116 0.3188457 0.0241314 0.0167526
30 0.6646153 0.3188457 0.0241314 0.0167526
11 0.4578533 0.3679866 0.0230345 0.0167526
18 0.6119651 0.3679866 0.0241314 0.0167526
14 0.6646153 0.3679866 0.0241314 0.0167526
14 0.4068483 0.2691464 0.0241314 0.0156357
16 0.4068483 0.3679866 0.0241314 0.0167526
19 0.6119651 0.1228406 0.0241314 0.0156357
20 0.4068483 0.1228406 0.0241314 0.0156357
14 0.4578533 0.2691464 0.0230345 0.0156357
16 0.4578533 0.1228406 0.0230345 0.0156357
3 0.5094067 0.2200055 0.0230345 0.0156357
6 0.6119651 0.3188457 0.0241314 0.0167526
15 0.5604116 0.3679866 0.0241314 0.0167526
21 0.4578533 0.1708646 0.0230345 0.0156357
26 0.6646153 0.2200055 0.0241314 0.0156357
17 0.5604116 0.2200055 0.0241314 0.0156357
1 0.3541980 0.3188457 0.0241314 0.0167526
29 0.3541980 0.1708646 0.0241314 0.0156357
13 0.5094067 0.3188457 0.0230345 0.0167526
12 0.5094067 0.3679866 0.0230345 0.0167526
