13 0.7106736 0.7281982 0.0228149 0.0168666
7 0.5982289 0.4358432 0.0239013 0.0168666
32 0.7095871 0.5387297 0.3921983 0.4295370
33 0.8872171 0.3413901 0.0108643 0.0168667
19 0.5417350 0.4358432 0.0239013 0.0168666
13 0.7106736 0.4358432 0.0228149 0.0168666
1 0.7671674 0.4358432 0.0228149 0.0168666
23 0.5982289 0.4943142 0.0239013 0.0168666
11 0.6536364 0.4943142 0.0239012 0.0168666
14 0.7106736 0.4943142 0.0228149 0.0168666
28 0.7671674 0.4943142 0.0228149 0.0168666
18 0.5417350 0.5533475 0.0239013 0.0157422
9 0.5982289 0.5533475 0.0239013 0.0157422
12 0.5417350 0.6118184 0.0239013 0.0157422
3 0.5982289 0.6118184 0.0239013 0.0157422
29 0.6536364 0.6118184 0.0239012 0.0157422
27 0.7671674 0.6118184 0.0228149 0.0157422
8 0.5417350 0.6691650 0.0239013 0.0157422
5 0.5982289 0.6691650 0.0239013 0.0157422
10 0.6536364 0.6691650 0.0239012 0.0157422
24 0.7106736 0.6691650 0.0228149 0.0157422
16 0.7671674 0.6691650 0.0228149 0.0157422
34 0.8242046 0.6691650 0.0478025 0.0494754
15 0.8242046 0.6691650 0.0239013 0.0157422
30 0.8796121 0.6691650 0.0239013 0.0157422
17 0.5417350 0.7281982 0.0239013 0.0168666
25 0.6536364 0.7281982 0.0239012 0.0168666
22 0.7671674 0.7281982 0.0228149 0.0168666
2 0.8796121 0.7281982 0.0239013 0.0168666
29 0.5982289 0.7281982 0.0239013 0.0168666
31 0.8242046 0.4943142 0.0239013 0.0168666
23 0.7671674 0.5533475 0.0228149 0.0157422
31 0.7106736 0.5533475 0.0228149 0.0157422
30 0.8242046 0.5533475 0.0239013 0.0157422
16 0.7106736 0.6118184 0.0228149 0.0157422
17 0.8796121 0.6118184 0.0239013 0.0157422
28 0.8242046 0.7281982 0.0239013 0.0168666
8 0.8242046 0.4358432 0.0239013 0.0168666
29 0.8796121 0.4358432 0.0239013 0.0168666
11 0.6536364 0.5533475 0.0239012 0.0157422
24 0.5417350 0.4943142 0.0239013 0.0168666
24 0.8242046 0.6118184 0.0239013 0.0157422
16 0.8796121 0.5533475 0.0239013 0.0157422
22 0.8796121 0.4943142 0.0239013 0.0168666
5 0.6536364 0.4358432 0.0239012 0.0168666
