2 0.5806538 0.3950423 0.0236400 0.0150947
22 0.2765577 0.3001610 0.0236400 0.0150947
32 0.4334412 0.3174121 0.4061779 0.3601179
33 0.6010701 0.1810202 0.0085964 0.0140166
8 0.3781021 0.2537985 0.0225654 0.0150948
35 0.4286058 0.2537985 0.0419072 0.0431279
13 0.4286057 0.2537985 0.0225654 0.0150948
18 0.4785720 0.2537985 0.0236400 0.0150948
12 0.3281358 0.3001610 0.0236400 0.0150947
5 0.3781021 0.3001610 0.0225654 0.0150947
26 0.4286057 0.3001610 0.0225654 0.0150947
21 0.4785720 0.3001610 0.0236400 0.0150947
30 0.5290757 0.3001610 0.0236400 0.0150947
23 0.5806538 0.3001610 0.0236400 0.0150947
19 0.3281358 0.3476017 0.0236400 0.0150948
1 0.4286057 0.3476017 0.0225654 0.0150948
15 0.5806538 0.3476017 0.0236400 0.0150948
2 0.2765577 0.3950423 0.0236400 0.0150947
20 0.4785720 0.3950423 0.0236400 0.0150947
11 0.5290757 0.3950423 0.0236400 0.0150947
7 0.4785720 0.4430221 0.0236400 0.0161730
3 0.5290757 0.4430221 0.0236400 0.0161730
1 0.4286057 0.3950423 0.0225654 0.0150947
5 0.3281358 0.2537985 0.0236400 0.0150948
27 0.2765577 0.4430221 0.0236400 0.0161730
9 0.3781021 0.4430221 0.0225654 0.0161730
14 0.4286057 0.4430221 0.0225654 0.0161730
3 0.4785720 0.3476017 0.0236400 0.0150948
20 0.5806538 0.4430221 0.0236400 0.0161730
25 0.3781021 0.3476017 0.0225654 0.0150948
29 0.3281358 0.4430221 0.0236400 0.0161730
31 0.5290757 0.3476017 0.0236400 0.0150948
5 0.2765577 0.3476017 0.0236400 0.0150948
20 0.3781021 0.3950423 0.0225654 0.0150947
20 0.5806538 0.2537985 0.0236400 0.0150948
13 0.5290757 0.2537985 0.0236400 0.0150948
31 0.2765577 0.2537985 0.0236400 0.0150948
5 0.3281358 0.3950423 0.0236400 0.0150947
