21 0.1828158 0.6048424 0.0282355 0.0164960
6 0.2546880 0.6048424 0.0282355 0.0164960
32 0.2575957 0.5141145 0.5126913 0.4882807
33 0.3336191 0.2815213 0.0115509 0.0142965
6 0.1109436 0.3673003 0.0282355 0.0164960
15 0.1828158 0.3673003 0.0282355 0.0164960
25 0.2546880 0.3673003 0.0282355 0.0164960
18 0.3265602 0.3673003 0.0282355 0.0164960
23 0.3984324 0.3673003 0.0282355 0.0164960
10 0.4703046 0.3673003 0.0282355 0.0164960
1 0.0390714 0.4266859 0.0282355 0.0164960
17 0.1828158 0.4266859 0.0282355 0.0164960
3 0.2546880 0.4266859 0.0282355 0.0164960
12 0.1109436 0.4860713 0.0282355 0.0164960
26 0.1828158 0.4860713 0.0282355 0.0164960
30 0.2546880 0.4860713 0.0282355 0.0164960
20 0.3265602 0.4860713 0.0282355 0.0164960
5 0.3984324 0.4860713 0.0282355 0.0164960
24 0.4703046 0.4860713 0.0282355 0.0164960
29 0.1828158 0.5454568 0.0282355 0.0164960
2 0.3265602 0.5454568 0.0282355 0.0164960
9 0.3984324 0.5454568 0.0282355 0.0164960
22 0.3265602 0.6048424 0.0282355 0.0164960
28 0.3984324 0.6048424 0.0282355 0.0164960
8 0.1109436 0.6642278 0.0282355 0.0164960
31 0.1828158 0.6642278 0.0282355 0.0164960
34 0.2546880 0.6647777 0.0667385 0.0593854
15 0.2546880 0.6642278 0.0282355 0.0164960
16 0.4703046 0.6642278 0.0282355 0.0164960
19 0.1109436 0.4266859 0.0282355 0.0164960
24 0.3265602 0.6642278 0.0282355 0.0164960
12 0.4703046 0.6048424 0.0282355 0.0164960
10 0.0390714 0.5454568 0.0282355 0.0164960
23 0.4703046 0.4266859 0.0282355 0.0164960
30 0.3984324 0.4266859 0.0282355 0.0164960
20 0.1109436 0.5454568 0.0282355 0.0164960
31 0.0390714 0.3673003 0.0282355 0.0164960
31 0.1109436 0.6048424 0.0282355 0.0164960
31 0.3984324 0.6642278 0.0282355 0.0164960
11 0.3265602 0.4266859 0.0282355 0.0164960
1 0.0390714 0.4860713 0.0282355 0.0164960
23 0.0390714 0.6642278 0.0282355 0.0164960
13 0.0390714 0.6048424 0.0282355 0.0164960
13 0.4703046 0.5454568 0.0282355 0.0164960
8 0.2546880 0.5454568 0.0282355 0.0164960
