19 0.3537774 0.4789785 0.0285755 0.0169963
20 0.2083022 0.4177922 0.0285755 0.0169963
32 0.3537774 0.3854993 0.5247499 0.5030881
33 0.4336589 0.1458526 0.0116899 0.0147301
2 0.1355646 0.2342330 0.0285755 0.0169962
34 0.2083022 0.2347995 0.0675421 0.0611864
24 0.2083022 0.2342330 0.0285755 0.0169962
1 0.3537774 0.2342330 0.0285755 0.0169962
10 0.4265150 0.2342330 0.0285755 0.0169962
17 0.4992526 0.2342330 0.0285755 0.0169962
31 0.1355646 0.2954194 0.0285755 0.0169962
13 0.2810398 0.2954194 0.0285755 0.0169962
14 0.4265150 0.2954194 0.0285755 0.0169962
21 0.4992526 0.2954194 0.0285755 0.0169962
19 0.5719902 0.2954194 0.0285755 0.0169962
23 0.3537774 0.3566057 0.0285755 0.0169962
30 0.2810398 0.4177922 0.0285755 0.0169963
16 0.4265150 0.4177922 0.0285755 0.0169963
15 0.5719902 0.4177922 0.0285755 0.0169963
28 0.1355646 0.4789785 0.0285755 0.0169963
27 0.2810398 0.4789785 0.0285755 0.0169963
3 0.4992526 0.4789785 0.0285755 0.0169963
16 0.3537774 0.2954194 0.0285755 0.0169962
27 0.1355646 0.4177922 0.0285755 0.0169963
27 0.4992526 0.3566057 0.0285755 0.0169962
4 0.2083022 0.2954194 0.0285755 0.0169962
8 0.2083022 0.3566057 0.0285755 0.0169962
3 0.4992526 0.4177922 0.0285755 0.0169963
23 0.3537774 0.4177922 0.0285755 0.0169963
17 0.5719902 0.4789785 0.0285755 0.0169963
19 0.5719902 0.2342330 0.0285755 0.0169962
21 0.4265150 0.3566057 0.0285755 0.0169962
3 0.2810398 0.3566057 0.0285755 0.0169962
4 0.1355646 0.3566057 0.0285755 0.0169962
21 0.4265150 0.4789785 0.0285755 0.0169963
31 0.2810398 0.2342330 0.0285755 0.0169962
13 0.5719902 0.3566057 0.0285755 0.0169962
15 0.2083022 0.4789785 0.0285755 0.0169963
