30 0.1420700 0.2938842 0.0250954 0.0154700
13 0.3553808 0.3900193 0.0250954 0.0154700
32 0.2538585 0.3590793 0.4311844 0.3690703
33 0.4318077 0.2192966 0.0091256 0.0143650
20 0.0873164 0.2938842 0.0250954 0.0154700
25 0.1951125 0.2938842 0.0239547 0.0154700
18 0.2487254 0.2938842 0.0239547 0.0154700
1 0.3017679 0.2938842 0.0250954 0.0154700
23 0.0873164 0.3413993 0.0250954 0.0154700
10 0.2487254 0.3413993 0.0239547 0.0154700
2 0.3017679 0.3413993 0.0250954 0.0154700
24 0.3553808 0.3413993 0.0250954 0.0154700
5 0.0873164 0.3900193 0.0250954 0.0154700
27 0.1420700 0.3900193 0.0250954 0.0154700
14 0.3017679 0.3900193 0.0250954 0.0154700
35 0.1420700 0.4386393 0.0456280 0.0442000
25 0.1420700 0.4386393 0.0250954 0.0154700
12 0.3017679 0.4386393 0.0250954 0.0154700
7 0.4101344 0.4386393 0.0250954 0.0154700
6 0.1420700 0.4878119 0.0250954 0.0165750
29 0.1951125 0.4878119 0.0239547 0.0165750
9 0.2487254 0.4878119 0.0239547 0.0165750
27 0.1951125 0.3413993 0.0239547 0.0154700
17 0.3553808 0.4386393 0.0250954 0.0154700
27 0.0873164 0.4386393 0.0250954 0.0154700
6 0.2487254 0.3900193 0.0239547 0.0154700
17 0.4101344 0.3413993 0.0250954 0.0154700
27 0.3553808 0.2938842 0.0250954 0.0154700
5 0.4101344 0.4878119 0.0250954 0.0165750
4 0.1951125 0.3900193 0.0239547 0.0154700
21 0.1951125 0.4386393 0.0239547 0.0154700
12 0.3553808 0.4878119 0.0250954 0.0165750
13 0.1420700 0.3413993 0.0250954 0.0154700
17 0.2487254 0.4386393 0.0239547 0.0154700
3 0.3017679 0.4878119 0.0250954 0.0165750
29 0.0873164 0.4878119 0.0250954 0.0165750
19 0.4101344 0.2938842 0.0250954 0.0154700
3 0.4101344 0.3900193 0.0250954 0.0154700
