24 0.8863425 0.4335937 0.0242437 0.0158896
32 0.8360949 0.4568985 0.3278102 0.3633427
6 0.7068237 0.3785097 0.0253982 0.0158896
25 0.8257332 0.3785097 0.0253982 0.0158896
23 0.8863425 0.3785097 0.0242437 0.0158896
12 0.9463745 0.3785097 0.0242436 0.0158896
34 0.7068237 0.4335937 0.0507964 0.0476689
28 0.7068237 0.4335937 0.0253982 0.0158896
28 0.7668557 0.4335937 0.0253982 0.0158896
8 0.7068237 0.4892074 0.0253982 0.0148303
22 0.7668557 0.4892074 0.0253982 0.0148303
27 0.9463745 0.4892074 0.0242436 0.0148303
13 0.7068237 0.5442914 0.0253982 0.0148303
7 0.8257332 0.5442914 0.0253982 0.0148303
17 0.8863425 0.5442914 0.0242437 0.0148303
26 0.8257332 0.5983161 0.0253982 0.0148303
4 0.8863425 0.5983161 0.0242437 0.0148303
2 0.8863425 0.4892074 0.0242437 0.0148303
15 0.9971424 0.3785097 0.0057152 0.0158896
31 0.9463745 0.5442914 0.0242436 0.0148303
3 0.7668557 0.3785097 0.0253982 0.0158896
17 0.9971424 0.5442914 0.0057152 0.0148303
16 0.9971424 0.5983161 0.0057152 0.0148303
22 0.7668557 0.5983161 0.0253982 0.0148303
25 0.9971424 0.4892074 0.0057152 0.0148303
12 0.8257332 0.4335937 0.0253982 0.0158896
21 0.9463745 0.4335937 0.0242436 0.0158896
1 0.9463745 0.5983161 0.0242436 0.0148303
29 0.9971424 0.4335937 0.0057152 0.0158896
31 0.7668557 0.5442914 0.0253982 0.0148303
6 0.7068237 0.5983161 0.0253982 0.0148303
5 0.8257332 0.4892074 0.0253982 0.0148303
