7 0.5639433 0.4498497 0.0246288 0.0160041
27 0.4592709 0.4498497 0.0235093 0.0160041
32 0.5141260 0.2983440 0.4175703 0.4001031
33 0.6915653 0.1425705 0.0089559 0.0117364
27 0.4072146 0.2156560 0.0246288 0.0149372
21 0.4592709 0.2156560 0.0235093 0.0149372
35 0.5639433 0.2156560 0.0447796 0.0426776
9 0.5639433 0.2156560 0.0246288 0.0149372
14 0.6165594 0.2156560 0.0246288 0.0149372
4 0.6702950 0.2156560 0.0246288 0.0149372
11 0.3534790 0.2615345 0.0246288 0.0149372
31 0.5118870 0.2615345 0.0235093 0.0149372
30 0.5639433 0.2615345 0.0246288 0.0149372
20 0.6165594 0.2615345 0.0246288 0.0149372
3 0.6702950 0.2615345 0.0246288 0.0149372
8 0.3534790 0.3084799 0.0246288 0.0149372
16 0.5118870 0.3084799 0.0235093 0.0149372
26 0.5639433 0.3084799 0.0246288 0.0149372
2 0.4072146 0.3554253 0.0246288 0.0149372
10 0.6702950 0.3554253 0.0246288 0.0149372
1 0.3534790 0.4029043 0.0246288 0.0160041
25 0.4072146 0.4029043 0.0246288 0.0160041
29 0.4592709 0.4029043 0.0235093 0.0160041
6 0.5118870 0.4029043 0.0235093 0.0160041
28 0.5639433 0.4029043 0.0246288 0.0160041
9 0.6165594 0.4029043 0.0246288 0.0160041
13 0.3534790 0.4498497 0.0246288 0.0160041
17 0.4072146 0.4498497 0.0246288 0.0160041
15 0.5118870 0.4498497 0.0235093 0.0160041
15 0.6165594 0.4498497 0.0246288 0.0160041
7 0.5118870 0.3554253 0.0235093 0.0149372
18 0.4072146 0.3084799 0.0246288 0.0149372
3 0.4592709 0.3554253 0.0235093 0.0149372
24 0.3534790 0.2156560 0.0246288 0.0149372
6 0.5118870 0.2156560 0.0235093 0.0149372
4 0.6165594 0.3084799 0.0246288 0.0149372
6 0.3534790 0.3554253 0.0246288 0.0149372
8 0.6702950 0.4498497 0.0246288 0.0160041
7 0.5639433 0.3554253 0.0246288 0.0149372
2 0.4592709 0.3084799 0.0235093 0.0149372
6 0.6165594 0.3554253 0.0246288 0.0149372
22 0.6702950 0.3084799 0.0246288 0.0149372
6 0.6702950 0.4029043 0.0246288 0.0160041
9 0.4592709 0.2615345 0.0235093 0.0149372
8 0.4072146 0.2615345 0.0246288 0.0149372
