31 0.4101752 0.4149700 0.0235003 0.0154110
22 0.5108907 0.4149700 0.0235003 0.0154110
32 0.4006632 0.2905810 0.3827190 0.4821450
33 0.5327125 0.1028967 0.0134287 0.0187134
34 0.2591019 0.2041692 0.0436434 0.0429307
30 0.2591019 0.2041692 0.0235003 0.0165118
30 0.3598174 0.2041692 0.0235003 0.0165118
5 0.5612485 0.2041692 0.0235003 0.0165118
21 0.2591019 0.2746196 0.0235003 0.0165118
12 0.3598174 0.2746196 0.0235003 0.0165118
14 0.4101752 0.2746196 0.0235003 0.0165118
2 0.5108907 0.2746196 0.0235003 0.0165118
10 0.5612485 0.2746196 0.0235003 0.0165118
31 0.3094597 0.3450700 0.0235003 0.0165118
25 0.3598174 0.3450700 0.0235003 0.0165118
1 0.4101752 0.3450700 0.0235003 0.0165118
4 0.5612485 0.3450700 0.0235003 0.0165118
18 0.3094597 0.4149700 0.0235003 0.0154110
6 0.4605330 0.4149700 0.0235003 0.0154110
9 0.5612485 0.4149700 0.0235003 0.0154110
16 0.3598174 0.4854204 0.0235003 0.0154110
28 0.5108907 0.4854204 0.0235003 0.0154110
16 0.4605330 0.3450700 0.0235003 0.0165118
17 0.4605330 0.2041692 0.0235003 0.0165118
2 0.2591019 0.3450700 0.0235003 0.0165118
13 0.5612485 0.4854204 0.0235003 0.0154110
22 0.4605330 0.4854204 0.0235003 0.0154110
3 0.3094597 0.2746196 0.0235003 0.0165118
9 0.4101752 0.4854204 0.0235003 0.0154110
9 0.2591019 0.4854204 0.0235003 0.0154110
25 0.3094597 0.2041692 0.0235003 0.0165118
25 0.5108907 0.3450700 0.0235003 0.0165118
28 0.4605330 0.2746196 0.0235003 0.0165118
7 0.5108907 0.2041692 0.0235003 0.0165118
27 0.4101752 0.2041692 0.0235003 0.0165118
14 0.2591019 0.4149700 0.0235003 0.0154110
26 0.3598174 0.4149700 0.0235003 0.0154110
13 0.3094597 0.4854204 0.0235003 0.0154110
