14 0.4417096 0.4493845 0.0251998 0.0167936
10 0.5001273 0.5076025 0.0251998 0.0167937
32 0.5545360 0.5322331 0.4135060 0.3840146
33 0.7481163 0.3542205 0.0103090 0.0145545
34 0.5001273 0.4488247 0.0503996 0.0492613
22 0.5001273 0.4493845 0.0251998 0.0167936
29 0.5602633 0.4493845 0.0240544 0.0167936
4 0.6198264 0.4493845 0.0240544 0.0167936
25 0.6799623 0.4493845 0.0251998 0.0167936
21 0.3821464 0.5076025 0.0251998 0.0167937
10 0.4417096 0.5076025 0.0251998 0.0167937
12 0.7383801 0.5076025 0.0251998 0.0167937
24 0.3821464 0.5663802 0.0251998 0.0156740
17 0.5001273 0.5663802 0.0251998 0.0156740
22 0.7383801 0.5663802 0.0251998 0.0156740
31 0.4417096 0.6245982 0.0251998 0.0156741
3 0.5001273 0.6245982 0.0251998 0.0156741
26 0.5602633 0.6245982 0.0240544 0.0156741
7 0.6799623 0.6245982 0.0251998 0.0156741
20 0.7383801 0.6245982 0.0251998 0.0156741
1 0.3821464 0.6816966 0.0251998 0.0156741
2 0.5001273 0.6816966 0.0251998 0.0156741
12 0.3821464 0.4493845 0.0251998 0.0167936
16 0.5602633 0.6816966 0.0240544 0.0156741
2 0.4417096 0.5663802 0.0251998 0.0156740
16 0.5602633 0.5076025 0.0240544 0.0167937
28 0.6198264 0.5663802 0.0240544 0.0156740
5 0.6198264 0.6245982 0.0240544 0.0156741
22 0.6799623 0.5076025 0.0251998 0.0167937
16 0.6198264 0.6816966 0.0240544 0.0156741
23 0.7383801 0.6816966 0.0251998 0.0156741
24 0.6799623 0.6816966 0.0251998 0.0156741
13 0.6198264 0.5076025 0.0240544 0.0167937
3 0.7383801 0.4493845 0.0251998 0.0167936
31 0.3821464 0.6245982 0.0251998 0.0156741
18 0.6799623 0.5663802 0.0251998 0.0156740
7 0.5602633 0.5663802 0.0240544 0.0156740
16 0.4417096 0.6816966 0.0251998 0.0156741
