23 0.2613533 0.5452528 0.0242645 0.0162487
22 0.2093580 0.5452528 0.0242645 0.0162487
32 0.3555226 0.4141027 0.3951644 0.5083516
33 0.4918659 0.2162170 0.0138654 0.0197305
25 0.2093580 0.3229940 0.0242645 0.0174093
23 0.2613533 0.3229940 0.0242645 0.0174093
5 0.3133487 0.3229940 0.0242645 0.0174093
14 0.3653440 0.3229940 0.0242645 0.0174093
13 0.5213299 0.3229940 0.0242645 0.0174093
10 0.4173393 0.3972737 0.0242645 0.0174093
7 0.4693346 0.3972737 0.0242645 0.0174093
16 0.2613533 0.4715534 0.0242645 0.0174093
27 0.3133487 0.4715534 0.0242645 0.0174093
34 0.4173393 0.4715534 0.0450626 0.0452641
13 0.4173393 0.4715534 0.0242645 0.0174093
21 0.3653440 0.5452528 0.0242645 0.0162487
15 0.4173393 0.5452528 0.0242645 0.0162487
24 0.4693346 0.5452528 0.0242645 0.0162487
29 0.5213299 0.5452528 0.0242645 0.0162487
20 0.3653440 0.6195325 0.0242645 0.0162486
1 0.4693346 0.6195325 0.0242645 0.0162486
17 0.5213299 0.6195325 0.0242645 0.0162486
8 0.4693346 0.4715534 0.0242645 0.0174093
8 0.5213299 0.4715534 0.0242645 0.0174093
28 0.2613533 0.3972737 0.0242645 0.0174093
14 0.3133487 0.5452528 0.0242645 0.0162487
18 0.2613533 0.6195325 0.0242645 0.0162486
20 0.4173393 0.6195325 0.0242645 0.0162486
28 0.2093580 0.4715534 0.0242645 0.0174093
29 0.3133487 0.3972737 0.0242645 0.0174093
23 0.3133487 0.6195325 0.0242645 0.0162486
29 0.4693346 0.3229940 0.0242645 0.0174093
7 0.3653440 0.4715534 0.0242645 0.0174093
3 0.4173393 0.3229940 0.0242645 0.0174093
25 0.5213299 0.3972737 0.0242645 0.0174093
4 0.3653440 0.3972737 0.0242645 0.0174093
2 0.2093580 0.3972737 0.0242645 0.0174093
17 0.2093580 0.6195325 0.0242645 0.0162486
