5 0.3220076 0.2961687 0.0238517 0.0167129
15 0.2197863 0.2248603 0.0238517 0.0167129
32 0.3634641 0.2430678 0.3884413 0.4839133
33 0.4974877 0.0510463 0.0136295 0.0189413
26 0.2197863 0.1535520 0.0238517 0.0167129
12 0.4242290 0.1535520 0.0238517 0.0167129
13 0.5264504 0.1535520 0.0238516 0.0167129
5 0.2708970 0.2248603 0.0238517 0.0167129
24 0.4242290 0.2248603 0.0238517 0.0167129
3 0.4753397 0.2248603 0.0238517 0.0167129
15 0.5264504 0.2248603 0.0238516 0.0167129
1 0.2197863 0.2961687 0.0238517 0.0167129
7 0.2708970 0.2961687 0.0238517 0.0167129
16 0.4242290 0.2961687 0.0238517 0.0167129
11 0.4753397 0.2961687 0.0238517 0.0167129
8 0.5264504 0.2961687 0.0238516 0.0167129
17 0.2708970 0.3669200 0.0238517 0.0155987
9 0.4242290 0.3669200 0.0238517 0.0155987
29 0.4753397 0.3669200 0.0238517 0.0155987
6 0.2197863 0.4382283 0.0238517 0.0155987
34 0.5264504 0.4382283 0.0442960 0.0445677
19 0.5264504 0.4382283 0.0238516 0.0155987
12 0.3731184 0.3669200 0.0238517 0.0155987
10 0.3220076 0.4382283 0.0238517 0.0155987
3 0.2708970 0.1535520 0.0238517 0.0167129
17 0.3731184 0.2961687 0.0238517 0.0167129
9 0.4242290 0.4382283 0.0238517 0.0155987
8 0.3731184 0.2248603 0.0238517 0.0167129
31 0.3731184 0.1535520 0.0238517 0.0167129
23 0.3220076 0.2248603 0.0238517 0.0167129
14 0.3220076 0.3669200 0.0238517 0.0155987
21 0.4753397 0.4382283 0.0238517 0.0155987
2 0.2708970 0.4382283 0.0238517 0.0155987
19 0.3220076 0.1535520 0.0238517 0.0167129
13 0.2197863 0.3669200 0.0238517 0.0155987
18 0.3731184 0.4382283 0.0238517 0.0155987
9 0.5264504 0.3669200 0.0238516 0.0155987
12 0.4753397 0.1535520 0.0238517 0.0167129
