21 0.0939342 0.5400847 0.0280171 0.0174483
28 0.3078832 0.2888295 0.0280171 0.0174483
32 0.3072464 0.3248893 0.5106758 0.5153056
33 0.3855670 0.0817768 0.0127351 0.0151218
10 0.3078832 0.2260158 0.0280171 0.0174483
22 0.3791995 0.2260158 0.0280171 0.0174483
34 0.4505158 0.2265974 0.0662223 0.0628138
18 0.4505158 0.2260158 0.0280171 0.0174483
27 0.5218322 0.2260158 0.0280171 0.0174483
19 0.0939342 0.2888295 0.0280171 0.0174483
21 0.1652505 0.2888295 0.0280171 0.0174483
4 0.5218322 0.2888295 0.0280171 0.0174483
29 0.1652505 0.3516433 0.0280171 0.0174483
14 0.2365668 0.3516433 0.0280171 0.0174483
9 0.3791995 0.3516433 0.0280171 0.0174483
2 0.4505158 0.3516433 0.0280171 0.0174483
6 0.5218322 0.3516433 0.0280171 0.0174483
15 0.0939342 0.4144571 0.0280171 0.0174483
23 0.1652505 0.4144571 0.0280171 0.0174483
11 0.2365668 0.4144571 0.0280171 0.0174483
7 0.3078832 0.4144571 0.0280171 0.0174483
5 0.5218322 0.4144571 0.0280171 0.0174483
16 0.1652505 0.4772709 0.0280171 0.0174483
18 0.2365668 0.4772709 0.0280171 0.0174483
24 0.3078832 0.4772709 0.0280171 0.0174483
20 0.4505158 0.4772709 0.0280171 0.0174483
25 0.1652505 0.5400847 0.0280171 0.0174483
8 0.2365668 0.5400847 0.0280171 0.0174483
12 0.4505158 0.5400847 0.0280171 0.0174483
4 0.3791995 0.4772709 0.0280171 0.0174483
30 0.5218322 0.4772709 0.0280171 0.0174483
2 0.3791995 0.5400847 0.0280171 0.0174483
25 0.0939342 0.3516433 0.0280171 0.0174483
10 0.3078832 0.5400847 0.0280171 0.0174483
19 0.3791995 0.4144571 0.0280171 0.0174483
21 0.4505158 0.2888295 0.0280171 0.0174483
9 0.4505158 0.4144571 0.0280171 0.0174483
22 0.0939342 0.4772709 0.0280171 0.0174483
6 0.5218322 0.5400847 0.0280171 0.0174483
29 0.0939342 0.2260158 0.0280171 0.0174483
12 0.2365668 0.2260158 0.0280171 0.0174483
25 0.3078832 0.3516433 0.0280171 0.0174483
29 0.1652505 0.2260158 0.0280171 0.0174483
4 0.3791995 0.2888295 0.0280171 0.0174483
13 0.2365668 0.2888295 0.0280171 0.0174483
