20 0.6276289 0.3898596 0.0236145 0.0167829
16 0.4252189 0.5325144 0.0236145 0.0156641
32 0.5168656 0.3344759 0.3845790 0.4900614
33 0.6495566 0.1437101 0.0134940 0.0190207
31 0.3746164 0.2466453 0.0236145 0.0167829
5 0.5264239 0.2466453 0.0236145 0.0167829
13 0.6276289 0.2466453 0.0236145 0.0167829
14 0.4758214 0.3182525 0.0236145 0.0167829
30 0.5264239 0.3182525 0.0236145 0.0167829
24 0.5770264 0.3182525 0.0236145 0.0167829
10 0.6276289 0.3182525 0.0236145 0.0167829
28 0.6782314 0.3182525 0.0236145 0.0167829
18 0.3746164 0.3898596 0.0236145 0.0167829
4 0.4758214 0.4609073 0.0236145 0.0156641
22 0.5770264 0.4609073 0.0236145 0.0156641
19 0.6782314 0.4609073 0.0236145 0.0156641
23 0.3746164 0.5325144 0.0236145 0.0156641
34 0.4758214 0.5325145 0.0438555 0.0447544
19 0.4758214 0.5325144 0.0236145 0.0156641
29 0.5264239 0.5325144 0.0236145 0.0156641
9 0.6276289 0.5325144 0.0236145 0.0156641
3 0.6782314 0.5325144 0.0236145 0.0156641
3 0.5770264 0.5325144 0.0236145 0.0156641
15 0.5264239 0.4609073 0.0236145 0.0156641
5 0.3746164 0.4609073 0.0236145 0.0156641
21 0.6782314 0.2466453 0.0236145 0.0167829
3 0.4252189 0.4609073 0.0236145 0.0156641
3 0.6782314 0.3898596 0.0236145 0.0167829
21 0.4252189 0.2466453 0.0236145 0.0167829
8 0.5264239 0.3898596 0.0236145 0.0167829
26 0.5770264 0.2466453 0.0236145 0.0167829
20 0.5770264 0.3898596 0.0236145 0.0167829
5 0.3746164 0.3182525 0.0236145 0.0167829
24 0.4252189 0.3182525 0.0236145 0.0167829
7 0.4252189 0.3898596 0.0236145 0.0167829
12 0.4758214 0.3898596 0.0236145 0.0167829
2 0.6276289 0.4609073 0.0236145 0.0156641
15 0.4758214 0.2466453 0.0236145 0.0167829
