25 0.5297215 0.4571176 0.0266148 0.0170413
10 0.5974681 0.4571176 0.0266147 0.0170413
32 0.4619749 0.6087848 0.4887434 0.5044213
33 0.5363752 0.3685031 0.0108878 0.0147691
34 0.3264816 0.4576856 0.0629076 0.0613485
22 0.3264816 0.4571176 0.0266148 0.0170413
31 0.3942282 0.4571176 0.0266148 0.0170413
26 0.6652147 0.4571176 0.0266148 0.0170413
6 0.2587350 0.5184661 0.0266148 0.0170413
28 0.4619749 0.5184661 0.0266147 0.0170413
9 0.3942282 0.5798147 0.0266148 0.0170413
24 0.6652147 0.5798147 0.0266148 0.0170413
5 0.2587350 0.6411632 0.0266148 0.0170413
19 0.3264816 0.6411632 0.0266148 0.0170413
29 0.3942282 0.6411632 0.0266148 0.0170413
4 0.4619749 0.6411632 0.0266147 0.0170413
27 0.5974681 0.6411632 0.0266147 0.0170413
16 0.6652147 0.6411632 0.0266148 0.0170413
13 0.2587350 0.7025117 0.0266148 0.0170413
22 0.3942282 0.7025117 0.0266148 0.0170413
15 0.4619749 0.7025117 0.0266147 0.0170413
1 0.5297215 0.7025117 0.0266148 0.0170413
17 0.3264816 0.5184661 0.0266148 0.0170413
11 0.3942282 0.5184661 0.0266148 0.0170413
4 0.3264816 0.5798147 0.0266148 0.0170413
15 0.4619749 0.4571176 0.0266147 0.0170413
19 0.5974681 0.7025117 0.0266147 0.0170413
22 0.2587350 0.5798147 0.0266148 0.0170413
2 0.5974681 0.5798147 0.0266147 0.0170413
8 0.5297215 0.6411632 0.0266148 0.0170413
19 0.5297215 0.5184661 0.0266148 0.0170413
23 0.4619749 0.5798147 0.0266147 0.0170413
14 0.6652147 0.5184661 0.0266148 0.0170413
2 0.2587350 0.4571176 0.0266148 0.0170413
3 0.5297215 0.5798147 0.0266148 0.0170413
29 0.6652147 0.7025117 0.0266148 0.0170413
27 0.3264816 0.7025117 0.0266148 0.0170413
26 0.5974681 0.5184661 0.0266147 0.0170413
