22 0.3805447 0.2705365 0.0264699 0.0172662
25 0.4479227 0.3948532 0.0264699 0.0172662
32 0.5153006 0.3620475 0.4860838 0.5110798
33 0.5892960 0.1185939 0.0108286 0.0149641
17 0.3131668 0.2083782 0.0264699 0.0172662
7 0.5826786 0.2083782 0.0264699 0.0172662
29 0.6500565 0.2083782 0.0264699 0.0172662
9 0.3131668 0.2705365 0.0264699 0.0172662
24 0.4479227 0.2705365 0.0264699 0.0172662
28 0.5153006 0.2705365 0.0264699 0.0172662
30 0.5826786 0.2705365 0.0264699 0.0172662
26 0.7174345 0.2705365 0.0264699 0.0172662
8 0.3131668 0.3326949 0.0264699 0.0172662
21 0.4479227 0.3326949 0.0264699 0.0172662
15 0.5826786 0.3326949 0.0264699 0.0172662
5 0.3131668 0.3948532 0.0264699 0.0172662
13 0.3805447 0.3948532 0.0264699 0.0172662
22 0.6500565 0.3948532 0.0264699 0.0172662
16 0.7174345 0.3948532 0.0264699 0.0172662
27 0.3131668 0.4570116 0.0264699 0.0172662
20 0.3805447 0.4570116 0.0264699 0.0172662
18 0.5826786 0.4570116 0.0264699 0.0172662
34 0.6500565 0.4575871 0.0625652 0.0621583
21 0.6500565 0.4570116 0.0264699 0.0172662
3 0.7174345 0.4570116 0.0264699 0.0172662
10 0.3131668 0.5191700 0.0264699 0.0172662
23 0.3805447 0.5191700 0.0264699 0.0172662
31 0.4479227 0.5191700 0.0264699 0.0172662
19 0.7174345 0.5191700 0.0264699 0.0172662
16 0.7174345 0.3326949 0.0264699 0.0172662
1 0.5826786 0.3948532 0.0264699 0.0172662
5 0.4479227 0.4570116 0.0264699 0.0172662
30 0.3805447 0.3326949 0.0264699 0.0172662
26 0.3805447 0.2083782 0.0264699 0.0172662
14 0.4479227 0.2083782 0.0264699 0.0172662
16 0.5153006 0.4570116 0.0264699 0.0172662
9 0.5153006 0.2083782 0.0264699 0.0172662
5 0.6500565 0.3326949 0.0264699 0.0172662
11 0.7174345 0.2083782 0.0264699 0.0172662
31 0.5153006 0.5191700 0.0264699 0.0172662
25 0.5826786 0.5191700 0.0264699 0.0172662
2 0.5153006 0.3948532 0.0264699 0.0172662
26 0.6500565 0.2705365 0.0264699 0.0172662
27 0.6500565 0.5191700 0.0264699 0.0172662
17 0.5153006 0.3326949 0.0264699 0.0172662
