17 0.5033059 0.5418037 0.0272839 0.0171931
23 0.4338560 0.4799087 0.0272839 0.0171931
32 0.2943362 0.4535460 0.4973106 0.5077682
33 0.3706071 0.2139895 0.0124018 0.0149006
16 0.0866067 0.3561187 0.0272839 0.0171931
24 0.2949563 0.3561187 0.0272839 0.0171931
6 0.3644062 0.3561187 0.0272839 0.0171931
29 0.4338560 0.3561187 0.0272839 0.0171931
14 0.2255064 0.4180137 0.0272839 0.0171931
9 0.2949563 0.4180137 0.0272839 0.0171931
2 0.3644062 0.4180137 0.0272839 0.0171931
5 0.5033059 0.4180137 0.0272839 0.0171931
11 0.2949563 0.4799087 0.0272839 0.0171931
34 0.1560566 0.5423768 0.0644892 0.0618949
22 0.1560566 0.5418037 0.0272839 0.0171931
21 0.2949563 0.5418037 0.0272839 0.0171931
3 0.3644062 0.5418037 0.0272839 0.0171931
28 0.4338560 0.5418037 0.0272839 0.0171931
4 0.1560566 0.6036987 0.0272839 0.0171931
25 0.2255064 0.6036987 0.0272839 0.0171931
19 0.4338560 0.6036987 0.0272839 0.0171931
26 0.5033059 0.6036987 0.0272839 0.0171931
31 0.0866067 0.4180137 0.0272839 0.0171931
7 0.1560566 0.4180137 0.0272839 0.0171931
18 0.0866067 0.6036987 0.0272839 0.0171931
10 0.3644062 0.6036987 0.0272839 0.0171931
28 0.2949563 0.6036987 0.0272839 0.0171931
22 0.4338560 0.4180137 0.0272839 0.0171931
30 0.1560566 0.4799087 0.0272839 0.0171931
26 0.5033059 0.3561187 0.0272839 0.0171931
16 0.2255064 0.5418037 0.0272839 0.0171931
21 0.3644062 0.4799087 0.0272839 0.0171931
30 0.0866067 0.4799087 0.0272839 0.0171931
15 0.2255064 0.4799087 0.0272839 0.0171931
15 0.5033059 0.4799087 0.0272839 0.0171931
3 0.1560566 0.3561187 0.0272839 0.0171931
24 0.0866067 0.5418037 0.0272839 0.0171931
16 0.2255064 0.3561187 0.0272839 0.0171931
