21 0.5824283 0.4804034 0.0281942 0.0173697
19 0.2235929 0.3553417 0.0281942 0.0173697
32 0.4382534 0.3287082 0.5139036 0.5129846
33 0.5170690 0.0866906 0.0128156 0.0150537
1 0.2953600 0.2302800 0.0281942 0.0173697
23 0.4388942 0.2302800 0.0281942 0.0173697
26 0.5106612 0.2302800 0.0281943 0.0173697
8 0.5824283 0.2302800 0.0281942 0.0173697
6 0.6541954 0.2302800 0.0281942 0.0173697
20 0.2235929 0.2928108 0.0281942 0.0173697
10 0.5106612 0.2928108 0.0281943 0.0173697
22 0.5824283 0.2928108 0.0281942 0.0173697
19 0.6541954 0.2928108 0.0281942 0.0173697
11 0.2953600 0.3553417 0.0281942 0.0173697
21 0.3671271 0.3553417 0.0281942 0.0173697
9 0.2953600 0.4178725 0.0281942 0.0173697
15 0.5106612 0.4178725 0.0281943 0.0173697
14 0.5824283 0.4178725 0.0281942 0.0173697
24 0.3671271 0.4804034 0.0281942 0.0173697
34 0.5106612 0.4809824 0.0666408 0.0625309
19 0.5106612 0.4804034 0.0281943 0.0173697
16 0.6541954 0.4804034 0.0281942 0.0173697
31 0.6541954 0.3553417 0.0281942 0.0173697
29 0.2953600 0.4804034 0.0281942 0.0173697
9 0.4388942 0.4178725 0.0281942 0.0173697
15 0.3671271 0.4178725 0.0281942 0.0173697
21 0.5106612 0.3553417 0.0281943 0.0173697
2 0.6541954 0.4178725 0.0281942 0.0173697
11 0.4388942 0.2928108 0.0281942 0.0173697
5 0.2235929 0.4178725 0.0281942 0.0173697
24 0.4388942 0.3553417 0.0281942 0.0173697
25 0.5824283 0.3553417 0.0281942 0.0173697
15 0.2235929 0.2302800 0.0281942 0.0173697
16 0.4388942 0.4804034 0.0281942 0.0173697
28 0.2953600 0.2928108 0.0281942 0.0173697
22 0.3671271 0.2302800 0.0281942 0.0173697
22 0.2235929 0.4804034 0.0281942 0.0173697
4 0.3671271 0.2928108 0.0281942 0.0173697
