27 0.7076629 0.4873474 0.0252043 0.0170856
27 0.5988258 0.2874462 0.0252043 0.0159465
32 0.5507084 0.3546495 0.4330569 0.3804386
33 0.7294303 0.2105612 0.0091652 0.0148075
19 0.3834431 0.2874462 0.0252044 0.0159465
27 0.5455530 0.2874462 0.0240587 0.0159465
2 0.4384344 0.3364248 0.0252044 0.0159466
8 0.4917073 0.3364248 0.0240587 0.0159466
14 0.5455530 0.3364248 0.0240587 0.0159466
25 0.5988258 0.3364248 0.0252043 0.0159466
6 0.6526715 0.3364248 0.0252044 0.0159466
20 0.7076629 0.3364248 0.0252043 0.0159466
15 0.5988258 0.3865425 0.0252043 0.0159465
35 0.7076628 0.3865425 0.0458261 0.0455615
15 0.7076629 0.3865425 0.0252043 0.0159465
30 0.3834431 0.4366602 0.0252044 0.0159465
16 0.4384344 0.4366602 0.0252044 0.0159465
24 0.5988258 0.4366602 0.0252043 0.0159465
23 0.6526715 0.4366602 0.0252044 0.0159465
28 0.7076629 0.4366602 0.0252043 0.0159465
13 0.4917073 0.4873474 0.0240587 0.0170856
5 0.5988258 0.4873474 0.0252043 0.0170856
14 0.4384344 0.3865425 0.0252044 0.0159465
4 0.3834431 0.4873474 0.0252044 0.0170856
12 0.4917073 0.2874462 0.0240587 0.0159465
9 0.3834431 0.3865425 0.0252044 0.0159465
26 0.4384344 0.2874462 0.0252044 0.0159465
4 0.5455530 0.4366602 0.0240587 0.0159465
7 0.4917073 0.3865425 0.0240587 0.0159465
31 0.6526715 0.2874462 0.0252044 0.0159465
4 0.5455530 0.3865425 0.0240587 0.0159465
12 0.6526715 0.3865425 0.0252044 0.0159465
21 0.3834431 0.3364248 0.0252044 0.0159466
9 0.5455530 0.4873474 0.0240587 0.0170856
27 0.6526715 0.4873474 0.0252044 0.0170856
9 0.7076629 0.2874462 0.0252043 0.0159465
31 0.4917073 0.4366602 0.0240587 0.0159465
21 0.4384344 0.4873474 0.0252044 0.0170856
