28 0.3083265 0.6359550 0.0286684 0.0162316
5 0.6002233 0.6359550 0.0286684 0.0162316
32 0.4549265 0.5721110 0.5277599 0.4772068
33 0.5324616 0.3600191 0.0104249 0.0119031
22 0.3813007 0.4606545 0.0286684 0.0162315
6 0.4542749 0.4606545 0.0286684 0.0162315
34 0.3083265 0.5185470 0.0677618 0.0584335
7 0.3083265 0.5185470 0.0286684 0.0151494
10 0.3813007 0.5185470 0.0286684 0.0151494
3 0.4542749 0.5185470 0.0286684 0.0151494
17 0.5272491 0.5185470 0.0286684 0.0151494
8 0.2353523 0.5775214 0.0286684 0.0162316
21 0.4542749 0.5775214 0.0286684 0.0162316
5 0.5272491 0.5775214 0.0286684 0.0162316
14 0.6731975 0.5775214 0.0286684 0.0162316
30 0.3813007 0.6359550 0.0286684 0.0162316
15 0.4542749 0.6359550 0.0286684 0.0162316
31 0.5272491 0.6359550 0.0286684 0.0162316
12 0.2353523 0.6943884 0.0286684 0.0162316
20 0.3083265 0.6943884 0.0286684 0.0162316
4 0.5272491 0.6943884 0.0286684 0.0162316
25 0.6731975 0.6943884 0.0286684 0.0162316
10 0.6002233 0.6943884 0.0286684 0.0162316
28 0.3083265 0.5775214 0.0286684 0.0162316
30 0.3813007 0.5775214 0.0286684 0.0162316
20 0.6731975 0.6359550 0.0286684 0.0162316
22 0.3083265 0.4606545 0.0286684 0.0162315
22 0.4542749 0.6943884 0.0286684 0.0162316
11 0.6731975 0.4606545 0.0286684 0.0162315
1 0.3813007 0.6943884 0.0286684 0.0162316
3 0.6002233 0.4606545 0.0286684 0.0162315
24 0.5272491 0.4606545 0.0286684 0.0162315
15 0.2353523 0.6359550 0.0286684 0.0162316
26 0.6002233 0.5185470 0.0286684 0.0151494
28 0.6002233 0.5775214 0.0286684 0.0162316
15 0.2353523 0.5185470 0.0286684 0.0151494
18 0.6731975 0.5185470 0.0286684 0.0151494
12 0.2353523 0.4606545 0.0286684 0.0162315
