7 0.3353741 0.4591586 0.0287585 0.0172258
9 0.2621706 0.5211716 0.0287585 0.0172258
32 0.3347205 0.4947586 0.5241893 0.5087361
33 0.4151136 0.2547454 0.0130721 0.0149291
9 0.2621706 0.3971456 0.0287585 0.0172258
14 0.5549846 0.3971456 0.0287585 0.0172258
28 0.1889671 0.4591586 0.0287585 0.0172258
5 0.4085776 0.4591586 0.0287585 0.0172258
7 0.4817811 0.4591586 0.0287585 0.0172258
10 0.1157636 0.5211716 0.0287585 0.0172258
17 0.1889671 0.5211716 0.0287585 0.0172258
29 0.3353741 0.5211716 0.0287585 0.0172258
24 0.4817811 0.5211716 0.0287585 0.0172258
16 0.1157636 0.5831845 0.0287585 0.0172258
4 0.1889671 0.5831845 0.0287585 0.0172258
22 0.2621706 0.5831845 0.0287585 0.0172258
11 0.4085776 0.5831845 0.0287585 0.0172258
34 0.4817811 0.5837587 0.0679747 0.0620130
13 0.4817811 0.5831845 0.0287585 0.0172258
25 0.1889671 0.6451975 0.0287585 0.0172258
3 0.2621706 0.6451975 0.0287585 0.0172258
18 0.5549846 0.6451975 0.0287585 0.0172258
17 0.5549846 0.4591586 0.0287585 0.0172258
30 0.5549846 0.5831845 0.0287585 0.0172258
1 0.1157636 0.6451975 0.0287585 0.0172258
13 0.1157636 0.3971456 0.0287585 0.0172258
6 0.4817811 0.3971456 0.0287585 0.0172258
26 0.4085776 0.6451975 0.0287585 0.0172258
1 0.4817811 0.6451975 0.0287585 0.0172258
6 0.3353741 0.3971456 0.0287585 0.0172258
3 0.1889671 0.3971456 0.0287585 0.0172258
16 0.3353741 0.5831845 0.0287585 0.0172258
19 0.1157636 0.4591586 0.0287585 0.0172258
23 0.2621706 0.4591586 0.0287585 0.0172258
9 0.4085776 0.3971456 0.0287585 0.0172258
24 0.4085776 0.5211716 0.0287585 0.0172258
22 0.5549846 0.5211716 0.0287585 0.0172258
12 0.3353741 0.6451975 0.0287585 0.0172258
