24 0.4828363 0.2314882 0.0233006 0.0148573
30 0.4828363 0.2781827 0.0233006 0.0148573
32 0.5839822 0.2214064 0.3950517 0.3979649
33 0.7518528 0.0664654 0.0084730 0.0116736
11 0.4828363 0.1391603 0.0233006 0.0148573
1 0.5320854 0.1391603 0.0222415 0.0148573
35 0.6311131 0.1391603 0.0423648 0.0424496
9 0.6311131 0.1391603 0.0233006 0.0148573
23 0.6808917 0.1391603 0.0233006 0.0148573
30 0.7317294 0.1391603 0.0233006 0.0148573
5 0.4319985 0.1847936 0.0233006 0.0148573
8 0.4828363 0.1847936 0.0233006 0.0148573
12 0.5320854 0.1847936 0.0222415 0.0148573
15 0.5818640 0.1847936 0.0222416 0.0148573
16 0.6808917 0.1847936 0.0233006 0.0148573
19 0.5320854 0.2314882 0.0222415 0.0148573
10 0.6808917 0.2314882 0.0233006 0.0148573
6 0.5818640 0.2781827 0.0222416 0.0148573
18 0.6311131 0.2781827 0.0233006 0.0148573
13 0.6808917 0.2781827 0.0233006 0.0148573
14 0.4319985 0.3254079 0.0233006 0.0159186
21 0.4828363 0.3254079 0.0233006 0.0159186
28 0.6311131 0.3254079 0.0233006 0.0159186
24 0.6808917 0.3254079 0.0233006 0.0159186
25 0.7317294 0.3254079 0.0233006 0.0159186
2 0.5320854 0.3721024 0.0222415 0.0159186
3 0.5818640 0.3721024 0.0222416 0.0159186
17 0.7317294 0.3721024 0.0233006 0.0159186
25 0.6808917 0.3721024 0.0233006 0.0159186
11 0.4319985 0.2781827 0.0233006 0.0148573
17 0.5320854 0.2781827 0.0222415 0.0148573
11 0.4319985 0.2314882 0.0233006 0.0148573
18 0.5818640 0.1391603 0.0222416 0.0148573
12 0.7317294 0.2781827 0.0233006 0.0148573
27 0.6311131 0.3721024 0.0233006 0.0159186
6 0.4319985 0.3721024 0.0233006 0.0159186
22 0.4828363 0.3721024 0.0233006 0.0159186
1 0.7317294 0.2314882 0.0233006 0.0148573
26 0.6311131 0.1847936 0.0233006 0.0148573
30 0.7317294 0.1847936 0.0233006 0.0148573
9 0.6311131 0.2314882 0.0233006 0.0148573
16 0.5320854 0.3254079 0.0222415 0.0159186
14 0.5818640 0.2314882 0.0222416 0.0148573
17 0.4319985 0.1391603 0.0233006 0.0148573
28 0.5818640 0.3254079 0.0222416 0.0159186
