20 0.3497616 0.1292396 0.0242087 0.0153468
8 0.4039429 0.2728425 0.0242087 0.0153468
32 0.4091305 0.1939157 0.4357564 0.3661325
33 0.5889665 0.0552458 0.0092223 0.0142507
17 0.2408225 0.1292396 0.0253615 0.0153468
6 0.4039429 0.1292396 0.0242087 0.0153468
12 0.4575479 0.1292396 0.0253615 0.0153468
35 0.2408225 0.1763764 0.0461118 0.0438482
30 0.2408225 0.1763764 0.0253615 0.0153468
3 0.2961566 0.1763764 0.0253615 0.0153468
26 0.4575479 0.1763764 0.0253615 0.0153468
24 0.2961566 0.2246094 0.0253615 0.0153469
16 0.3497616 0.2246094 0.0242087 0.0153469
7 0.2408225 0.2728425 0.0253615 0.0153468
28 0.2961566 0.2728425 0.0253615 0.0153468
4 0.4575479 0.2728425 0.0253615 0.0153468
2 0.5117292 0.2728425 0.0253615 0.0153468
11 0.5670633 0.2728425 0.0253614 0.0153468
30 0.2408225 0.3216236 0.0253615 0.0164431
29 0.4575479 0.3216236 0.0253615 0.0164431
10 0.5670633 0.3216236 0.0253614 0.0164431
11 0.2961566 0.3216236 0.0253615 0.0164431
4 0.5117292 0.2246094 0.0253615 0.0153469
11 0.4039429 0.3216236 0.0242087 0.0164431
27 0.2961566 0.1292396 0.0253615 0.0153468
4 0.4039429 0.2246094 0.0242087 0.0153469
6 0.2408225 0.2246094 0.0253615 0.0153469
8 0.3497616 0.3216236 0.0242087 0.0164431
1 0.5670633 0.1292396 0.0253614 0.0153468
7 0.5117292 0.3216236 0.0253615 0.0164431
6 0.5117292 0.1292396 0.0253615 0.0153468
13 0.3497616 0.2728425 0.0242087 0.0153468
29 0.5670633 0.1763764 0.0253614 0.0153468
1 0.5670633 0.2246094 0.0253614 0.0153469
3 0.4575479 0.2246094 0.0253615 0.0153469
26 0.5117292 0.1763764 0.0253615 0.0153468
12 0.3497616 0.1763764 0.0242087 0.0153468
16 0.4039429 0.1763764 0.0242087 0.0153468
