14 0.3489652 0.6401360 0.0286720 0.0174791
1 0.5679146 0.6401360 0.0286720 0.0174791
32 0.4212967 0.5282695 0.5226113 0.5068949
33 0.5020995 0.2876401 0.0117294 0.0139833
8 0.2029990 0.3884364 0.0286720 0.0174791
20 0.2759821 0.3884364 0.0286720 0.0174791
15 0.5679146 0.3884364 0.0286720 0.0174791
26 0.2759821 0.4513614 0.0286720 0.0174791
19 0.4219484 0.4513614 0.0286720 0.0174791
12 0.4949315 0.4513614 0.0286720 0.0174791
22 0.2029990 0.5142862 0.0286720 0.0174791
23 0.4219484 0.5142862 0.0286720 0.0174791
34 0.4949315 0.5148689 0.0677700 0.0629249
7 0.4949315 0.5142862 0.0286720 0.0174791
21 0.5679146 0.5142862 0.0286720 0.0174791
10 0.2029990 0.5772111 0.0286720 0.0174791
28 0.2759821 0.5772111 0.0286720 0.0174791
27 0.4219484 0.5772111 0.0286720 0.0174791
11 0.4949315 0.5772111 0.0286720 0.0174791
14 0.5679146 0.5772111 0.0286720 0.0174791
13 0.6408978 0.6401360 0.0286720 0.0174791
18 0.4219484 0.3884364 0.0286720 0.0174791
27 0.6408978 0.5772111 0.0286720 0.0174791
31 0.2759821 0.6401360 0.0286720 0.0174791
1 0.3489652 0.5142862 0.0286720 0.0174791
7 0.6408978 0.4513614 0.0286720 0.0174791
16 0.2029990 0.4513614 0.0286720 0.0174791
16 0.5679146 0.4513614 0.0286720 0.0174791
17 0.6408978 0.5142862 0.0286720 0.0174791
21 0.4949315 0.3884364 0.0286720 0.0174791
28 0.2029990 0.6401360 0.0286720 0.0174791
17 0.3489652 0.4513614 0.0286720 0.0174791
2 0.4949315 0.6401360 0.0286720 0.0174791
29 0.3489652 0.3884364 0.0286720 0.0174791
4 0.4219484 0.6401360 0.0286720 0.0174791
7 0.6408978 0.3884364 0.0286720 0.0174791
16 0.3489652 0.5772111 0.0286720 0.0174791
23 0.2759821 0.5142862 0.0286720 0.0174791
