31 0.6446566 0.3844730 0.0263316 0.0172184
21 0.7116827 0.4464592 0.0263318 0.0172184
32 0.5770321 0.4602340 0.4799551 0.4993337
33 0.6512395 0.2231939 0.0107720 0.0137748
2 0.4435782 0.3224867 0.0263317 0.0172184
8 0.6446566 0.3224867 0.0263316 0.0172184
26 0.7116827 0.3224867 0.0263318 0.0172184
5 0.7787089 0.3224867 0.0263316 0.0172184
11 0.4435782 0.3844730 0.0263317 0.0172184
10 0.5106043 0.3844730 0.0263317 0.0172184
21 0.5776305 0.3844730 0.0263317 0.0172184
34 0.3765520 0.4470332 0.0622386 0.0619863
28 0.3765520 0.4464592 0.0263317 0.0172184
24 0.5776305 0.4464592 0.0263317 0.0172184
16 0.3765520 0.5084455 0.0263317 0.0172184
18 0.4435782 0.5084455 0.0263317 0.0172184
1 0.5106043 0.5084455 0.0263317 0.0172184
13 0.7116827 0.5084455 0.0263318 0.0172184
17 0.5106043 0.5704317 0.0263317 0.0172184
28 0.5776305 0.5704317 0.0263317 0.0172184
31 0.6446566 0.5704317 0.0263316 0.0172184
20 0.7116827 0.5704317 0.0263318 0.0172184
19 0.4435782 0.6324179 0.0263317 0.0172184
15 0.5106043 0.6324179 0.0263317 0.0172184
14 0.5776305 0.6324179 0.0263317 0.0172184
25 0.6446566 0.6324179 0.0263316 0.0172184
22 0.7116827 0.6324179 0.0263318 0.0172184
29 0.7787089 0.6324179 0.0263316 0.0172184
23 0.5106043 0.3224867 0.0263317 0.0172184
21 0.3765520 0.3844730 0.0263317 0.0172184
2 0.7787089 0.4464592 0.0263316 0.0172184
4 0.3765520 0.6324179 0.0263317 0.0172184
5 0.6446566 0.5084455 0.0263316 0.0172184
20 0.7787089 0.3844730 0.0263316 0.0172184
21 0.7787089 0.5084455 0.0263316 0.0172184
18 0.5776305 0.5084455 0.0263317 0.0172184
20 0.5106043 0.4464592 0.0263317 0.0172184
6 0.7116827 0.3844730 0.0263318 0.0172184
16 0.4435782 0.4464592 0.0263317 0.0172184
1 0.3765520 0.3224867 0.0263317 0.0172184
28 0.5776305 0.3224867 0.0263317 0.0172184
26 0.4435782 0.5704317 0.0263317 0.0172184
3 0.7787089 0.5704317 0.0263316 0.0172184
14 0.3765520 0.5704317 0.0263317 0.0172184
28 0.6446566 0.4464592 0.0263316 0.0172184
