30 0.3976365 0.5282808 0.0245677 0.0168958
20 0.3976365 0.3790343 0.0245677 0.0157694
32 0.2446465 0.3970565 0.4221184 0.3762138
33 0.4188541 0.2545683 0.0089337 0.0146431
1 0.0816060 0.3305996 0.0245677 0.0157694
31 0.1352084 0.3305996 0.0245677 0.0157694
18 0.1871356 0.3305996 0.0234510 0.0157694
27 0.2915485 0.3305996 0.0245678 0.0157694
13 0.3440342 0.3305996 0.0245678 0.0157694
3 0.3976365 0.3305996 0.0245677 0.0157694
10 0.1352084 0.3790343 0.0245677 0.0157694
15 0.1871356 0.3790343 0.0234510 0.0157694
28 0.2396213 0.3790343 0.0234510 0.0157694
17 0.1871356 0.4285954 0.0234510 0.0157694
11 0.2396213 0.4285954 0.0234510 0.0157694
23 0.2915485 0.4285954 0.0245678 0.0157694
29 0.3440342 0.4285954 0.0245678 0.0157694
5 0.1352084 0.4781565 0.0245677 0.0157694
16 0.2915485 0.4781565 0.0245678 0.0157694
35 0.3440342 0.5282808 0.0446686 0.0439292
22 0.3440342 0.5282808 0.0245678 0.0168958
22 0.0816060 0.4285954 0.0245677 0.0157694
4 0.3976365 0.4781565 0.0245677 0.0157694
11 0.2396213 0.5282808 0.0234510 0.0168958
22 0.1871356 0.5282808 0.0234510 0.0168958
3 0.2396213 0.4781565 0.0234510 0.0157694
13 0.0816060 0.4781565 0.0245677 0.0157694
23 0.0816060 0.5282808 0.0245677 0.0168958
28 0.2915485 0.3790343 0.0245678 0.0157694
3 0.3440342 0.3790343 0.0245678 0.0157694
7 0.0816060 0.3790343 0.0245677 0.0157694
2 0.1871356 0.4781565 0.0234510 0.0157694
21 0.2915485 0.5282808 0.0245678 0.0168958
22 0.3440342 0.4781565 0.0245678 0.0157694
7 0.2396213 0.3305996 0.0234510 0.0157694
8 0.3976365 0.4285954 0.0245677 0.0157694
4 0.1352084 0.4285954 0.0245677 0.0157694
5 0.1352084 0.5282808 0.0245677 0.0168958
