28 0.6253511 0.6364429 0.0268710 0.0160550
4 0.7621490 0.4052503 0.0268710 0.0160550
32 0.5563414 0.4962289 0.4897854 0.4741587
33 0.6314582 0.2725287 0.0122141 0.0139144
26 0.4201542 0.4052503 0.0268710 0.0160550
13 0.6253511 0.4052503 0.0268710 0.0160550
4 0.3517553 0.4630485 0.0268710 0.0160551
25 0.4201542 0.4630485 0.0268710 0.0160551
7 0.5569521 0.4630485 0.0268710 0.0160551
28 0.3517553 0.5208466 0.0268710 0.0160551
12 0.4201542 0.5208466 0.0268710 0.0160551
18 0.5569521 0.5208466 0.0268710 0.0160551
21 0.6253511 0.5208466 0.0268710 0.0160551
2 0.6937502 0.5208466 0.0268710 0.0160551
5 0.7621490 0.5208466 0.0268710 0.0160551
30 0.4201542 0.5786447 0.0268710 0.0160550
22 0.4885532 0.5786447 0.0268710 0.0160550
29 0.5569521 0.5786447 0.0268710 0.0160550
31 0.3517553 0.6364429 0.0268710 0.0160550
16 0.4885532 0.6364429 0.0268710 0.0160550
6 0.5569521 0.6364429 0.0268710 0.0160550
20 0.6937502 0.6364429 0.0268710 0.0160550
19 0.7621490 0.6364429 0.0268710 0.0160550
34 0.3517553 0.6947762 0.0635133 0.0577981
28 0.3517553 0.6942410 0.0268710 0.0160550
14 0.4885532 0.6942410 0.0268710 0.0160550
3 0.6937502 0.6942410 0.0268710 0.0160550
27 0.7621490 0.6942410 0.0268710 0.0160550
22 0.3517553 0.5786447 0.0268710 0.0160550
16 0.4885532 0.4052503 0.0268710 0.0160550
31 0.6937502 0.5786447 0.0268710 0.0160550
31 0.6253511 0.5786447 0.0268710 0.0160550
9 0.3517553 0.4052503 0.0268710 0.0160550
14 0.6937502 0.4052503 0.0268710 0.0160550
30 0.7621490 0.4630485 0.0268710 0.0160551
10 0.4201542 0.6364429 0.0268710 0.0160550
18 0.7621490 0.5786447 0.0268710 0.0160550
17 0.5569521 0.4052503 0.0268710 0.0160550
27 0.4201542 0.6942410 0.0268710 0.0160550
20 0.6253511 0.6942410 0.0268710 0.0160550
13 0.4885532 0.4630485 0.0268710 0.0160551
22 0.4885532 0.5208466 0.0268710 0.0160551
22 0.6937502 0.4630485 0.0268710 0.0160551
21 0.5569521 0.6942410 0.0268710 0.0160550
13 0.6253511 0.4630485 0.0268710 0.0160551
