12 0.4333593 0.5673236 0.0278526 0.0169338
13 0.2915644 0.4454010 0.0278526 0.0169337
32 0.3624618 0.5961108 0.5114745 0.5012372
33 0.4403224 0.3573459 0.0113942 0.0146759
18 0.1497694 0.4454010 0.0278526 0.0169337
11 0.3624618 0.4454010 0.0278526 0.0169337
17 0.4333593 0.4454010 0.0278526 0.0169337
27 0.5042567 0.4454010 0.0278526 0.0169337
21 0.1497694 0.5063623 0.0278526 0.0169337
15 0.5042567 0.5063623 0.0278526 0.0169337
34 0.5751542 0.5069267 0.0658334 0.0609613
10 0.5751542 0.5063623 0.0278526 0.0169337
6 0.3624618 0.5673236 0.0278526 0.0169338
20 0.1497694 0.6282848 0.0278526 0.0169337
25 0.2206669 0.6282848 0.0278526 0.0169337
28 0.2915644 0.6282848 0.0278526 0.0169337
5 0.2206669 0.6892461 0.0278526 0.0169336
3 0.2915644 0.6892461 0.0278526 0.0169336
31 0.3624618 0.6892461 0.0278526 0.0169336
19 0.5042567 0.6892461 0.0278526 0.0169336
10 0.5751542 0.6892461 0.0278526 0.0169336
8 0.2206669 0.4454010 0.0278526 0.0169337
29 0.1497694 0.5673236 0.0278526 0.0169338
5 0.2915644 0.5673236 0.0278526 0.0169338
9 0.2206669 0.5673236 0.0278526 0.0169338
11 0.3624618 0.5063623 0.0278526 0.0169337
29 0.1497694 0.6892461 0.0278526 0.0169336
1 0.5042567 0.5673236 0.0278526 0.0169338
7 0.4333593 0.5063623 0.0278526 0.0169337
14 0.4333593 0.6282848 0.0278526 0.0169337
24 0.5751542 0.5673236 0.0278526 0.0169338
21 0.2915644 0.5063623 0.0278526 0.0169337
9 0.2206669 0.5063623 0.0278526 0.0169337
24 0.4333593 0.6892461 0.0278526 0.0169336
1 0.5042567 0.6282848 0.0278526 0.0169337
31 0.3624618 0.6282848 0.0278526 0.0169337
7 0.5751542 0.6282848 0.0278526 0.0169337
10 0.5751542 0.4454010 0.0278526 0.0169337
