14 0.5572031 0.5115690 0.0263802 0.0160508
4 0.7586518 0.5693521 0.0263802 0.0160509
32 0.6237531 0.5821928 0.4808387 0.4654746
33 0.6980972 0.3612261 0.0107919 0.0128407
10 0.4229041 0.4537860 0.0263802 0.0160509
29 0.4900536 0.4537860 0.0263802 0.0160509
9 0.5572031 0.4537860 0.0263802 0.0160509
17 0.7586518 0.4537860 0.0263802 0.0160509
6 0.8258013 0.4537860 0.0263802 0.0160509
18 0.4900536 0.5115690 0.0263802 0.0160508
20 0.6243526 0.5115690 0.0263802 0.0160508
15 0.7586518 0.5115690 0.0263802 0.0160508
23 0.8258013 0.5115690 0.0263802 0.0160508
26 0.4900536 0.5693521 0.0263802 0.0160509
2 0.6243526 0.6271351 0.0263802 0.0160509
7 0.7586518 0.6271351 0.0263802 0.0160509
25 0.8258013 0.6271351 0.0263802 0.0160509
34 0.5572031 0.6854532 0.0623532 0.0577831
27 0.5572031 0.6849182 0.0263802 0.0160509
11 0.6915022 0.6849182 0.0263802 0.0160509
31 0.8258013 0.6849182 0.0263802 0.0160509
13 0.4900536 0.6271351 0.0263802 0.0160509
23 0.5572031 0.5693521 0.0263802 0.0160509
27 0.4900536 0.6849182 0.0263802 0.0160509
6 0.4229041 0.5115690 0.0263802 0.0160508
21 0.6915022 0.5115690 0.0263802 0.0160508
23 0.6243526 0.6849182 0.0263802 0.0160509
14 0.4229041 0.5693521 0.0263802 0.0160509
6 0.5572031 0.6271351 0.0263802 0.0160509
21 0.7586518 0.6849182 0.0263802 0.0160509
17 0.6243526 0.4537860 0.0263802 0.0160509
13 0.4229041 0.6849182 0.0263802 0.0160509
18 0.6243526 0.5693521 0.0263802 0.0160509
14 0.6915022 0.6271351 0.0263802 0.0160509
13 0.4229041 0.6271351 0.0263802 0.0160509
5 0.6915022 0.5693521 0.0263802 0.0160509
19 0.6915022 0.4537860 0.0263802 0.0160509
21 0.8258013 0.5693521 0.0263802 0.0160509
