3 0.3561935 0.4569237 0.0227031 0.0154964
3 0.3561935 0.5277641 0.0227031 0.0154964
32 0.3956536 0.3318460 0.3697362 0.4848142
33 0.5232234 0.1431227 0.0129732 0.0188170
28 0.2588945 0.2449558 0.0227031 0.0166032
4 0.3075440 0.2449558 0.0227031 0.0166032
3 0.3561935 0.2449558 0.0227031 0.0166032
16 0.4048430 0.2449558 0.0227031 0.0166032
34 0.4534925 0.2449558 0.0421629 0.0431684
23 0.4534925 0.2449558 0.0227031 0.0166032
21 0.5021420 0.2449558 0.0227031 0.0166032
12 0.5507915 0.2449558 0.0227031 0.0166032
15 0.2588945 0.3157962 0.0227031 0.0166032
26 0.4534925 0.3157962 0.0227031 0.0166032
11 0.2588945 0.3866367 0.0227031 0.0166032
30 0.4048430 0.3866367 0.0227031 0.0166032
20 0.5021420 0.4569237 0.0227031 0.0154964
13 0.3075440 0.5277641 0.0227031 0.0154964
19 0.4048430 0.5277641 0.0227031 0.0154964
25 0.4534925 0.5277641 0.0227031 0.0154964
9 0.5021420 0.5277641 0.0227031 0.0154964
12 0.2588945 0.5277641 0.0227031 0.0154964
20 0.3561935 0.3157962 0.0227031 0.0166032
10 0.5021420 0.3866367 0.0227031 0.0166032
10 0.3561935 0.3866367 0.0227031 0.0166032
16 0.2588945 0.4569237 0.0227031 0.0154964
29 0.4048430 0.4569237 0.0227031 0.0154964
6 0.4534925 0.4569237 0.0227031 0.0154964
13 0.5507915 0.5277641 0.0227031 0.0154964
24 0.5507915 0.3866367 0.0227031 0.0166032
15 0.3075440 0.4569237 0.0227031 0.0154964
14 0.5507915 0.3157962 0.0227031 0.0166032
15 0.5507915 0.4569237 0.0227031 0.0154964
12 0.3075440 0.3157962 0.0227031 0.0166032
2 0.4048430 0.3157962 0.0227031 0.0166032
28 0.3075440 0.3866367 0.0227031 0.0166032
8 0.5021420 0.3157962 0.0227031 0.0166032
6 0.4534925 0.3866367 0.0227031 0.0166032
