23 0.5599613 0.6003252 0.0269387 0.0173657
5 0.2856766 0.4752927 0.0269387 0.0173657
32 0.4228189 0.5048143 0.4946920 0.5140224
33 0.4981248 0.2599590 0.0110204 0.0150502
6 0.2856766 0.3502602 0.0269387 0.0173656
25 0.3542478 0.3502602 0.0269387 0.0173656
8 0.4913901 0.3502602 0.0269387 0.0173656
2 0.6285325 0.3502602 0.0269387 0.0173656
12 0.2171054 0.4127765 0.0269387 0.0173656
4 0.2856766 0.4127765 0.0269387 0.0173656
23 0.3542478 0.4127765 0.0269387 0.0173656
34 0.4228190 0.4133553 0.0636732 0.0625162
8 0.4228189 0.4127765 0.0269387 0.0173656
22 0.4913901 0.4127765 0.0269387 0.0173656
28 0.4228189 0.4752927 0.0269387 0.0173657
15 0.3542478 0.5378090 0.0269387 0.0173656
17 0.4228189 0.5378090 0.0269387 0.0173656
24 0.5599613 0.5378090 0.0269387 0.0173656
31 0.2171054 0.6003252 0.0269387 0.0173657
5 0.4228189 0.6003252 0.0269387 0.0173657
20 0.4913901 0.6003252 0.0269387 0.0173657
4 0.3542478 0.6003252 0.0269387 0.0173657
28 0.4228189 0.3502602 0.0269387 0.0173656
14 0.2171054 0.4752927 0.0269387 0.0173657
31 0.2171054 0.3502602 0.0269387 0.0173656
12 0.5599613 0.3502602 0.0269387 0.0173656
5 0.6285325 0.6003252 0.0269387 0.0173657
7 0.6285325 0.4752927 0.0269387 0.0173657
21 0.3542478 0.4752927 0.0269387 0.0173657
4 0.5599613 0.4127765 0.0269387 0.0173656
16 0.4913901 0.5378090 0.0269387 0.0173656
2 0.2856766 0.5378090 0.0269387 0.0173656
7 0.4913901 0.4752927 0.0269387 0.0173657
2 0.6285325 0.4127765 0.0269387 0.0173656
23 0.2856766 0.6003252 0.0269387 0.0173657
11 0.5599613 0.4752927 0.0269387 0.0173657
2 0.2171054 0.5378090 0.0269387 0.0173656
8 0.6285325 0.5378090 0.0269387 0.0173656
