22 0.5280337 0.2184884 0.0227286 0.0155600
18 0.5783613 0.4135441 0.0238109 0.0166714
32 0.5329041 0.2840627 0.4091150 0.3712171
33 0.7017452 0.1434669 0.0086585 0.0144486
19 0.4268373 0.2184884 0.0238109 0.0155600
1 0.6292301 0.2184884 0.0238110 0.0155600
35 0.6811812 0.2184884 0.0432926 0.0444572
27 0.6811813 0.2184884 0.0238109 0.0155600
5 0.3748862 0.2662798 0.0238109 0.0155600
31 0.6811813 0.2662798 0.0238109 0.0155600
15 0.3748862 0.3151826 0.0238109 0.0155600
30 0.4268373 0.3151826 0.0238109 0.0155600
8 0.5783613 0.3151826 0.0238109 0.0155600
17 0.6292301 0.3151826 0.0238110 0.0155600
26 0.3748862 0.3640855 0.0238109 0.0155600
21 0.5783613 0.3640855 0.0238109 0.0155600
10 0.6811813 0.3640855 0.0238109 0.0155600
3 0.4268373 0.4135441 0.0238109 0.0166714
25 0.5280337 0.4135441 0.0227286 0.0166714
27 0.6292301 0.4135441 0.0238110 0.0166714
16 0.6811813 0.4135441 0.0238109 0.0166714
4 0.4268373 0.2662798 0.0238109 0.0155600
7 0.4771650 0.2184884 0.0227286 0.0155600
30 0.6292301 0.3640855 0.0238110 0.0155600
14 0.4771650 0.2662798 0.0227286 0.0155600
7 0.3748862 0.2184884 0.0238109 0.0155600
21 0.5280337 0.3640855 0.0227286 0.0155600
22 0.4771650 0.3151826 0.0227286 0.0155600
5 0.3748862 0.4135441 0.0238109 0.0166714
16 0.5280337 0.2662798 0.0227286 0.0155600
10 0.5783613 0.2662798 0.0238109 0.0155600
23 0.6292301 0.2662798 0.0238110 0.0155600
18 0.4771650 0.3640855 0.0227286 0.0155600
10 0.5280337 0.3151826 0.0227286 0.0155600
3 0.5783613 0.2184884 0.0238109 0.0155600
20 0.4771650 0.4135441 0.0227286 0.0166714
8 0.4268373 0.3640855 0.0238109 0.0155600
31 0.6811813 0.3151826 0.0238109 0.0155600
