17 0.3656019 0.2807006 0.0285322 0.0168704
22 0.3656019 0.5236347 0.0285322 0.0168705
32 0.4375809 0.3762997 0.5200641 0.4982399
33 0.5173413 0.1412384 0.0129692 0.0146210
30 0.2203471 0.2807006 0.0285322 0.0168704
5 0.2929745 0.2807006 0.0285322 0.0168704
28 0.4382293 0.2807006 0.0285322 0.0168704
34 0.5834841 0.2812630 0.0674397 0.0607335
16 0.5834841 0.2807006 0.0285322 0.0168704
3 0.2203471 0.3414341 0.0285322 0.0168704
7 0.4382293 0.3414341 0.0285322 0.0168704
29 0.2203471 0.4021677 0.0285322 0.0168705
4 0.2929745 0.4021677 0.0285322 0.0168705
1 0.5834841 0.4021677 0.0285322 0.0168705
12 0.2929745 0.4629012 0.0285322 0.0168704
11 0.3656019 0.4629012 0.0285322 0.0168704
2 0.4382293 0.4629012 0.0285322 0.0168704
25 0.2929745 0.5236347 0.0285322 0.0168705
20 0.4382293 0.5236347 0.0285322 0.0168705
27 0.5108567 0.5236347 0.0285322 0.0168705
31 0.5834841 0.5236347 0.0285322 0.0168705
11 0.3656019 0.3414341 0.0285322 0.0168704
30 0.2929745 0.3414341 0.0285322 0.0168704
11 0.6561115 0.2807006 0.0285323 0.0168704
2 0.5834841 0.4629012 0.0285322 0.0168704
20 0.5108567 0.3414341 0.0285322 0.0168704
13 0.5834841 0.3414341 0.0285322 0.0168704
7 0.5108567 0.2807006 0.0285322 0.0168704
11 0.6561115 0.3414341 0.0285323 0.0168704
7 0.5108567 0.4629012 0.0285322 0.0168704
26 0.4382293 0.4021677 0.0285322 0.0168705
7 0.6561115 0.4629012 0.0285323 0.0168704
14 0.6561115 0.4021677 0.0285323 0.0168705
31 0.6561115 0.5236347 0.0285323 0.0168705
4 0.5108567 0.4021677 0.0285322 0.0168705
19 0.3656019 0.4021677 0.0285322 0.0168705
16 0.2203471 0.5236347 0.0285322 0.0168705
16 0.2203471 0.4629012 0.0285322 0.0168704
