2 0.6149601 0.4425453 0.0277202 0.0162338
7 0.4738388 0.5009869 0.0277203 0.0162338
32 0.4732088 0.4555323 0.5052645 0.4707797
33 0.5513295 0.2320472 0.0113401 0.0129870
2 0.4032782 0.3256621 0.0277203 0.0162338
23 0.5443995 0.3256621 0.0277203 0.0162338
21 0.6855208 0.3256621 0.0277203 0.0162338
27 0.2621569 0.3841037 0.0277203 0.0162338
28 0.4738388 0.3841037 0.0277203 0.0162338
13 0.5443995 0.3841037 0.0277203 0.0162338
7 0.6149601 0.3841037 0.0277202 0.0162338
34 0.6855208 0.3846448 0.0655206 0.0584416
3 0.6855208 0.3841037 0.0277203 0.0162338
1 0.3327176 0.4425453 0.0277202 0.0162338
14 0.5443995 0.4425453 0.0277203 0.0162338
12 0.3327176 0.5009869 0.0277202 0.0162338
10 0.4032782 0.5009869 0.0277203 0.0162338
29 0.5443995 0.5009869 0.0277203 0.0162338
6 0.2621569 0.5594285 0.0277203 0.0162338
9 0.4032782 0.5594285 0.0277203 0.0162338
19 0.6149601 0.5594285 0.0277202 0.0162338
6 0.3327176 0.3256621 0.0277202 0.0162338
25 0.4738388 0.5594285 0.0277203 0.0162338
18 0.2621569 0.5009869 0.0277203 0.0162338
4 0.5443995 0.5594285 0.0277203 0.0162338
26 0.6855208 0.5594285 0.0277203 0.0162338
23 0.4032782 0.3841037 0.0277203 0.0162338
15 0.6855208 0.4425453 0.0277203 0.0162338
14 0.2621569 0.4425453 0.0277203 0.0162338
3 0.4738388 0.4425453 0.0277203 0.0162338
6 0.3327176 0.3841037 0.0277202 0.0162338
7 0.2621569 0.3256621 0.0277203 0.0162338
14 0.4032782 0.4425453 0.0277203 0.0162338
14 0.6149601 0.3256621 0.0277202 0.0162338
21 0.6149601 0.5009869 0.0277202 0.0162338
23 0.4738388 0.3256621 0.0277203 0.0162338
2 0.3327176 0.5594285 0.0277202 0.0162338
17 0.6855208 0.5009869 0.0277203 0.0162338
