8 0.5342786 0.4801117 0.0236077 0.0163616
19 0.2813388 0.6191854 0.0236077 0.0152708
32 0.4235472 0.4261184 0.3844684 0.4777590
33 0.5562001 0.2401414 0.0134901 0.0185432
26 0.2813388 0.3404926 0.0236077 0.0163616
17 0.3319268 0.3404926 0.0236077 0.0163616
6 0.3825147 0.3404926 0.0236077 0.0163616
34 0.4331027 0.3404926 0.0438429 0.0425402
12 0.4331027 0.3404926 0.0236077 0.0163616
31 0.5342786 0.3404926 0.0236077 0.0163616
3 0.2813388 0.4103021 0.0236077 0.0163616
19 0.3825147 0.4103021 0.0236077 0.0163616
22 0.4331027 0.4801117 0.0236077 0.0163616
16 0.4836907 0.4801117 0.0236077 0.0163616
11 0.3319268 0.5493758 0.0236077 0.0152709
13 0.3825147 0.5493758 0.0236077 0.0152709
28 0.4331027 0.5493758 0.0236077 0.0152709
24 0.5848665 0.5493758 0.0236077 0.0152709
1 0.4836907 0.6191854 0.0236077 0.0152708
5 0.5342786 0.6191854 0.0236077 0.0152708
21 0.5848665 0.6191854 0.0236077 0.0152708
7 0.3319268 0.4801117 0.0236077 0.0163616
4 0.5848665 0.4801117 0.0236077 0.0163616
1 0.4331027 0.4103021 0.0236077 0.0163616
15 0.3319268 0.4103021 0.0236077 0.0163616
4 0.5342786 0.5493758 0.0236077 0.0152709
23 0.2813388 0.4801117 0.0236077 0.0163616
2 0.4331027 0.6191854 0.0236077 0.0152708
5 0.5342786 0.4103021 0.0236077 0.0163616
11 0.2813388 0.5493758 0.0236077 0.0152709
13 0.4836907 0.4103021 0.0236077 0.0163616
14 0.5848665 0.3404926 0.0236077 0.0163616
3 0.5848665 0.4103021 0.0236077 0.0163616
10 0.4836907 0.3404926 0.0236077 0.0163616
9 0.3319268 0.6191854 0.0236077 0.0152708
31 0.3825147 0.4801117 0.0236077 0.0163616
9 0.3825147 0.6191854 0.0236077 0.0152708
15 0.4836907 0.5493758 0.0236077 0.0152709
