27 0.9958551 0.4688078 0.0082898 0.0162805
25 0.8909341 0.4095001 0.0228790 0.0162805
32 0.8160923 0.3135612 0.3678153 0.3988734
4 0.7215213 0.2275068 0.0239684 0.0174434
27 0.7770843 0.2275068 0.0239684 0.0174434
31 0.8909341 0.2275068 0.0228790 0.0174434
9 0.9958551 0.2275068 0.0082898 0.0174434
13 0.6648688 0.2879775 0.0239684 0.0174435
26 0.7770843 0.2879775 0.0239684 0.0174435
12 0.9481314 0.2879775 0.0239684 0.0174435
18 0.6648688 0.3490295 0.0239684 0.0162806
1 0.7770843 0.3490295 0.0239684 0.0162806
25 0.8342815 0.3490295 0.0228789 0.0162806
21 0.8909341 0.3490295 0.0228790 0.0162806
34 0.9898630 0.3490295 0.0202740 0.0511675
26 0.9958551 0.3490295 0.0082898 0.0162806
14 0.7215213 0.4095001 0.0239684 0.0162805
28 0.8342815 0.4095001 0.0228789 0.0162805
3 0.9481314 0.4095001 0.0239684 0.0162805
23 0.7770843 0.4688078 0.0239684 0.0162805
30 0.8342815 0.2879775 0.0228789 0.0174435
12 0.6648688 0.2275068 0.0239684 0.0174434
6 0.9958551 0.4095001 0.0082898 0.0162805
29 0.9481314 0.3490295 0.0239684 0.0162806
10 0.7215213 0.2879775 0.0239684 0.0174435
1 0.6648688 0.4095001 0.0239684 0.0162805
14 0.8909341 0.2879775 0.0228790 0.0174435
15 0.7215213 0.3490295 0.0239684 0.0162806
27 0.9481314 0.4688078 0.0239684 0.0162805
29 0.7215213 0.4688078 0.0239684 0.0162805
29 0.9481314 0.2275068 0.0239684 0.0174434
13 0.9958551 0.2879775 0.0082898 0.0174435
30 0.8342815 0.4688078 0.0228789 0.0162805
21 0.7770843 0.4095001 0.0239684 0.0162805
12 0.8909341 0.4688078 0.0228790 0.0162805
2 0.8342815 0.2275068 0.0228789 0.0174434
6 0.6648688 0.4688078 0.0239684 0.0162805
