11 0.3502471 0.2207761 0.0241079 0.0169969
23 0.4535668 0.2932960 0.0241079 0.0169969
32 0.4954687 0.2432358 0.3926151 0.4842493
33 0.6309324 0.0440088 0.0137759 0.0192631
20 0.5052267 0.1482562 0.0241079 0.0169969
21 0.5568866 0.1482562 0.0241079 0.0169969
19 0.6085465 0.1482562 0.0241079 0.0169969
8 0.6602064 0.1482562 0.0241079 0.0169969
6 0.4019069 0.2207761 0.0241079 0.0169969
1 0.4535668 0.2207761 0.0241079 0.0169969
13 0.6602064 0.2207761 0.0241079 0.0169969
29 0.3502471 0.2932960 0.0241079 0.0169969
23 0.4019069 0.2932960 0.0241079 0.0169969
34 0.3502471 0.3658159 0.0447719 0.0441918
22 0.3502471 0.3652494 0.0241079 0.0158637
17 0.5568866 0.3652494 0.0241079 0.0158637
10 0.6085465 0.3652494 0.0241079 0.0158637
27 0.6602064 0.3652494 0.0241079 0.0158637
14 0.4019069 0.4377693 0.0241079 0.0158638
26 0.5568866 0.4377693 0.0241079 0.0158638
18 0.6085465 0.4377693 0.0241079 0.0158638
24 0.5568866 0.2932960 0.0241079 0.0169969
8 0.3502471 0.4377693 0.0241079 0.0158638
26 0.5052267 0.4377693 0.0241079 0.0158638
3 0.4535668 0.4377693 0.0241079 0.0158638
6 0.4535668 0.1482562 0.0241079 0.0169969
29 0.5052267 0.2932960 0.0241079 0.0169969
11 0.5568866 0.2207761 0.0241079 0.0169969
8 0.3502471 0.1482562 0.0241079 0.0169969
14 0.4535668 0.3652494 0.0241079 0.0158637
28 0.6085465 0.2932960 0.0241079 0.0169969
11 0.6602064 0.4377693 0.0241079 0.0158638
29 0.5052267 0.2207761 0.0241079 0.0169969
15 0.6085465 0.2207761 0.0241079 0.0169969
17 0.4019069 0.1482562 0.0241079 0.0169969
12 0.6602064 0.2932960 0.0241079 0.0169969
29 0.5052267 0.3652494 0.0241079 0.0158637
27 0.4019069 0.3652494 0.0241079 0.0158637
