29 0.0824278 0.3711643 0.0284264 0.0170142
29 0.0824278 0.3099132 0.0284264 0.0170142
32 0.2988558 0.3847756 0.5181351 0.4934114
33 0.3789664 0.1505470 0.0116290 0.0136113
22 0.0824278 0.2486621 0.0284264 0.0170142
16 0.1547858 0.2486621 0.0284264 0.0170142
25 0.3718599 0.2486621 0.0284264 0.0170142
5 0.5165759 0.2486621 0.0284264 0.0170142
6 0.2995019 0.3099132 0.0284264 0.0170142
15 0.3718599 0.3711643 0.0284264 0.0170142
21 0.4442179 0.3711643 0.0284264 0.0170142
13 0.2271438 0.4324153 0.0284264 0.0170142
34 0.2995019 0.4329825 0.0671896 0.0612510
4 0.2995019 0.4324153 0.0284264 0.0170142
2 0.3718599 0.4324153 0.0284264 0.0170142
10 0.4442179 0.4324153 0.0284264 0.0170142
29 0.0824278 0.4936664 0.0284264 0.0170142
20 0.2271438 0.4936664 0.0284264 0.0170142
28 0.3718599 0.4936664 0.0284264 0.0170142
7 0.4442179 0.4936664 0.0284264 0.0170142
17 0.5165759 0.4936664 0.0284264 0.0170142
3 0.4442179 0.2486621 0.0284264 0.0170142
4 0.2271438 0.3711643 0.0284264 0.0170142
14 0.2995019 0.4936664 0.0284264 0.0170142
1 0.5165759 0.3711643 0.0284264 0.0170142
23 0.1547858 0.4324153 0.0284264 0.0170142
5 0.2271438 0.2486621 0.0284264 0.0170142
26 0.2271438 0.3099132 0.0284264 0.0170142
17 0.1547858 0.3099132 0.0284264 0.0170142
6 0.1547858 0.4936664 0.0284264 0.0170142
30 0.2995019 0.2486621 0.0284264 0.0170142
14 0.5165759 0.4324153 0.0284264 0.0170142
13 0.0824278 0.4324153 0.0284264 0.0170142
27 0.2995019 0.3711643 0.0284264 0.0170142
31 0.1547858 0.3711643 0.0284264 0.0170142
6 0.4442179 0.3099132 0.0284264 0.0170142
16 0.5165759 0.3099132 0.0284264 0.0170142
24 0.3718599 0.3099132 0.0284264 0.0170142
