30 0.7423952 0.6162549 0.0233280 0.0158377
19 0.8521428 0.3966379 0.0222677 0.0158377
32 0.8298434 0.4383440 0.3403132 0.4033350
8 0.9072817 0.3417337 0.0222677 0.0158377
20 0.9629507 0.3417337 0.0233280 0.0158377
27 0.7964737 0.3966379 0.0233280 0.0158377
19 0.9629507 0.3966379 0.0233280 0.0158377
34 0.9968507 0.3966379 0.0062987 0.0475133
18 0.7423952 0.4520701 0.0233280 0.0147819
11 0.7964737 0.4520701 0.0233280 0.0147819
30 0.8521428 0.4520701 0.0222677 0.0147819
4 0.9072817 0.4520701 0.0222677 0.0147819
17 0.9629507 0.4520701 0.0233280 0.0147819
10 0.6872563 0.5069743 0.0233280 0.0147820
25 0.8521428 0.5069743 0.0222677 0.0147820
6 0.9072817 0.5069743 0.0222677 0.0147820
12 0.9629507 0.5069743 0.0233280 0.0147820
22 0.6872563 0.5608227 0.0233280 0.0147819
7 0.7423952 0.5608227 0.0233280 0.0147819
3 0.9629507 0.5608227 0.0233280 0.0147819
23 0.6872563 0.6162549 0.0233280 0.0158377
24 0.8521428 0.6162549 0.0222677 0.0158377
13 0.9629507 0.6162549 0.0233280 0.0158377
24 0.7964737 0.5069743 0.0233280 0.0147820
21 0.7423952 0.5069743 0.0233280 0.0147820
14 0.7964737 0.6162549 0.0233280 0.0158377
23 0.6872563 0.4520701 0.0233280 0.0147819
2 0.8521428 0.3417337 0.0222677 0.0158377
9 0.6872563 0.3417337 0.0233280 0.0158377
28 0.7423952 0.3966379 0.0233280 0.0158377
25 0.7964737 0.5608227 0.0233280 0.0147819
12 0.7964737 0.3417337 0.0233280 0.0158377
31 0.7423952 0.3417337 0.0233280 0.0158377
19 0.9072817 0.6162549 0.0222677 0.0158377
22 0.9072817 0.5608227 0.0222677 0.0147819
1 0.8521428 0.5608227 0.0222677 0.0147819
25 0.6872563 0.3966379 0.0233280 0.0158377
28 0.9072817 0.3966379 0.0222677 0.0158377
