1 0.7896442 0.4681468 0.0233525 0.0158181
20 0.5688572 0.5850877 0.0233525 0.0169480
32 0.6776586 0.3947056 0.3831929 0.4316081
33 0.8512099 0.1964144 0.0106148 0.0169480
24 0.5688572 0.2913230 0.0233525 0.0169479
6 0.7339168 0.2913230 0.0222910 0.0169479
21 0.6229926 0.3500760 0.0233525 0.0169480
25 0.7339168 0.3500760 0.0222910 0.0169480
28 0.8437796 0.3500760 0.0233525 0.0169480
4 0.5688572 0.4093938 0.0233525 0.0158181
16 0.6787200 0.4093938 0.0222911 0.0158181
34 0.7344476 0.4093938 0.0467050 0.0497140
19 0.7339168 0.4093938 0.0222910 0.0158181
23 0.7896442 0.4093938 0.0233525 0.0158181
11 0.5136605 0.4681468 0.0233525 0.0158181
31 0.5688572 0.4681468 0.0233525 0.0158181
30 0.6229926 0.4681468 0.0233525 0.0158181
2 0.6787200 0.4681468 0.0222911 0.0158181
5 0.7339168 0.4681468 0.0222910 0.0158181
8 0.8437796 0.4681468 0.0233525 0.0158181
10 0.5136605 0.5257698 0.0233525 0.0158181
26 0.5688572 0.5257698 0.0233525 0.0158181
3 0.6229926 0.5257698 0.0233525 0.0158181
17 0.6787200 0.5257698 0.0222911 0.0158181
9 0.7896442 0.5257698 0.0233525 0.0158181
13 0.8437796 0.5257698 0.0233525 0.0158181
27 0.6229926 0.5850877 0.0233525 0.0169480
29 0.6787200 0.5850877 0.0222911 0.0169480
23 0.6787200 0.3500760 0.0222911 0.0169480
23 0.8437796 0.2913230 0.0233525 0.0169479
23 0.5136605 0.4093938 0.0233525 0.0158181
25 0.7339168 0.5850877 0.0222910 0.0169480
19 0.6787200 0.2913230 0.0222911 0.0169479
9 0.5136605 0.3500760 0.0233525 0.0169480
6 0.5136605 0.5850877 0.0233525 0.0169480
13 0.6229926 0.2913230 0.0233525 0.0169479
8 0.5136605 0.2913230 0.0233525 0.0169479
9 0.7896442 0.2913230 0.0233525 0.0169479
13 0.7896442 0.3500760 0.0233525 0.0169480
26 0.8437796 0.5850877 0.0233525 0.0169480
5 0.7339168 0.5257698 0.0222910 0.0158181
1 0.7896442 0.5850877 0.0233525 0.0169480
7 0.5688572 0.3500760 0.0233525 0.0169480
15 0.6229926 0.4093938 0.0233525 0.0158181
2 0.8437796 0.4093938 0.0233525 0.0158181
