8 0.4182987 0.3048936 0.0287423 0.0160817
8 0.3451366 0.1891053 0.0287423 0.0160817
32 0.4176455 0.2802350 0.5238927 0.4749463
33 0.4979931 0.0561633 0.0130647 0.0139375
22 0.4182987 0.1891053 0.0287423 0.0160817
34 0.5646229 0.1896414 0.0679362 0.0578941
16 0.5646229 0.1891053 0.0287423 0.0160817
29 0.1988124 0.2469995 0.0287422 0.0160817
24 0.2719745 0.2469995 0.0287423 0.0160817
26 0.3451366 0.2469995 0.0287423 0.0160817
13 0.4182987 0.2469995 0.0287423 0.0160817
18 0.4914608 0.2469995 0.0287423 0.0160817
8 0.5646229 0.2469995 0.0287423 0.0160817
7 0.1988124 0.3048936 0.0287422 0.0160817
11 0.2719745 0.3048936 0.0287423 0.0160817
6 0.3451366 0.3048936 0.0287423 0.0160817
15 0.5646229 0.3048936 0.0287423 0.0160817
28 0.1988124 0.3627877 0.0287422 0.0160817
3 0.2719745 0.3627877 0.0287423 0.0160817
14 0.4914608 0.3627877 0.0287423 0.0160817
16 0.5646229 0.3627877 0.0287423 0.0160817
23 0.2719745 0.4206819 0.0287423 0.0160817
9 0.3451366 0.4206819 0.0287423 0.0160817
10 0.4182987 0.4206819 0.0287423 0.0160817
2 0.4914608 0.4206819 0.0287423 0.0160817
31 0.2719745 0.4785760 0.0287423 0.0160817
5 0.4182987 0.4785760 0.0287423 0.0160817
19 0.5646229 0.4785760 0.0287423 0.0160817
8 0.6377850 0.4206819 0.0287423 0.0160817
21 0.1988124 0.1891053 0.0287422 0.0160817
27 0.4914608 0.3048936 0.0287423 0.0160817
25 0.6377850 0.2469995 0.0287423 0.0160817
24 0.2719745 0.1891053 0.0287423 0.0160817
22 0.6377850 0.1891053 0.0287423 0.0160817
26 0.4182987 0.3627877 0.0287423 0.0160817
10 0.3451366 0.3627877 0.0287423 0.0160817
23 0.5646229 0.4206819 0.0287423 0.0160817
4 0.6377850 0.3048936 0.0287423 0.0160817
28 0.4914608 0.1891053 0.0287423 0.0160817
8 0.4914608 0.4785760 0.0287423 0.0160817
2 0.1988124 0.4785760 0.0287422 0.0160817
14 0.1988124 0.4206819 0.0287422 0.0160817
1 0.6377850 0.3627877 0.0287423 0.0160817
31 0.6377850 0.4785760 0.0287423 0.0160817
16 0.3451366 0.4785760 0.0287423 0.0160817
