31 0.3057559 0.3011800 0.0274637 0.0168664
25 0.0960328 0.4833375 0.0274638 0.0168665
32 0.3051317 0.3753923 0.5005891 0.4891266
33 0.3825295 0.1431978 0.0112352 0.0134931
10 0.0960328 0.2404608 0.0274638 0.0168665
23 0.3057559 0.2404608 0.0274637 0.0168665
7 0.4455713 0.2404608 0.0274638 0.0168665
2 0.0960328 0.3011800 0.0274638 0.0168664
27 0.3756636 0.3011800 0.0274637 0.0168664
9 0.4455713 0.3011800 0.0274638 0.0168664
11 0.0960328 0.3618991 0.0274638 0.0168665
24 0.1659405 0.3618991 0.0274637 0.0168665
22 0.2358482 0.3618991 0.0274637 0.0168665
14 0.3756636 0.3618991 0.0274637 0.0168665
31 0.4455713 0.3618991 0.0274638 0.0168665
16 0.5154790 0.3618991 0.0274638 0.0168665
25 0.0960328 0.4226183 0.0274638 0.0168664
19 0.2358482 0.4226183 0.0274637 0.0168664
30 0.3057559 0.4226183 0.0274637 0.0168664
29 0.3756636 0.4226183 0.0274637 0.0168664
17 0.4455713 0.4226183 0.0274638 0.0168664
15 0.2358482 0.4833375 0.0274637 0.0168665
20 0.4455713 0.4833375 0.0274638 0.0168665
21 0.2358482 0.5440566 0.0274637 0.0168665
34 0.3057559 0.5446188 0.0649143 0.0607192
14 0.3057559 0.5440566 0.0274637 0.0168665
1 0.3756636 0.5440566 0.0274637 0.0168665
26 0.4455713 0.5440566 0.0274638 0.0168665
19 0.0960328 0.5440566 0.0274638 0.0168665
24 0.1659405 0.2404608 0.0274637 0.0168665
6 0.3756636 0.4833375 0.0274637 0.0168665
16 0.3057559 0.4833375 0.0274637 0.0168665
23 0.5154790 0.2404608 0.0274638 0.0168665
2 0.1659405 0.3011800 0.0274637 0.0168664
2 0.5154790 0.4833375 0.0274638 0.0168665
18 0.1659405 0.5440566 0.0274637 0.0168665
2 0.5154790 0.3011800 0.0274638 0.0168664
5 0.2358482 0.3011800 0.0274637 0.0168664
16 0.3057559 0.3618991 0.0274637 0.0168665
26 0.1659405 0.4226183 0.0274637 0.0168664
3 0.5154790 0.4226183 0.0274638 0.0168664
17 0.3756636 0.2404608 0.0274637 0.0168665
31 0.5154790 0.5440566 0.0274638 0.0168665
4 0.2358482 0.2404608 0.0274637 0.0168665
13 0.1659405 0.4833375 0.0274637 0.0168665
