11 0.4500486 0.6174042 0.0243388 0.0149779
4 0.3978939 0.5489336 0.0243388 0.0149780
32 0.3358879 0.4280404 0.3963751 0.4685951
33 0.4726489 0.2456306 0.0139079 0.0181875
6 0.2414301 0.3440570 0.0243388 0.0160478
24 0.2935847 0.3440570 0.0243388 0.0160478
25 0.3978939 0.3440570 0.0243388 0.0160478
30 0.4500486 0.3440570 0.0243388 0.0160478
15 0.4500486 0.4125275 0.0243388 0.0160478
20 0.5022032 0.4125275 0.0243388 0.0160478
21 0.2935847 0.4809981 0.0243388 0.0160478
29 0.4500486 0.4809981 0.0243388 0.0160478
28 0.1892755 0.5489336 0.0243388 0.0149780
17 0.2414301 0.5489336 0.0243388 0.0149780
23 0.4500486 0.5489336 0.0243388 0.0149780
8 0.5022032 0.5489336 0.0243388 0.0149780
16 0.1892755 0.6174042 0.0243388 0.0149779
4 0.2935847 0.6174042 0.0243388 0.0149779
11 0.3457393 0.6174042 0.0243388 0.0149779
34 0.3978939 0.6174042 0.0452007 0.0427941
17 0.3978939 0.6174042 0.0243388 0.0149779
25 0.1892755 0.4125275 0.0243388 0.0160478
19 0.2414301 0.6174042 0.0243388 0.0149779
20 0.1892755 0.3440570 0.0243388 0.0160478
9 0.3457393 0.5489336 0.0243388 0.0149780
6 0.2935847 0.4125275 0.0243388 0.0160478
4 0.3457393 0.4125275 0.0243388 0.0160478
21 0.2414301 0.4809981 0.0243388 0.0160478
10 0.5022032 0.6174042 0.0243388 0.0149779
3 0.2414301 0.4125275 0.0243388 0.0160478
19 0.3457393 0.4809981 0.0243388 0.0160478
28 0.3978939 0.4809981 0.0243388 0.0160478
27 0.5022032 0.3440570 0.0243388 0.0160478
12 0.3457393 0.3440570 0.0243388 0.0160478
30 0.3978939 0.4125275 0.0243388 0.0160478
3 0.1892755 0.4809981 0.0243388 0.0160478
25 0.5022032 0.4809981 0.0243388 0.0160478
5 0.2935847 0.5489336 0.0243388 0.0149780
