28 0.7813321 0.6959766 0.0232815 0.0162960
6 0.6815544 0.6959766 0.0232815 0.0162960
32 0.6222420 0.4899476 0.3791553 0.5098345
33 0.7530617 0.2914846 0.0133037 0.0197881
14 0.5318878 0.3985732 0.0232815 0.0174601
12 0.6316654 0.3985732 0.0232815 0.0174601
9 0.7314431 0.3985732 0.0232815 0.0174601
18 0.7813321 0.3985732 0.0232815 0.0174601
20 0.6815544 0.4730695 0.0232815 0.0174601
1 0.5318878 0.5475659 0.0232815 0.0174601
17 0.5817767 0.5475659 0.0232815 0.0174601
31 0.6316654 0.5475659 0.0232815 0.0174601
26 0.7314431 0.5475659 0.0232815 0.0174601
2 0.7813321 0.5475659 0.0232815 0.0174601
34 0.4819989 0.6220622 0.0432370 0.0453962
1 0.4819989 0.6214803 0.0232815 0.0162961
21 0.5318878 0.6214803 0.0232815 0.0162961
3 0.7314431 0.6214803 0.0232815 0.0162961
29 0.7813321 0.6214803 0.0232815 0.0162961
5 0.5817767 0.6959766 0.0232815 0.0162960
10 0.7314431 0.6959766 0.0232815 0.0162960
12 0.7314431 0.4730695 0.0232815 0.0174601
17 0.5817767 0.6214803 0.0232815 0.0162961
24 0.7813321 0.4730695 0.0232815 0.0174601
2 0.6815544 0.5475659 0.0232815 0.0174601
10 0.6815544 0.3985732 0.0232815 0.0174601
5 0.6316654 0.6959766 0.0232815 0.0162960
5 0.4819989 0.5475659 0.0232815 0.0174601
12 0.6815544 0.6214803 0.0232815 0.0162961
5 0.4819989 0.6959766 0.0232815 0.0162960
27 0.4819989 0.4730695 0.0232815 0.0174601
15 0.4819989 0.3985732 0.0232815 0.0174601
26 0.5318878 0.4730695 0.0232815 0.0174601
30 0.5318878 0.6959766 0.0232815 0.0162960
19 0.5817767 0.3985732 0.0232815 0.0174601
17 0.6316654 0.6214803 0.0232815 0.0162961
19 0.5817767 0.4730695 0.0232815 0.0174601
12 0.6316654 0.4730695 0.0232815 0.0174601
