18 0.4922510 0.1268372 0.0234902 0.0170232
1 0.3412427 0.1268372 0.0234902 0.0170232
32 0.3317348 0.2327883 0.3825543 0.4633544
33 0.4637272 0.0224278 0.0134230 0.0192930
24 0.1902345 0.1268372 0.0234902 0.0170232
3 0.2405706 0.1268372 0.0234902 0.0170232
29 0.1902345 0.1994699 0.0234902 0.0170233
7 0.2405706 0.1994699 0.0234902 0.0170233
21 0.3915788 0.1994699 0.0234902 0.0170233
34 0.4419149 0.1994699 0.0436246 0.0442605
3 0.4419149 0.1994699 0.0234902 0.0170233
23 0.2405706 0.2721025 0.0234902 0.0170233
1 0.3915788 0.2721025 0.0234902 0.0170233
25 0.4419149 0.2721025 0.0234902 0.0170233
9 0.4922510 0.2721025 0.0234902 0.0170233
19 0.1902345 0.3441677 0.0234902 0.0158884
27 0.2405706 0.3441677 0.0234902 0.0158884
2 0.2909066 0.3441677 0.0234902 0.0158884
10 0.3412427 0.3441677 0.0234902 0.0158884
13 0.3915788 0.4168003 0.0234902 0.0158884
4 0.4419149 0.4168003 0.0234902 0.0158884
2 0.3412427 0.2721025 0.0234902 0.0170233
21 0.3915788 0.1268372 0.0234902 0.0170232
21 0.2909066 0.2721025 0.0234902 0.0170233
22 0.2405706 0.4168003 0.0234902 0.0158884
15 0.1902345 0.4168003 0.0234902 0.0158884
23 0.2909066 0.1994699 0.0234902 0.0170233
23 0.3915788 0.3441677 0.0234902 0.0158884
8 0.4922510 0.1994699 0.0234902 0.0170233
10 0.3412427 0.4168003 0.0234902 0.0158884
28 0.4922510 0.4168003 0.0234902 0.0158884
18 0.3412427 0.1994699 0.0234902 0.0170233
3 0.2909066 0.1268372 0.0234902 0.0170232
26 0.4922510 0.3441677 0.0234902 0.0158884
15 0.4419149 0.3441677 0.0234902 0.0158884
5 0.2909066 0.4168003 0.0234902 0.0158884
15 0.1902345 0.2721025 0.0234902 0.0170233
14 0.4419149 0.1268372 0.0234902 0.0170232
