30 0.5053749 0.5912868 0.0264841 0.0160714
8 0.4379607 0.7070013 0.0264842 0.0160714
32 0.4379607 0.5607510 0.4863460 0.4757150
33 0.5119960 0.3341435 0.0108345 0.0139286
24 0.3705464 0.4177151 0.0264841 0.0160715
9 0.4379607 0.4177151 0.0264842 0.0160715
26 0.5053749 0.4177151 0.0264841 0.0160715
19 0.5727892 0.4177151 0.0264842 0.0160715
34 0.3705464 0.4761081 0.0625990 0.0578572
12 0.3705464 0.4755723 0.0264841 0.0160714
22 0.4379607 0.4755723 0.0264842 0.0160714
16 0.5053749 0.4755723 0.0264841 0.0160714
20 0.5727892 0.4755723 0.0264842 0.0160714
23 0.3705464 0.5334296 0.0264841 0.0160714
21 0.4379607 0.5334296 0.0264842 0.0160714
14 0.6402036 0.5334296 0.0264841 0.0160714
6 0.2357178 0.5912868 0.0264842 0.0160714
13 0.3705464 0.5912868 0.0264841 0.0160714
28 0.4379607 0.5912868 0.0264842 0.0160714
2 0.5727892 0.5912868 0.0264842 0.0160714
17 0.5053749 0.6491440 0.0264841 0.0160714
12 0.5727892 0.6491440 0.0264842 0.0160714
4 0.6402036 0.6491440 0.0264841 0.0160714
1 0.3031321 0.7070013 0.0264842 0.0160714
29 0.3705464 0.7070013 0.0264841 0.0160714
31 0.5053749 0.7070013 0.0264841 0.0160714
3 0.5727892 0.7070013 0.0264842 0.0160714
25 0.6402036 0.7070013 0.0264841 0.0160714
5 0.4379607 0.6491440 0.0264842 0.0160714
11 0.3031321 0.4177151 0.0264842 0.0160715
9 0.2357178 0.4755723 0.0264842 0.0160714
19 0.3705464 0.6491440 0.0264841 0.0160714
27 0.2357178 0.4177151 0.0264842 0.0160715
23 0.5727892 0.5334296 0.0264842 0.0160714
21 0.6402036 0.4755723 0.0264841 0.0160714
1 0.2357178 0.6491440 0.0264842 0.0160714
4 0.3031321 0.5334296 0.0264842 0.0160714
15 0.6402036 0.4177151 0.0264841 0.0160715
19 0.2357178 0.5334296 0.0264842 0.0160714
21 0.2357178 0.7070013 0.0264842 0.0160714
29 0.5053749 0.5334296 0.0264841 0.0160714
24 0.3031321 0.5912868 0.0264842 0.0160714
25 0.3031321 0.6491440 0.0264842 0.0160714
25 0.6402036 0.5912868 0.0264841 0.0160714
17 0.3031321 0.4755723 0.0264842 0.0160714
