17 0.3199017 0.1564994 0.0256655 0.0158116
10 0.5940563 0.3061451 0.0256656 0.0169410
32 0.4902276 0.1821455 0.4409806 0.3620688
33 0.6722196 0.0317005 0.0093329 0.0146822
5 0.3199017 0.1079351 0.0256655 0.0158116
13 0.3758993 0.1079351 0.0256655 0.0158116
20 0.4301469 0.1079351 0.0244989 0.0158116
3 0.5940563 0.1079351 0.0256656 0.0158116
10 0.6500539 0.1079351 0.0256656 0.0158116
18 0.3758993 0.1564994 0.0256655 0.0158116
2 0.4849778 0.1564994 0.0244989 0.0158116
35 0.6500539 0.1564994 0.0466646 0.0451761
22 0.6500539 0.1564994 0.0256656 0.0158116
24 0.3199017 0.2061930 0.0256655 0.0158116
8 0.3758993 0.2061930 0.0256655 0.0158116
7 0.5940563 0.2061930 0.0256656 0.0158116
19 0.6500539 0.2061930 0.0256656 0.0158116
28 0.4849778 0.2558867 0.0244989 0.0158116
29 0.5392255 0.2558867 0.0256655 0.0158116
1 0.6500539 0.2558867 0.0256656 0.0158116
26 0.6500539 0.3061451 0.0256656 0.0169410
7 0.4301469 0.2061930 0.0244989 0.0158116
13 0.4849778 0.1079351 0.0244989 0.0158116
25 0.3758993 0.3061451 0.0256655 0.0169410
29 0.3758993 0.2558867 0.0256655 0.0158116
30 0.3199017 0.3061451 0.0256655 0.0169410
6 0.5940563 0.1564994 0.0256656 0.0158116
20 0.5392255 0.1079351 0.0256655 0.0158116
1 0.5392255 0.2061930 0.0256655 0.0158116
5 0.3199017 0.2558867 0.0256655 0.0158116
5 0.5392255 0.3061451 0.0256655 0.0169410
14 0.4301469 0.1564994 0.0244989 0.0158116
15 0.4301469 0.2558867 0.0244989 0.0158116
6 0.4301469 0.3061451 0.0244989 0.0169410
18 0.5940563 0.2558867 0.0256656 0.0158116
21 0.4849778 0.3061451 0.0244989 0.0169410
25 0.4849778 0.2061930 0.0244989 0.0158116
17 0.5392255 0.1564994 0.0256655 0.0158116
