23 0.4628254 0.4810938 0.0238233 0.0152813
30 0.7180750 0.2022106 0.0238234 0.0163728
32 0.6063323 0.2878949 0.3879795 0.4780855
33 0.7401967 0.1017908 0.0136133 0.0185558
6 0.4628254 0.2022106 0.0238233 0.0163728
21 0.4628254 0.2720679 0.0238233 0.0163728
23 0.5138753 0.2720679 0.0238233 0.0163728
24 0.6159751 0.2720679 0.0238234 0.0163728
19 0.7691250 0.2720679 0.0238234 0.0163728
34 0.4628253 0.3419251 0.0442433 0.0425692
2 0.4628254 0.3419251 0.0238233 0.0163728
17 0.5649252 0.3419251 0.0238233 0.0163728
3 0.6159751 0.3419251 0.0238234 0.0163728
7 0.6670251 0.3419251 0.0238234 0.0163728
22 0.7180750 0.3419251 0.0238234 0.0163728
14 0.4628254 0.4112366 0.0238233 0.0152813
30 0.6670251 0.4112366 0.0238234 0.0152813
8 0.7180750 0.4112366 0.0238234 0.0152813
10 0.5649252 0.4810938 0.0238233 0.0152813
11 0.7180750 0.4810938 0.0238234 0.0152813
15 0.7691250 0.4810938 0.0238234 0.0152813
16 0.5138753 0.3419251 0.0238233 0.0163728
29 0.7691250 0.3419251 0.0238234 0.0163728
12 0.5138753 0.4810938 0.0238233 0.0152813
23 0.7180750 0.2720679 0.0238234 0.0163728
1 0.6159751 0.4810938 0.0238234 0.0152813
19 0.5649252 0.2720679 0.0238233 0.0163728
19 0.5649252 0.2022106 0.0238233 0.0163728
2 0.6670251 0.4810938 0.0238234 0.0152813
27 0.7691250 0.2022106 0.0238234 0.0163728
9 0.5138753 0.2022106 0.0238233 0.0163728
21 0.6670251 0.2720679 0.0238234 0.0163728
9 0.6670251 0.2022106 0.0238234 0.0163728
21 0.5138753 0.4112366 0.0238233 0.0152813
18 0.6159751 0.4112366 0.0238234 0.0152813
14 0.7691250 0.4112366 0.0238234 0.0152813
2 0.5649252 0.4112366 0.0238233 0.0152813
24 0.6159751 0.2022106 0.0238234 0.0163728
