20 0.2859596 0.2764177 0.0277509 0.0148627
5 0.0740436 0.3916035 0.0277509 0.0159243
32 0.2865903 0.3289680 0.5108688 0.4681745
33 0.3616438 0.1208904 0.0100912 0.0116778
23 0.0740436 0.2196211 0.0277509 0.0159243
31 0.1446823 0.2196211 0.0277509 0.0159243
8 0.2859596 0.2196211 0.0277509 0.0159243
26 0.4272369 0.2196211 0.0277509 0.0159243
21 0.0740436 0.2764177 0.0277509 0.0148627
4 0.1446823 0.2764177 0.0277509 0.0148627
34 0.3565982 0.2764177 0.0655930 0.0573275
26 0.3565982 0.2764177 0.0277509 0.0148627
18 0.2153209 0.3342761 0.0277509 0.0159243
22 0.3565982 0.3342761 0.0277509 0.0159243
24 0.4272369 0.3342761 0.0277509 0.0159243
30 0.4978755 0.3342761 0.0277509 0.0159243
29 0.1446823 0.3916035 0.0277509 0.0159243
6 0.3565982 0.3916035 0.0277509 0.0159243
3 0.0740436 0.4489310 0.0277509 0.0159243
11 0.2153209 0.4489310 0.0277509 0.0159243
9 0.4978755 0.4489310 0.0277509 0.0159243
11 0.1446823 0.3342761 0.0277509 0.0159243
1 0.4272369 0.3916035 0.0277509 0.0159243
12 0.1446823 0.4489310 0.0277509 0.0159243
30 0.4272369 0.4489310 0.0277509 0.0159243
29 0.4978755 0.2764177 0.0277509 0.0148627
14 0.0740436 0.3342761 0.0277509 0.0159243
21 0.2153209 0.2196211 0.0277509 0.0159243
13 0.2153209 0.3916035 0.0277509 0.0159243
4 0.2859596 0.3916035 0.0277509 0.0159243
6 0.2153209 0.2764177 0.0277509 0.0148627
10 0.4978755 0.2196211 0.0277509 0.0159243
14 0.2859596 0.4489310 0.0277509 0.0159243
13 0.4978755 0.3916035 0.0277509 0.0159243
8 0.2859596 0.3342761 0.0277509 0.0159243
26 0.4272369 0.2764177 0.0277509 0.0148627
31 0.3565982 0.2196211 0.0277509 0.0159243
9 0.3565982 0.4489310 0.0277509 0.0159243
