5 0.1880328 0.3855007 0.0234301 0.0152915
26 0.4390698 0.1763344 0.0234301 0.0163838
32 0.3291714 0.2620762 0.3815761 0.4784065
33 0.4608263 0.0758472 0.0133886 0.0185683
1 0.1880328 0.1763344 0.0234301 0.0163838
30 0.3386550 0.1763344 0.0234301 0.0163838
25 0.1880328 0.2462386 0.0234301 0.0163838
6 0.2382402 0.2462386 0.0234301 0.0163838
5 0.2884476 0.2462386 0.0234301 0.0163838
9 0.3386550 0.2462386 0.0234301 0.0163838
21 0.4390698 0.2462386 0.0234301 0.0163838
14 0.4892771 0.2462386 0.0234301 0.0163838
22 0.1880328 0.3161427 0.0234301 0.0163838
19 0.4892771 0.3161427 0.0234301 0.0163838
28 0.2382402 0.3855007 0.0234301 0.0152915
34 0.4390698 0.3860469 0.0435131 0.0425979
28 0.4390698 0.3855007 0.0234301 0.0152915
16 0.4892771 0.3855007 0.0234301 0.0152915
11 0.1880328 0.4554049 0.0234301 0.0152915
26 0.3386550 0.4554049 0.0234301 0.0152915
31 0.4390698 0.4554049 0.0234301 0.0152915
8 0.2884476 0.3855007 0.0234301 0.0152915
28 0.4390698 0.3161427 0.0234301 0.0163838
1 0.2884476 0.4554049 0.0234301 0.0152915
21 0.2382402 0.3161427 0.0234301 0.0163838
9 0.2884476 0.1763344 0.0234301 0.0163838
29 0.3888624 0.4554049 0.0234301 0.0152915
11 0.3386550 0.3161427 0.0234301 0.0163838
24 0.3888624 0.2462386 0.0234301 0.0163838
13 0.4892771 0.4554049 0.0234301 0.0152915
6 0.2884476 0.3161427 0.0234301 0.0163838
11 0.2382402 0.1763344 0.0234301 0.0163838
25 0.3888624 0.1763344 0.0234301 0.0163838
30 0.3888624 0.3161427 0.0234301 0.0163838
12 0.4892771 0.1763344 0.0234301 0.0163838
4 0.2382402 0.4554049 0.0234301 0.0152915
27 0.3888624 0.3855007 0.0234301 0.0152915
30 0.3386550 0.3855007 0.0234301 0.0152915
