21 0.4799328 0.5596189 0.0238069 0.0168097
1 0.4289180 0.7025012 0.0238069 0.0156890
32 0.5723263 0.5041470 0.3877125 0.4908428
33 0.7060985 0.3130769 0.0136040 0.0190510
4 0.4289180 0.4161763 0.0238069 0.0168097
7 0.5309476 0.4161763 0.0238069 0.0168097
2 0.6839921 0.4161763 0.0238069 0.0168097
16 0.7350069 0.4161763 0.0238069 0.0168097
3 0.5309476 0.4878976 0.0238069 0.0168097
17 0.5819625 0.4878976 0.0238069 0.0168097
22 0.7350069 0.4878976 0.0238069 0.0168097
21 0.6329773 0.5596189 0.0238069 0.0168097
13 0.7350069 0.5596189 0.0238069 0.0168097
9 0.4289180 0.6307799 0.0238069 0.0156890
12 0.4799328 0.6307799 0.0238069 0.0156890
34 0.5309476 0.6313402 0.0442128 0.0437052
26 0.5309476 0.6307799 0.0238069 0.0156890
26 0.7350069 0.6307799 0.0238069 0.0156890
10 0.5819625 0.7025012 0.0238069 0.0156890
15 0.6329773 0.7025012 0.0238069 0.0156890
23 0.7350069 0.7025012 0.0238069 0.0156890
8 0.6839921 0.6307799 0.0238069 0.0156890
2 0.5819625 0.6307799 0.0238069 0.0156890
8 0.6329773 0.4878976 0.0238069 0.0168097
26 0.6839921 0.7025012 0.0238069 0.0156890
15 0.4799328 0.4878976 0.0238069 0.0168097
15 0.6839921 0.5596189 0.0238069 0.0168097
19 0.5819625 0.4161763 0.0238069 0.0168097
29 0.4799328 0.4161763 0.0238069 0.0168097
13 0.6839921 0.4878976 0.0238069 0.0168097
6 0.5309476 0.5596189 0.0238069 0.0168097
8 0.5819625 0.5596189 0.0238069 0.0168097
4 0.6329773 0.6307799 0.0238069 0.0156890
7 0.6329773 0.4161763 0.0238069 0.0168097
30 0.5309476 0.7025012 0.0238069 0.0156890
2 0.4289180 0.4878976 0.0238069 0.0168097
9 0.4799328 0.7025012 0.0238069 0.0156890
1 0.4289180 0.5596189 0.0238069 0.0168097
