29 0.7700195 0.5387382 0.0227726 0.0170882
13 0.7136302 0.5387382 0.0227726 0.0170882
32 0.7125458 0.5837371 0.3914720 0.4351793
33 0.8898468 0.3838053 0.0108440 0.0170882
7 0.6013937 0.4794992 0.0238570 0.0170882
22 0.7136302 0.4794992 0.0227726 0.0170882
23 0.8269510 0.4794992 0.0238570 0.0170882
34 0.8822559 0.4789296 0.0477142 0.0501254
6 0.8822559 0.4794992 0.0238570 0.0170882
10 0.6566986 0.5387382 0.0238570 0.0170882
15 0.8822559 0.5387382 0.0238570 0.0170882
30 0.6013937 0.5985469 0.0238570 0.0159490
24 0.7136302 0.5985469 0.0227726 0.0159490
4 0.7700195 0.5985469 0.0227726 0.0159490
27 0.8822559 0.5985469 0.0238570 0.0159490
12 0.6013937 0.6577860 0.0238570 0.0159490
25 0.7136302 0.6577860 0.0227726 0.0159490
13 0.8269510 0.6577860 0.0238570 0.0159490
31 0.5450044 0.7158858 0.0238570 0.0159489
3 0.6013937 0.7158858 0.0238570 0.0159489
29 0.7136302 0.7158858 0.0227726 0.0159489
21 0.7700195 0.7158858 0.0227726 0.0159489
2 0.8822559 0.7158858 0.0238570 0.0159489
26 0.5450044 0.7756945 0.0238570 0.0170881
8 0.6566986 0.7756945 0.0238570 0.0170881
9 0.7136302 0.7756945 0.0227726 0.0170881
6 0.8269510 0.7756945 0.0238570 0.0170881
16 0.8822559 0.7756945 0.0238570 0.0170881
17 0.5450044 0.6577860 0.0238570 0.0159490
18 0.6013937 0.7756945 0.0238570 0.0170881
4 0.6566986 0.7158858 0.0238570 0.0159489
24 0.8269510 0.7158858 0.0238570 0.0159489
4 0.5450044 0.5387382 0.0238570 0.0170882
15 0.8269510 0.5387382 0.0238570 0.0170882
11 0.8269510 0.5985469 0.0238570 0.0159490
25 0.6566986 0.6577860 0.0238570 0.0159490
31 0.6566986 0.5985469 0.0238570 0.0159490
29 0.7700195 0.6577860 0.0227726 0.0159490
16 0.6566986 0.4794992 0.0238570 0.0170882
28 0.7700195 0.7756945 0.0227726 0.0170881
26 0.5450044 0.4794992 0.0238570 0.0170882
19 0.5450044 0.5985469 0.0238570 0.0159490
28 0.6013937 0.5387382 0.0238570 0.0170882
28 0.7700195 0.4794992 0.0227726 0.0170882
11 0.8822559 0.6577860 0.0238570 0.0159490
