13 0.4868495 0.4104046 0.0255652 0.0171889
16 0.4868495 0.5301538 0.0255652 0.0160430
32 0.6013118 0.4952031 0.4195013 0.3930526
33 0.7976988 0.3130009 0.0104586 0.0148971
28 0.6675488 0.4104046 0.0244031 0.0171889
14 0.7878212 0.4104046 0.0255652 0.0171889
30 0.5461142 0.4699927 0.0255652 0.0171889
15 0.7878212 0.4699927 0.0255652 0.0171889
34 0.4264227 0.5301538 0.0511303 0.0504207
3 0.4264227 0.5301538 0.0255652 0.0160430
7 0.6071220 0.5301538 0.0244031 0.0160430
22 0.7285566 0.5301538 0.0255650 0.0160430
1 0.7878212 0.5301538 0.0255652 0.0160430
29 0.6071220 0.5897420 0.0244031 0.0160430
11 0.7285566 0.5897420 0.0255650 0.0160430
12 0.7878212 0.5897420 0.0255652 0.0160430
24 0.4868495 0.6481841 0.0255652 0.0160430
8 0.5461142 0.6481841 0.0255652 0.0160430
31 0.6675488 0.6481841 0.0244031 0.0160430
26 0.7285566 0.6481841 0.0255650 0.0160430
21 0.7878212 0.6481841 0.0255652 0.0160430
28 0.4264227 0.4104046 0.0255652 0.0171889
27 0.7285566 0.4699927 0.0255650 0.0171889
6 0.4264227 0.6481841 0.0255652 0.0160430
12 0.6675488 0.5897420 0.0244031 0.0160430
28 0.5461142 0.5897420 0.0255652 0.0160430
14 0.6071220 0.4699927 0.0244031 0.0171889
8 0.6071220 0.4104046 0.0244031 0.0171889
28 0.4264227 0.4699927 0.0255652 0.0171889
13 0.6675488 0.5301538 0.0244031 0.0160430
18 0.4868495 0.4699927 0.0255652 0.0171889
20 0.6071220 0.6481841 0.0244031 0.0160430
17 0.6675488 0.4699927 0.0244031 0.0171889
15 0.4264227 0.5897420 0.0255652 0.0160430
6 0.7285566 0.4104046 0.0255650 0.0171889
19 0.4868495 0.5897420 0.0255652 0.0160430
9 0.5461142 0.5301538 0.0255652 0.0160430
22 0.5461142 0.4104046 0.0255652 0.0171889
