19 0.4940913 0.5829759 0.0269177 0.0167277
28 0.5626090 0.7034151 0.0269176 0.0167277
32 0.3570559 0.5511933 0.4943063 0.4951389
33 0.4323030 0.3153333 0.0110117 0.0144973
22 0.2200205 0.4023171 0.0269177 0.0167276
27 0.3570559 0.4023171 0.0269176 0.0167276
24 0.4255736 0.4023171 0.0269176 0.0167276
31 0.5626090 0.4023171 0.0269176 0.0167276
20 0.1515028 0.4625367 0.0269177 0.0167277
15 0.2200205 0.4625367 0.0269177 0.0167277
1 0.4255736 0.4625367 0.0269176 0.0167277
10 0.4940913 0.4625367 0.0269177 0.0167277
4 0.5626090 0.4625367 0.0269176 0.0167277
18 0.1515028 0.5227563 0.0269177 0.0167276
21 0.3570559 0.5227563 0.0269176 0.0167276
8 0.5626090 0.5227563 0.0269176 0.0167276
14 0.2885382 0.5829759 0.0269177 0.0167277
17 0.3570559 0.5829759 0.0269176 0.0167277
5 0.1515028 0.6431955 0.0269177 0.0167277
16 0.2885382 0.6431955 0.0269177 0.0167277
23 0.3570559 0.6431955 0.0269176 0.0167277
25 0.4255736 0.6431955 0.0269176 0.0167277
13 0.4940913 0.6431955 0.0269177 0.0167277
11 0.5626090 0.6431955 0.0269176 0.0167277
34 0.2885382 0.7039726 0.0636236 0.0602196
6 0.2885382 0.7034151 0.0269177 0.0167277
12 0.4255736 0.7034151 0.0269176 0.0167277
26 0.4940913 0.7034151 0.0269177 0.0167277
12 0.1515028 0.7034151 0.0269177 0.0167277
25 0.4940913 0.5227563 0.0269177 0.0167276
2 0.3570559 0.4625367 0.0269176 0.0167277
8 0.4940913 0.4023171 0.0269177 0.0167276
1 0.4255736 0.5227563 0.0269176 0.0167276
20 0.1515028 0.4023171 0.0269177 0.0167276
31 0.5626090 0.5829759 0.0269176 0.0167277
8 0.2885382 0.4023171 0.0269177 0.0167276
25 0.3570559 0.7034151 0.0269176 0.0167277
7 0.2885382 0.4625367 0.0269177 0.0167277
20 0.2200205 0.7034151 0.0269177 0.0167277
29 0.2885382 0.5227563 0.0269177 0.0167276
30 0.4255736 0.5829759 0.0269176 0.0167277
20 0.2200205 0.5227563 0.0269177 0.0167276
2 0.2200205 0.5829759 0.0269177 0.0167277
29 0.1515028 0.5829759 0.0269177 0.0167277
27 0.2200205 0.6431955 0.0269177 0.0167277
