9 0.4137962 0.3943313 0.0255234 0.0165806
22 0.4137962 0.5098425 0.0255234 0.0154751
32 0.5883993 0.4186494 0.4188152 0.3791420
33 0.7844651 0.2428956 0.0104414 0.0143698
27 0.6545279 0.3368520 0.0243632 0.0165805
2 0.7154359 0.3368520 0.0255233 0.0165805
18 0.7746037 0.3368520 0.0255234 0.0165805
23 0.4741241 0.3943313 0.0255233 0.0165806
6 0.5332919 0.3943313 0.0255233 0.0165806
1 0.7154359 0.3943313 0.0255233 0.0165806
5 0.7746037 0.3943313 0.0255234 0.0165806
7 0.4137962 0.4523632 0.0255234 0.0154751
15 0.4741241 0.4523632 0.0255233 0.0154751
12 0.6545279 0.4523632 0.0243632 0.0154751
14 0.7746037 0.4523632 0.0255234 0.0154751
34 0.4741241 0.5098425 0.0510468 0.0486363
24 0.4741241 0.5098425 0.0255233 0.0154751
30 0.5332919 0.5098425 0.0255233 0.0154751
24 0.5942000 0.5098425 0.0243632 0.0154751
28 0.7154359 0.5098425 0.0255233 0.0154751
25 0.4137962 0.5662163 0.0255234 0.0154752
6 0.4741241 0.5662163 0.0255233 0.0154752
21 0.5942000 0.5662163 0.0243632 0.0154752
10 0.7746037 0.5662163 0.0255234 0.0154752
15 0.7154359 0.5662163 0.0255233 0.0154752
14 0.4137962 0.3368520 0.0255234 0.0165805
24 0.6545279 0.5098425 0.0243632 0.0154751
2 0.5332919 0.5662163 0.0255233 0.0154752
2 0.5332919 0.4523632 0.0255233 0.0154751
23 0.5942000 0.3943313 0.0243632 0.0165806
28 0.6545279 0.5662163 0.0243632 0.0154752
17 0.7746037 0.5098425 0.0255234 0.0154751
18 0.5942000 0.4523632 0.0243632 0.0154751
12 0.7154359 0.4523632 0.0255233 0.0154751
13 0.5942000 0.3368520 0.0243632 0.0165805
19 0.6545279 0.3943313 0.0243632 0.0165806
23 0.5332919 0.3368520 0.0255233 0.0165805
31 0.4741241 0.3368520 0.0255233 0.0165805
