3 0.3337119 0.3358238 0.0287014 0.0170758
7 0.5528861 0.5202423 0.0287014 0.0170758
32 0.5522338 0.4325866 0.5231480 0.5043050
33 0.6324673 0.1946640 0.0130461 0.0147990
11 0.4798280 0.3358238 0.0287014 0.0170758
10 0.5528861 0.3358238 0.0287014 0.0170758
6 0.6259442 0.3358238 0.0287014 0.0170758
12 0.7720604 0.3358238 0.0287015 0.0170758
31 0.4067699 0.3972967 0.0287014 0.0170758
34 0.4798280 0.3978659 0.0678397 0.0614728
24 0.4798280 0.3972967 0.0287014 0.0170758
27 0.6259442 0.3972967 0.0287014 0.0170758
30 0.3337119 0.4587695 0.0287014 0.0170758
2 0.4798280 0.4587695 0.0287014 0.0170758
7 0.6259442 0.4587695 0.0287014 0.0170758
18 0.6990023 0.4587695 0.0287013 0.0170758
16 0.7720604 0.4587695 0.0287015 0.0170758
3 0.3337119 0.5202423 0.0287014 0.0170758
5 0.6990023 0.5202423 0.0287013 0.0170758
26 0.7720604 0.5202423 0.0287015 0.0170758
24 0.4067699 0.5817152 0.0287014 0.0170758
7 0.7720604 0.3972967 0.0287015 0.0170758
28 0.6990023 0.3972967 0.0287013 0.0170758
11 0.4067699 0.3358238 0.0287014 0.0170758
13 0.5528861 0.5817152 0.0287014 0.0170758
23 0.6259442 0.5202423 0.0287014 0.0170758
14 0.4798280 0.5202423 0.0287014 0.0170758
10 0.3337119 0.3972967 0.0287014 0.0170758
7 0.3337119 0.5817152 0.0287014 0.0170758
24 0.4798280 0.5817152 0.0287014 0.0170758
29 0.5528861 0.3972967 0.0287014 0.0170758
16 0.4067699 0.5202423 0.0287014 0.0170758
24 0.7720604 0.5817152 0.0287015 0.0170758
23 0.4067699 0.4587695 0.0287014 0.0170758
5 0.6990023 0.3358238 0.0287013 0.0170758
28 0.6990023 0.5817152 0.0287013 0.0170758
22 0.6259442 0.5817152 0.0287014 0.0170758
26 0.5528861 0.4587695 0.0287014 0.0170758
