10 0.3416614 0.4492822 0.0228405 0.0159160
22 0.4944756 0.3492386 0.0239282 0.0159160
32 0.3976751 0.3674284 0.4111301 0.3797110
33 0.5673478 0.2236156 0.0087012 0.0147792
35 0.2910858 0.3003536 0.0435058 0.0454744
23 0.2910858 0.3003537 0.0239282 0.0159160
17 0.3927807 0.3003537 0.0228406 0.0159160
13 0.4944756 0.3003537 0.0239282 0.0159160
21 0.2388789 0.3492386 0.0239282 0.0159160
3 0.2910858 0.3492386 0.0239282 0.0159160
5 0.3416614 0.3492386 0.0228405 0.0159160
18 0.3927807 0.3492386 0.0228406 0.0159160
1 0.4433562 0.3492386 0.0239282 0.0159160
19 0.2388789 0.3992604 0.0239282 0.0159160
27 0.2910858 0.3992604 0.0239282 0.0159160
24 0.4944756 0.3992604 0.0239282 0.0159160
29 0.3927807 0.4492822 0.0228406 0.0159160
25 0.2388789 0.4998725 0.0239282 0.0170529
30 0.3416614 0.4998725 0.0228405 0.0170529
12 0.4944756 0.4998725 0.0239282 0.0170529
31 0.5466825 0.4998725 0.0239282 0.0170529
20 0.4944756 0.4492822 0.0239282 0.0159160
3 0.2910858 0.4998725 0.0239282 0.0170529
28 0.5466825 0.3492386 0.0239282 0.0159160
23 0.4433562 0.3992604 0.0239282 0.0159160
31 0.2388789 0.3003537 0.0239282 0.0159160
24 0.2388789 0.4492822 0.0239282 0.0159160
31 0.2910858 0.4492822 0.0239282 0.0159160
4 0.5466825 0.3003537 0.0239282 0.0159160
28 0.4433562 0.4998725 0.0239282 0.0170529
24 0.3416614 0.3003537 0.0228405 0.0159160
17 0.3927807 0.3992604 0.0228406 0.0159160
22 0.3927807 0.4998725 0.0228406 0.0170529
2 0.4433562 0.3003537 0.0239282 0.0159160
23 0.3416614 0.3992604 0.0228405 0.0159160
19 0.4433562 0.4492822 0.0239282 0.0159160
18 0.5466825 0.4492822 0.0239282 0.0159160
26 0.5466825 0.3992604 0.0239282 0.0159160
