18 0.5475500 0.3067213 0.0281210 0.0160924
6 0.6191306 0.3067213 0.0281210 0.0160924
32 0.5469109 0.4354604 0.5125683 0.4666793
33 0.6261609 0.2139218 0.0115040 0.0128739
34 0.4043888 0.3072577 0.0664677 0.0579326
27 0.4043888 0.3067213 0.0281210 0.0160924
26 0.6907112 0.3067213 0.0281210 0.0160924
23 0.7622919 0.3067213 0.0281210 0.0160924
7 0.3328082 0.3646539 0.0281210 0.0160924
18 0.4043888 0.3646539 0.0281210 0.0160924
14 0.7622919 0.3646539 0.0281210 0.0160924
12 0.3328082 0.4225865 0.0281210 0.0160924
16 0.4043888 0.4225865 0.0281210 0.0160924
17 0.4759694 0.4225865 0.0281209 0.0160924
22 0.6191306 0.4225865 0.0281210 0.0160924
25 0.6907112 0.4225865 0.0281210 0.0160924
9 0.7622919 0.4225865 0.0281210 0.0160924
2 0.3328082 0.4805191 0.0281210 0.0160924
15 0.4759694 0.4805191 0.0281209 0.0160924
30 0.6191306 0.4805191 0.0281210 0.0160924
28 0.7622919 0.4805191 0.0281210 0.0160924
3 0.4043888 0.5384517 0.0281210 0.0160924
1 0.4759694 0.5384517 0.0281209 0.0160924
20 0.5475500 0.5384517 0.0281210 0.0160924
5 0.4043888 0.5963843 0.0281210 0.0160924
24 0.4759694 0.5963843 0.0281209 0.0160924
13 0.6191306 0.5963843 0.0281210 0.0160924
27 0.7622919 0.5963843 0.0281210 0.0160924
26 0.4043888 0.4805191 0.0281210 0.0160924
18 0.5475500 0.4805191 0.0281210 0.0160924
28 0.3328082 0.5963843 0.0281210 0.0160924
29 0.5475500 0.5963843 0.0281210 0.0160924
2 0.4759694 0.3646539 0.0281209 0.0160924
23 0.6907112 0.5384517 0.0281210 0.0160924
15 0.3328082 0.3067213 0.0281210 0.0160924
23 0.6907112 0.5963843 0.0281210 0.0160924
25 0.6907112 0.3646539 0.0281210 0.0160924
21 0.4759694 0.3067213 0.0281209 0.0160924
26 0.6191306 0.5384517 0.0281210 0.0160924
19 0.6191306 0.3646539 0.0281210 0.0160924
19 0.5475500 0.3646539 0.0281210 0.0160924
25 0.3328082 0.5384517 0.0281210 0.0160924
5 0.5475500 0.4225865 0.0281210 0.0160924
24 0.7622919 0.5384517 0.0281210 0.0160924
7 0.6907112 0.4805191 0.0281210 0.0160924
