30 0.2867426 0.5888284 0.0270260 0.0160470
19 0.2867426 0.3577513 0.0270260 0.0160470
32 0.4931231 0.4428005 0.4962962 0.4749918
33 0.5686732 0.2165375 0.0110561 0.0139074
19 0.4243296 0.2999820 0.0270261 0.0160470
7 0.6307102 0.2999820 0.0270260 0.0160470
24 0.4243296 0.3577513 0.0270261 0.0160470
25 0.4931232 0.3577513 0.0270260 0.0160470
21 0.5619167 0.3577513 0.0270260 0.0160470
34 0.6307102 0.3582862 0.0638797 0.0577693
6 0.6307102 0.3577513 0.0270260 0.0160470
18 0.2867426 0.4155206 0.0270260 0.0160470
12 0.5619167 0.4155206 0.0270260 0.0160470
16 0.6307102 0.4155206 0.0270260 0.0160470
1 0.6995038 0.4155206 0.0270260 0.0160470
8 0.4243296 0.4732899 0.0270261 0.0160470
22 0.4931232 0.4732899 0.0270260 0.0160470
10 0.6307102 0.4732899 0.0270260 0.0160470
28 0.6995038 0.4732899 0.0270260 0.0160470
31 0.2867426 0.5310591 0.0270260 0.0160470
15 0.3555361 0.5310591 0.0270260 0.0160470
11 0.4243296 0.5310591 0.0270261 0.0160470
14 0.5619167 0.5310591 0.0270260 0.0160470
6 0.3555361 0.5888284 0.0270260 0.0160470
29 0.4243296 0.5888284 0.0270261 0.0160470
3 0.4931232 0.5888284 0.0270260 0.0160470
30 0.6307102 0.5888284 0.0270260 0.0160470
26 0.6995038 0.5888284 0.0270260 0.0160470
25 0.6995038 0.5310591 0.0270260 0.0160470
6 0.5619167 0.4732899 0.0270260 0.0160470
5 0.3555361 0.2999820 0.0270260 0.0160470
20 0.2867426 0.2999820 0.0270260 0.0160470
9 0.4931232 0.2999820 0.0270260 0.0160470
10 0.3555361 0.4155206 0.0270260 0.0160470
20 0.3555361 0.3577513 0.0270260 0.0160470
18 0.6307102 0.5310591 0.0270260 0.0160470
16 0.6995038 0.2999820 0.0270260 0.0160470
12 0.3555361 0.4732899 0.0270260 0.0160470
4 0.4931232 0.4155206 0.0270260 0.0160470
5 0.2867426 0.4732899 0.0270260 0.0160470
30 0.4931232 0.5310591 0.0270260 0.0160470
1 0.5619167 0.2999820 0.0270260 0.0160470
17 0.4243296 0.4155206 0.0270261 0.0160470
14 0.6995038 0.3577513 0.0270260 0.0160470
31 0.5619167 0.5888284 0.0270260 0.0160470
