23 0.4889784 0.3795831 0.0241761 0.0172697
16 0.3853665 0.3058993 0.0241761 0.0172697
32 0.4273869 0.3962771 0.3937250 0.5042736
33 0.5632335 0.1999788 0.0138149 0.0195723
8 0.2817547 0.3058993 0.0241761 0.0172697
34 0.4371724 0.3058993 0.0448985 0.0449011
17 0.4371724 0.3058993 0.0241761 0.0172697
18 0.3853665 0.3795831 0.0241761 0.0172697
30 0.4371724 0.3795831 0.0241761 0.0172697
7 0.5407843 0.3795831 0.0241761 0.0172697
10 0.3335606 0.4532670 0.0241761 0.0172696
19 0.3853665 0.4532670 0.0241761 0.0172696
28 0.4371724 0.4532670 0.0241761 0.0172696
11 0.4889784 0.4532670 0.0241761 0.0172696
2 0.5407843 0.4532670 0.0241761 0.0172696
6 0.2817547 0.5263751 0.0241761 0.0161183
15 0.3335606 0.5263751 0.0241761 0.0161183
27 0.3853665 0.5263751 0.0241761 0.0161183
20 0.3335606 0.6000589 0.0241761 0.0161183
17 0.3853665 0.6000589 0.0241761 0.0161183
24 0.3335606 0.3795831 0.0241761 0.0172697
29 0.5925902 0.3795831 0.0241762 0.0172697
14 0.2817547 0.4532670 0.0241761 0.0172696
2 0.5407843 0.3058993 0.0241761 0.0172697
17 0.4371724 0.5263751 0.0241761 0.0161183
2 0.2817547 0.3795831 0.0241761 0.0172697
22 0.5407843 0.6000589 0.0241761 0.0161183
3 0.2817547 0.6000589 0.0241761 0.0161183
31 0.5407843 0.5263751 0.0241761 0.0161183
19 0.4889784 0.3058993 0.0241761 0.0172697
9 0.3335606 0.3058993 0.0241761 0.0172697
24 0.4889784 0.6000589 0.0241761 0.0161183
13 0.4889784 0.5263751 0.0241761 0.0161183
5 0.5925902 0.5263751 0.0241762 0.0161183
14 0.5925902 0.4532670 0.0241762 0.0172696
8 0.5925902 0.3058993 0.0241762 0.0172697
20 0.4371724 0.6000589 0.0241761 0.0161183
28 0.5925902 0.6000589 0.0241762 0.0161183
