20 0.3002833 0.6570277 0.0261842 0.0173022
1 0.5002355 0.5318749 0.0261842 0.0161487
32 0.5008306 0.5889722 0.4820277 0.5086853
33 0.5716470 0.3628899 0.0095215 0.0126883
11 0.3002833 0.4701637 0.0261842 0.0173022
17 0.4335848 0.4701637 0.0261842 0.0173022
30 0.5668863 0.4701637 0.0261842 0.0173022
15 0.7001878 0.4701637 0.0261842 0.0173022
34 0.3669341 0.5318749 0.0618900 0.0622880
17 0.3669341 0.5318749 0.0261842 0.0161487
10 0.3002833 0.5947397 0.0261842 0.0173022
1 0.4335848 0.5947397 0.0261842 0.0173022
22 0.5668863 0.5947397 0.0261842 0.0173022
24 0.6335371 0.5947397 0.0261843 0.0173022
20 0.4335848 0.6570277 0.0261842 0.0173022
7 0.5002355 0.6570277 0.0261842 0.0173022
6 0.5668863 0.6570277 0.0261842 0.0173022
26 0.6335371 0.6570277 0.0261843 0.0173022
3 0.7001878 0.6570277 0.0261842 0.0173022
9 0.3002833 0.7193157 0.0261842 0.0173022
12 0.5668863 0.7193157 0.0261842 0.0173022
27 0.6335371 0.7193157 0.0261843 0.0173022
4 0.3002833 0.7810270 0.0261842 0.0161487
29 0.3669341 0.7810270 0.0261842 0.0161487
23 0.4335848 0.7810270 0.0261842 0.0161487
18 0.5002355 0.7810270 0.0261842 0.0161487
21 0.6335371 0.7810270 0.0261843 0.0161487
6 0.3669341 0.7193157 0.0261842 0.0173022
14 0.6335371 0.5318749 0.0261843 0.0161487
27 0.6335371 0.4701637 0.0261843 0.0173022
18 0.7001878 0.7810270 0.0261842 0.0161487
28 0.5002355 0.5947397 0.0261842 0.0173022
19 0.5668863 0.5318749 0.0261842 0.0161487
29 0.4335848 0.5318749 0.0261842 0.0161487
9 0.7001878 0.5947397 0.0261842 0.0173022
16 0.7001878 0.7193157 0.0261842 0.0173022
15 0.5002355 0.4701637 0.0261842 0.0173022
14 0.7001878 0.5318749 0.0261842 0.0161487
11 0.3669341 0.5947397 0.0261842 0.0173022
4 0.5668863 0.7810270 0.0261842 0.0161487
26 0.3002833 0.5318749 0.0261842 0.0161487
19 0.3669341 0.6570277 0.0261842 0.0173022
30 0.5002355 0.7193157 0.0261842 0.0173022
9 0.3669341 0.4701637 0.0261842 0.0173022
22 0.4335848 0.7193157 0.0261842 0.0173022
