22 0.6446665 0.2821094 0.0252364 0.0165002
3 0.8832659 0.4531611 0.0252364 0.0154001
32 0.7576571 0.3063096 0.4141076 0.3773037
33 0.9515191 0.1314079 0.0103240 0.0143001
24 0.6446665 0.2249089 0.0252364 0.0165002
4 0.7633927 0.2249089 0.0240894 0.0165002
31 0.8230425 0.2249089 0.0240894 0.0165002
11 0.8832659 0.2249089 0.0252364 0.0165002
10 0.9417687 0.2249089 0.0252365 0.0165002
28 0.7031693 0.2821094 0.0252364 0.0165002
17 0.8832659 0.2821094 0.0252364 0.0165002
9 0.9417687 0.2821094 0.0252365 0.0165002
20 0.6446665 0.3398600 0.0252364 0.0154002
34 0.7031693 0.3398600 0.0504730 0.0484004
7 0.7031693 0.3398600 0.0252364 0.0154002
27 0.5850167 0.3970605 0.0252365 0.0154001
25 0.6446665 0.3970605 0.0252364 0.0154001
26 0.7633927 0.3970605 0.0240894 0.0154001
8 0.8832659 0.3970605 0.0252364 0.0154001
16 0.7633927 0.4531611 0.0240894 0.0154001
5 0.8230425 0.3970605 0.0240894 0.0154001
3 0.5850167 0.3398600 0.0252365 0.0154002
8 0.9417687 0.3398600 0.0252365 0.0154002
6 0.9417687 0.3970605 0.0252365 0.0154001
24 0.8832659 0.3398600 0.0252364 0.0154002
21 0.9417687 0.4531611 0.0252365 0.0154001
17 0.8230425 0.3398600 0.0240894 0.0154002
7 0.7031693 0.4531611 0.0252364 0.0154001
12 0.5850167 0.2821094 0.0252365 0.0165002
27 0.5850167 0.2249089 0.0252365 0.0165002
14 0.7633927 0.3398600 0.0240894 0.0154002
3 0.8230425 0.4531611 0.0240894 0.0154001
29 0.7031693 0.2249089 0.0252364 0.0165002
19 0.6446665 0.4531611 0.0252364 0.0154001
5 0.7633927 0.2821094 0.0240894 0.0165002
29 0.8230425 0.2821094 0.0240894 0.0165002
16 0.5850167 0.4531611 0.0252365 0.0154001
31 0.7031693 0.3970605 0.0252364 0.0154001
