1 0.2491519 0.5778301 0.0264920 0.0168516
18 0.5188883 0.5171642 0.0264920 0.0168516
32 0.4508521 0.4093137 0.4828764 0.4886974
33 0.5255113 0.1773229 0.0108376 0.0134813
3 0.3840201 0.2745006 0.0264920 0.0168516
25 0.4514542 0.2745006 0.0264919 0.0168516
16 0.5188883 0.2745006 0.0264920 0.0168516
18 0.6537566 0.2745006 0.0264919 0.0168516
21 0.4514542 0.3351666 0.0264919 0.0168516
15 0.5188883 0.3351666 0.0264920 0.0168516
20 0.5863224 0.3351666 0.0264920 0.0168516
17 0.3840201 0.3958324 0.0264920 0.0168516
12 0.5188883 0.3958324 0.0264920 0.0168516
34 0.5863224 0.3963941 0.0626174 0.0606659
2 0.5863224 0.3958324 0.0264920 0.0168516
6 0.2491519 0.4564983 0.0264920 0.0168516
4 0.3165860 0.4564983 0.0264920 0.0168516
1 0.4514542 0.4564983 0.0264919 0.0168516
28 0.5863224 0.4564983 0.0264920 0.0168516
24 0.2491519 0.5171642 0.0264920 0.0168516
29 0.4514542 0.5171642 0.0264919 0.0168516
14 0.6537566 0.5171642 0.0264919 0.0168516
9 0.3165860 0.5778301 0.0264920 0.0168516
11 0.3840201 0.5778301 0.0264920 0.0168516
5 0.5188883 0.5778301 0.0264920 0.0168516
10 0.5863224 0.5778301 0.0264920 0.0168516
13 0.6537566 0.5778301 0.0264919 0.0168516
24 0.4514542 0.5778301 0.0264919 0.0168516
5 0.3165860 0.3351666 0.0264920 0.0168516
17 0.3165860 0.3958324 0.0264920 0.0168516
30 0.3840201 0.4564983 0.0264920 0.0168516
2 0.5863224 0.2745006 0.0264920 0.0168516
5 0.2491519 0.2745006 0.0264920 0.0168516
30 0.3165860 0.2745006 0.0264920 0.0168516
20 0.5188883 0.4564983 0.0264920 0.0168516
24 0.3840201 0.5171642 0.0264920 0.0168516
18 0.3840201 0.3351666 0.0264920 0.0168516
2 0.6537566 0.4564983 0.0264919 0.0168516
6 0.4514542 0.3958324 0.0264919 0.0168516
1 0.5863224 0.5171642 0.0264920 0.0168516
23 0.2491519 0.3351666 0.0264920 0.0168516
1 0.3165860 0.5171642 0.0264920 0.0168516
25 0.2491519 0.3958324 0.0264920 0.0168516
17 0.6537566 0.3351666 0.0264919 0.0168516
17 0.6537566 0.3958324 0.0264919 0.0168516
