27 0.3959381 0.3967668 0.0269651 0.0162134
22 0.2586613 0.4545948 0.0269651 0.0151325
32 0.4651894 0.5080991 0.4964030 0.4766753
33 0.5381178 0.2962435 0.0098055 0.0118899
34 0.4645766 0.3962264 0.0637357 0.0583684
16 0.4645766 0.3967668 0.0269651 0.0162134
12 0.6704919 0.3967668 0.0269651 0.0162134
22 0.3272997 0.4545948 0.0269651 0.0151325
10 0.3959381 0.4545948 0.0269651 0.0151325
23 0.5332151 0.4545948 0.0269651 0.0151325
27 0.6018535 0.4545948 0.0269651 0.0151325
13 0.2586613 0.5135036 0.0269651 0.0162134
4 0.3272997 0.5135036 0.0269651 0.0162134
2 0.6704919 0.5135036 0.0269651 0.0162134
16 0.3272997 0.5718720 0.0269651 0.0162134
1 0.5332151 0.5718720 0.0269651 0.0162134
6 0.2586613 0.6302405 0.0269651 0.0162134
11 0.3959381 0.6302405 0.0269651 0.0162134
7 0.5332151 0.6302405 0.0269651 0.0162134
31 0.6704919 0.6302405 0.0269651 0.0162134
26 0.6018535 0.5135036 0.0269651 0.0162134
20 0.5332151 0.5135036 0.0269651 0.0162134
9 0.2586613 0.5718720 0.0269651 0.0162134
28 0.3959381 0.5718720 0.0269651 0.0162134
7 0.6018535 0.3967668 0.0269651 0.0162134
5 0.3272997 0.6302405 0.0269651 0.0162134
17 0.4645766 0.4545948 0.0269651 0.0151325
20 0.6018535 0.5718720 0.0269651 0.0162134
28 0.5332151 0.3967668 0.0269651 0.0162134
3 0.6704919 0.5718720 0.0269651 0.0162134
24 0.4645766 0.5718720 0.0269651 0.0162134
1 0.4645766 0.6302405 0.0269651 0.0162134
4 0.6018535 0.6302405 0.0269651 0.0162134
21 0.2586613 0.3967668 0.0269651 0.0162134
5 0.3959381 0.5135036 0.0269651 0.0162134
15 0.3272997 0.3967668 0.0269651 0.0162134
10 0.4645766 0.5135036 0.0269651 0.0162134
3 0.6704919 0.4545948 0.0269651 0.0151325
