24 0.3076363 0.3810686 0.0281503 0.0174493
17 0.4509468 0.4438860 0.0281503 0.0174493
32 0.4503070 0.3950280 0.5131026 0.5060294
33 0.5296396 0.1548095 0.0115160 0.0139595
11 0.3076363 0.2554337 0.0281503 0.0174493
19 0.4509468 0.2554337 0.0281503 0.0174493
34 0.3076363 0.3188328 0.0665370 0.0628175
21 0.3076363 0.3182511 0.0281503 0.0174493
24 0.4509468 0.3182511 0.0281503 0.0174493
9 0.5942573 0.3182511 0.0281503 0.0174493
16 0.6659125 0.3182511 0.0281503 0.0174493
20 0.3792916 0.3810686 0.0281503 0.0174493
7 0.6659125 0.3810686 0.0281503 0.0174493
1 0.5942573 0.4438860 0.0281503 0.0174493
4 0.2359811 0.5067034 0.0281503 0.0174493
23 0.3076363 0.5067034 0.0281503 0.0174493
29 0.3792916 0.5067034 0.0281503 0.0174493
6 0.5226020 0.5067034 0.0281503 0.0174493
13 0.5942573 0.5067034 0.0281503 0.0174493
28 0.6659125 0.5067034 0.0281503 0.0174493
5 0.3792916 0.2554337 0.0281503 0.0174493
6 0.3076363 0.4438860 0.0281503 0.0174493
20 0.2359811 0.2554337 0.0281503 0.0174493
28 0.5226020 0.3182511 0.0281503 0.0174493
20 0.2359811 0.3810686 0.0281503 0.0174493
31 0.5942573 0.3810686 0.0281503 0.0174493
14 0.2359811 0.4438860 0.0281503 0.0174493
16 0.4509468 0.3810686 0.0281503 0.0174493
30 0.5226020 0.4438860 0.0281503 0.0174493
30 0.3792916 0.3182511 0.0281503 0.0174493
21 0.6659125 0.4438860 0.0281503 0.0174493
25 0.4509468 0.5067034 0.0281503 0.0174493
4 0.2359811 0.3182511 0.0281503 0.0174493
21 0.5226020 0.3810686 0.0281503 0.0174493
16 0.3792916 0.4438860 0.0281503 0.0174493
28 0.5942573 0.2554337 0.0281503 0.0174493
26 0.5226020 0.2554337 0.0281503 0.0174493
2 0.6659125 0.2554337 0.0281503 0.0174493
