14 0.3402947 0.3061637 0.0229714 0.0161584
14 0.2369235 0.4573600 0.0240653 0.0161584
32 0.3966293 0.3742598 0.4134849 0.3854929
33 0.5672739 0.2282573 0.0087511 0.0150042
26 0.2369235 0.3061637 0.0240653 0.0161584
35 0.4425721 0.3061637 0.0437550 0.0461668
8 0.4425721 0.3061637 0.0240652 0.0161584
9 0.2894295 0.3557931 0.0240653 0.0161584
21 0.3402947 0.3557931 0.0229714 0.0161584
18 0.3917069 0.3557931 0.0229714 0.0161584
23 0.4425721 0.3557931 0.0240652 0.0161584
14 0.4939842 0.3557931 0.0240653 0.0161584
3 0.5464903 0.3557931 0.0240652 0.0161584
13 0.2369235 0.4065765 0.0240653 0.0161584
11 0.5464903 0.4065765 0.0240652 0.0161584
17 0.4425721 0.4573600 0.0240652 0.0161584
8 0.2894295 0.5087206 0.0240653 0.0173126
20 0.3917069 0.5087206 0.0229714 0.0173126
2 0.4425721 0.5087206 0.0240652 0.0173126
6 0.5464903 0.5087206 0.0240652 0.0173126
13 0.4425721 0.4065765 0.0240652 0.0161584
22 0.5464903 0.3061637 0.0240652 0.0161584
10 0.4939842 0.4065765 0.0240653 0.0161584
26 0.2369235 0.5087206 0.0240653 0.0173126
12 0.2894295 0.4065765 0.0240653 0.0161584
9 0.3917069 0.4573600 0.0229714 0.0161584
31 0.3402947 0.4065765 0.0229714 0.0161584
11 0.2894295 0.4573600 0.0240653 0.0161584
11 0.4939842 0.5087206 0.0240653 0.0173126
2 0.5464903 0.4573600 0.0240652 0.0161584
8 0.3402947 0.4573600 0.0229714 0.0161584
17 0.4939842 0.4573600 0.0240653 0.0161584
16 0.2894295 0.3061637 0.0240653 0.0161584
25 0.3917069 0.3061637 0.0229714 0.0161584
30 0.3402947 0.5087206 0.0229714 0.0173126
6 0.4939842 0.3061637 0.0240653 0.0161584
18 0.2369235 0.3557931 0.0240653 0.0161584
10 0.3917069 0.4065765 0.0229714 0.0161584
