31 0.7354157 0.1323686 0.0251885 0.0159271
30 0.7903723 0.2324818 0.0251885 0.0159271
32 0.6335170 0.1708348 0.4327831 0.3394474
33 0.8121260 0.0075821 0.0091595 0.0129419
8 0.4663574 0.0834497 0.0251884 0.0159271
24 0.6283649 0.0834497 0.0240435 0.0159271
18 0.6816041 0.0834497 0.0251884 0.0159271
17 0.7354157 0.0834497 0.0251885 0.0159271
19 0.6283649 0.1323686 0.0240435 0.0159271
2 0.6816041 0.1323686 0.0251884 0.0159271
35 0.7903723 0.1323686 0.0457972 0.0455060
4 0.7903723 0.1323686 0.0251885 0.0159271
16 0.4663574 0.1824252 0.0251884 0.0159271
13 0.5213140 0.1824252 0.0251884 0.0159271
21 0.5745532 0.1824252 0.0240435 0.0159271
4 0.7354157 0.1824252 0.0251885 0.0159271
29 0.7903723 0.1824252 0.0251885 0.0159271
14 0.7354157 0.2324818 0.0251885 0.0159271
7 0.5213140 0.2831072 0.0251884 0.0170648
10 0.5745532 0.2831072 0.0240435 0.0170648
27 0.4663574 0.1323686 0.0251884 0.0159271
11 0.7903723 0.2831072 0.0251885 0.0170648
4 0.4663574 0.2324818 0.0251884 0.0159271
16 0.5745532 0.1323686 0.0240435 0.0159271
12 0.4663574 0.2831072 0.0251884 0.0170648
2 0.5745532 0.2324818 0.0240435 0.0159271
25 0.5745532 0.0834497 0.0240435 0.0159271
18 0.6816041 0.1824252 0.0251884 0.0159271
1 0.6283649 0.2324818 0.0240435 0.0159271
28 0.7354157 0.2831072 0.0251885 0.0170648
18 0.6816041 0.2324818 0.0251884 0.0159271
14 0.6283649 0.1824252 0.0240435 0.0159271
5 0.6283649 0.2831072 0.0240435 0.0170648
31 0.7903723 0.0834497 0.0251885 0.0159271
7 0.5213140 0.2324818 0.0251884 0.0159271
4 0.6816041 0.2831072 0.0251884 0.0170648
25 0.5213140 0.0834497 0.0251884 0.0159271
4 0.5213140 0.1323686 0.0251884 0.0159271
