31 0.4542893 0.1630825 0.0235503 0.0163292
11 0.6656813 0.3158768 0.0246718 0.0163292
32 0.5120436 0.2318983 0.4239055 0.3895673
33 0.6869887 0.0843525 0.0089715 0.0151628
12 0.3483129 0.1630825 0.0246718 0.0163292
23 0.4021422 0.1630825 0.0246718 0.0163292
2 0.5069971 0.1630825 0.0235503 0.0163292
20 0.5591442 0.1630825 0.0246718 0.0163292
28 0.4021422 0.2132363 0.0246718 0.0163292
29 0.5069971 0.2132363 0.0235503 0.0163292
19 0.6118521 0.2132363 0.0246718 0.0163292
7 0.6656813 0.2132363 0.0246718 0.0163292
26 0.5069971 0.2645566 0.0235503 0.0163291
11 0.6656813 0.2645566 0.0246718 0.0163291
27 0.3483129 0.3158768 0.0246718 0.0163292
22 0.5069971 0.3158768 0.0235503 0.0163292
3 0.3483129 0.3677803 0.0246718 0.0174956
35 0.4021422 0.3677802 0.0448577 0.0454884
24 0.4021422 0.3677803 0.0246718 0.0174956
21 0.4542893 0.3677803 0.0235503 0.0174956
29 0.4542893 0.2645566 0.0235503 0.0163291
23 0.6118521 0.3158768 0.0246718 0.0163292
13 0.6118521 0.1630825 0.0246718 0.0163292
20 0.3483129 0.2645566 0.0246718 0.0163291
2 0.3483129 0.2132363 0.0246718 0.0163292
3 0.6118521 0.3677803 0.0246718 0.0174956
29 0.6656813 0.1630825 0.0246718 0.0163292
10 0.4542893 0.2132363 0.0235503 0.0163292
30 0.5591442 0.3158768 0.0246718 0.0163292
11 0.5591442 0.2132363 0.0246718 0.0163292
23 0.5069971 0.3677803 0.0235503 0.0174956
20 0.4542893 0.3158768 0.0235503 0.0163292
11 0.4021422 0.3158768 0.0246718 0.0163292
25 0.5591442 0.3677803 0.0246718 0.0174956
18 0.6118521 0.2645566 0.0246718 0.0163291
21 0.5591442 0.2645566 0.0246718 0.0163291
28 0.4021422 0.2645566 0.0246718 0.0163291
2 0.6656813 0.3677803 0.0246718 0.0174956
