7 0.0346993 0.3191362 0.0283682 0.0161025
15 0.2513294 0.3191362 0.0283682 0.0161025
32 0.2552361 0.3899873 0.5079723 0.4669730
33 0.3306315 0.1683093 0.0116052 0.0128820
29 0.1069093 0.2611671 0.0283682 0.0161025
26 0.2513294 0.2611671 0.0283682 0.0161025
3 0.3235394 0.2611671 0.0283682 0.0161025
5 0.1069093 0.3191362 0.0283682 0.0161025
24 0.3235394 0.3191362 0.0283682 0.0161025
23 0.2513294 0.3771053 0.0283682 0.0161025
6 0.3235394 0.3771053 0.0283682 0.0161025
16 0.3957494 0.3771053 0.0283682 0.0161025
1 0.1069093 0.4350744 0.0283682 0.0161025
8 0.1791193 0.4350744 0.0283682 0.0161025
22 0.2513294 0.4350744 0.0283682 0.0161025
34 0.3235394 0.4356111 0.0670522 0.0579690
20 0.3235394 0.4350744 0.0283682 0.0161025
7 0.3957494 0.4350744 0.0283682 0.0161025
18 0.0346993 0.4930434 0.0283682 0.0161025
13 0.1791193 0.4930434 0.0283682 0.0161025
30 0.1791193 0.3771053 0.0283682 0.0161025
20 0.1791193 0.2611671 0.0283682 0.0161025
30 0.3235394 0.4930434 0.0283682 0.0161025
14 0.0346993 0.3771053 0.0283682 0.0161025
15 0.4679594 0.2611671 0.0283682 0.0161025
2 0.1069093 0.4930434 0.0283682 0.0161025
7 0.4679594 0.4930434 0.0283682 0.0161025
13 0.3957494 0.2611671 0.0283682 0.0161025
4 0.3957494 0.3191362 0.0283682 0.0161025
1 0.1791193 0.3191362 0.0283682 0.0161025
4 0.4679594 0.3191362 0.0283682 0.0161025
26 0.4679594 0.4350744 0.0283682 0.0161025
14 0.4679594 0.3771053 0.0283682 0.0161025
25 0.2513294 0.4930434 0.0283682 0.0161025
21 0.0346993 0.2611671 0.0283682 0.0161025
31 0.1069093 0.3771053 0.0283682 0.0161025
30 0.0346993 0.4350744 0.0283682 0.0161025
28 0.3957494 0.4930434 0.0283682 0.0161025
