19 0.3554926 0.4427717 0.0270141 0.0164940
7 0.4242557 0.6802850 0.0270141 0.0164940
32 0.4930190 0.5895681 0.4960773 0.4882218
33 0.5685356 0.3570030 0.0110512 0.0142948
28 0.4242557 0.4427717 0.0270141 0.0164940
16 0.2867294 0.5021501 0.0270141 0.0164940
25 0.3554926 0.5021501 0.0270141 0.0164940
7 0.4242557 0.5021501 0.0270141 0.0164940
12 0.6305453 0.5021501 0.0270141 0.0164940
20 0.2867294 0.5615284 0.0270141 0.0164940
26 0.3554926 0.5615284 0.0270141 0.0164940
3 0.4242557 0.5615284 0.0270141 0.0164940
29 0.5617821 0.5615284 0.0270141 0.0164940
14 0.6993085 0.5615284 0.0270142 0.0164940
11 0.2867294 0.6209067 0.0270141 0.0164939
27 0.4242557 0.6209067 0.0270141 0.0164939
10 0.5617821 0.6209067 0.0270141 0.0164939
5 0.6305453 0.6209067 0.0270141 0.0164939
6 0.6993085 0.6209067 0.0270142 0.0164939
13 0.5617821 0.6802850 0.0270141 0.0164940
8 0.2867294 0.7396634 0.0270141 0.0164939
21 0.3554926 0.7396634 0.0270141 0.0164939
15 0.4242557 0.7396634 0.0270141 0.0164939
18 0.4930189 0.7396634 0.0270141 0.0164939
34 0.6305453 0.7402131 0.0638515 0.0593784
23 0.6305453 0.7396634 0.0270141 0.0164939
31 0.6993085 0.7396634 0.0270142 0.0164939
26 0.6993085 0.4427717 0.0270142 0.0164940
15 0.5617821 0.4427717 0.0270141 0.0164940
10 0.4930189 0.4427717 0.0270141 0.0164940
12 0.6993085 0.6802850 0.0270142 0.0164940
18 0.3554926 0.6209067 0.0270141 0.0164939
8 0.4930189 0.6802850 0.0270141 0.0164940
15 0.4930189 0.5021501 0.0270141 0.0164940
4 0.2867294 0.6802850 0.0270141 0.0164940
10 0.2867294 0.4427717 0.0270141 0.0164940
31 0.5617821 0.7396634 0.0270141 0.0164939
16 0.5617821 0.5021501 0.0270141 0.0164940
25 0.6305453 0.5615284 0.0270141 0.0164940
22 0.6305453 0.6802850 0.0270141 0.0164940
21 0.4930189 0.5615284 0.0270141 0.0164940
14 0.6993085 0.5021501 0.0270142 0.0164940
26 0.6305453 0.4427717 0.0270141 0.0164940
3 0.3554926 0.6802850 0.0270141 0.0164940
19 0.4930189 0.6209067 0.0270141 0.0164939
