18 0.4646673 0.2130682 0.0241932 0.0172430
5 0.7757225 0.1394981 0.0241932 0.0172430
32 0.6104024 0.2412976 0.3940032 0.4803731
33 0.7463451 0.0337411 0.0138247 0.0195421
2 0.4646673 0.1394981 0.0241932 0.0172430
8 0.5165098 0.1394981 0.0241932 0.0172430
13 0.5683524 0.1394981 0.0241932 0.0172430
24 0.7238799 0.1394981 0.0241932 0.0172430
1 0.6720374 0.2130682 0.0241931 0.0172430
20 0.7238799 0.2130682 0.0241932 0.0172430
26 0.5165098 0.2866383 0.0241932 0.0172430
11 0.6201949 0.2866383 0.0241933 0.0172430
19 0.4646673 0.3596337 0.0241932 0.0160935
34 0.6201949 0.3602084 0.0449302 0.0448318
9 0.6201949 0.3596337 0.0241933 0.0160935
16 0.7757225 0.3596337 0.0241932 0.0160935
5 0.4646673 0.4332037 0.0241932 0.0160935
10 0.6201949 0.4332037 0.0241933 0.0160935
23 0.6720374 0.4332037 0.0241931 0.0160935
17 0.7238799 0.4332037 0.0241932 0.0160935
6 0.7757225 0.2130682 0.0241932 0.0172430
16 0.6720374 0.1394981 0.0241931 0.0172430
27 0.4646673 0.2866383 0.0241932 0.0172430
27 0.6720374 0.2866383 0.0241931 0.0172430
6 0.5683524 0.3596337 0.0241932 0.0160935
18 0.5165098 0.4332037 0.0241932 0.0160935
29 0.6201949 0.2130682 0.0241933 0.0172430
24 0.5683524 0.4332037 0.0241932 0.0160935
1 0.5165098 0.2130682 0.0241932 0.0172430
15 0.7757225 0.4332037 0.0241932 0.0160935
3 0.6201949 0.1394981 0.0241933 0.0172430
19 0.7757225 0.2866383 0.0241932 0.0172430
31 0.5683524 0.2130682 0.0241932 0.0172430
23 0.7238799 0.3596337 0.0241932 0.0160935
20 0.6720374 0.3596337 0.0241931 0.0160935
15 0.5683524 0.2866383 0.0241932 0.0172430
15 0.5165098 0.3596337 0.0241932 0.0160935
17 0.7238799 0.2866383 0.0241932 0.0172430
