10 0.6892616 0.4534963 0.0237779 0.0159425
10 0.6892616 0.3532863 0.0237779 0.0159425
32 0.5903669 0.3925732 0.4031445 0.4270311
33 0.7616763 0.2263157 0.0086466 0.0125262
29 0.4352698 0.3043201 0.0237779 0.0159425
21 0.4871490 0.3043201 0.0237780 0.0159425
16 0.6892616 0.3043201 0.0237779 0.0159425
35 0.7411408 0.3043201 0.0432327 0.0455500
23 0.7411408 0.3043201 0.0237779 0.0159425
20 0.4352698 0.3532863 0.0237779 0.0159425
15 0.5882053 0.3532863 0.0226972 0.0159425
4 0.6384633 0.3532863 0.0237779 0.0159425
18 0.5374069 0.4033913 0.0226971 0.0159425
24 0.6892616 0.4033913 0.0237779 0.0159425
22 0.5374069 0.4534963 0.0226971 0.0159425
9 0.5882053 0.4534963 0.0226972 0.0159425
3 0.6384633 0.4534963 0.0237779 0.0159425
13 0.4352698 0.5041707 0.0237779 0.0170812
31 0.5374069 0.5041707 0.0226971 0.0170812
10 0.5882053 0.5041707 0.0226972 0.0170812
1 0.6384633 0.5041707 0.0237779 0.0170812
7 0.6892616 0.5041707 0.0237779 0.0170812
17 0.7411408 0.5041707 0.0237779 0.0170812
28 0.4352698 0.5542756 0.0237779 0.0170812
14 0.5374069 0.5542756 0.0226971 0.0170812
11 0.6384633 0.5542756 0.0237779 0.0170812
19 0.6892616 0.5542756 0.0237779 0.0170812
17 0.6384633 0.3043201 0.0237779 0.0159425
10 0.5374069 0.3532863 0.0226971 0.0159425
10 0.7411408 0.4033913 0.0237779 0.0159425
2 0.4871490 0.5542756 0.0237780 0.0170812
19 0.4871490 0.3532863 0.0237780 0.0159425
21 0.5882053 0.4033913 0.0226972 0.0159425
13 0.7411408 0.5542756 0.0237779 0.0170812
13 0.5882053 0.3043201 0.0226972 0.0159425
25 0.5374069 0.3043201 0.0226971 0.0159425
12 0.4871490 0.4033913 0.0237780 0.0159425
9 0.6384633 0.4033913 0.0237779 0.0159425
21 0.7411408 0.4534963 0.0237779 0.0159425
18 0.4352698 0.4534963 0.0237779 0.0159425
26 0.5882053 0.5542756 0.0226972 0.0170812
17 0.7411408 0.3532863 0.0237779 0.0159425
10 0.4352698 0.4033913 0.0237779 0.0159425
21 0.4871490 0.5041707 0.0237780 0.0170812
10 0.4871490 0.4534963 0.0237780 0.0159425
