13 0.2065733 0.6899391 0.0267252 0.0172919
4 0.2746009 0.5654367 0.0267252 0.0172920
32 0.4100489 0.5792703 0.4871267 0.5014681
33 0.4853653 0.3412170 0.0109330 0.0138336
29 0.2065733 0.4409342 0.0267252 0.0172920
22 0.3426286 0.4409342 0.0267252 0.0172920
28 0.4786840 0.4409342 0.0267252 0.0172920
1 0.6147393 0.4409342 0.0267252 0.0172920
19 0.2065733 0.5031854 0.0267252 0.0172920
34 0.4106563 0.5660130 0.0631685 0.0622512
18 0.4106563 0.5654367 0.0267252 0.0172920
7 0.4786840 0.5654367 0.0267252 0.0172920
21 0.5467117 0.5654367 0.0267251 0.0172920
27 0.3426286 0.6276879 0.0267252 0.0172919
16 0.4786840 0.6276879 0.0267252 0.0172919
11 0.5467117 0.6276879 0.0267251 0.0172919
12 0.6147393 0.6276879 0.0267252 0.0172919
5 0.3426286 0.6899391 0.0267252 0.0172919
9 0.4106563 0.6899391 0.0267252 0.0172919
3 0.6147393 0.6899391 0.0267252 0.0172919
5 0.5467117 0.4409342 0.0267251 0.0172920
17 0.6147393 0.5031854 0.0267252 0.0172920
1 0.5467117 0.5031854 0.0267251 0.0172920
4 0.4786840 0.5031854 0.0267252 0.0172920
13 0.3426286 0.5654367 0.0267252 0.0172920
31 0.2065733 0.6276879 0.0267252 0.0172919
2 0.4106563 0.5031854 0.0267252 0.0172920
23 0.2746009 0.4409342 0.0267252 0.0172920
15 0.6147393 0.5654367 0.0267252 0.0172920
6 0.3426286 0.5031854 0.0267252 0.0172920
7 0.4106563 0.4409342 0.0267252 0.0172920
7 0.5467117 0.6899391 0.0267251 0.0172919
23 0.4106563 0.6276879 0.0267252 0.0172919
16 0.4786840 0.6899391 0.0267252 0.0172919
1 0.2746009 0.6899391 0.0267252 0.0172919
19 0.2065733 0.5654367 0.0267252 0.0172920
1 0.2746009 0.6276879 0.0267252 0.0172919
24 0.2746009 0.5031854 0.0267252 0.0172920
