6 0.4202032 0.2813039 0.0284980 0.0159491
17 0.4202032 0.3961373 0.0284980 0.0159491
32 0.3470152 0.3514799 0.5194413 0.4625235
33 0.4273278 0.1319141 0.0116583 0.0127593
4 0.3476628 0.2238872 0.0284980 0.0159491
10 0.1300416 0.2813039 0.0284980 0.0159491
2 0.5652841 0.2813039 0.0284980 0.0159491
22 0.2025820 0.3387206 0.0284980 0.0159491
24 0.3476628 0.3387206 0.0284980 0.0159491
1 0.4927437 0.3387206 0.0284980 0.0159491
11 0.5652841 0.3387206 0.0284980 0.0159491
8 0.2025820 0.3961373 0.0284980 0.0159491
3 0.3476628 0.3961373 0.0284980 0.0159491
13 0.4927437 0.3961373 0.0284980 0.0159491
34 0.5652841 0.3966689 0.0673590 0.0574167
17 0.5652841 0.3961373 0.0284980 0.0159491
30 0.1300416 0.4535540 0.0284980 0.0159491
17 0.2025820 0.4535540 0.0284980 0.0159491
28 0.4202032 0.4535540 0.0284980 0.0159491
18 0.5652841 0.4535540 0.0284980 0.0159491
7 0.1300416 0.3387206 0.0284980 0.0159491
5 0.2025820 0.2813039 0.0284980 0.0159491
3 0.2751224 0.3961373 0.0284980 0.0159491
7 0.5652841 0.2238872 0.0284980 0.0159491
28 0.2751224 0.4535540 0.0284980 0.0159491
6 0.2751224 0.2813039 0.0284980 0.0159491
24 0.1300416 0.2238872 0.0284980 0.0159491
5 0.4202032 0.2238872 0.0284980 0.0159491
29 0.4927437 0.2813039 0.0284980 0.0159491
7 0.2751224 0.2238872 0.0284980 0.0159491
30 0.3476628 0.4535540 0.0284980 0.0159491
31 0.1300416 0.3961373 0.0284980 0.0159491
4 0.2751224 0.3387206 0.0284980 0.0159491
2 0.2025820 0.2238872 0.0284980 0.0159491
5 0.4927437 0.4535540 0.0284980 0.0159491
17 0.4202032 0.3387206 0.0284980 0.0159491
5 0.4927437 0.2238872 0.0284980 0.0159491
3 0.3476628 0.2813039 0.0284980 0.0159491
