18 0.4283179 0.3430376 0.0277458 0.0163752
7 0.1458156 0.1661854 0.0277458 0.0163752
32 0.3570618 0.2589782 0.5057296 0.4836145
33 0.4346238 0.0308170 0.0126117 0.0141918
2 0.2164412 0.1661854 0.0277458 0.0163752
15 0.4989435 0.1661854 0.0277458 0.0163752
30 0.5695691 0.1661854 0.0277457 0.0163752
21 0.2870668 0.2251361 0.0277458 0.0163752
22 0.4283179 0.2251361 0.0277458 0.0163752
28 0.4989435 0.2251361 0.0277458 0.0163752
14 0.2870668 0.2840868 0.0277458 0.0163752
9 0.4283179 0.2840868 0.0277458 0.0163752
20 0.4989435 0.2840868 0.0277458 0.0163752
7 0.5695691 0.2840868 0.0277457 0.0163752
12 0.4989435 0.3430376 0.0277458 0.0163752
4 0.5695691 0.3430376 0.0277457 0.0163752
3 0.2164412 0.4019884 0.0277458 0.0163753
34 0.3576923 0.4025342 0.0655809 0.0589507
31 0.3576924 0.4019884 0.0277457 0.0163753
10 0.4283179 0.4019884 0.0277458 0.0163753
14 0.2870668 0.4019884 0.0277458 0.0163753
21 0.3576924 0.2840868 0.0277457 0.0163752
7 0.1458156 0.4019884 0.0277458 0.0163753
29 0.1458156 0.3430376 0.0277458 0.0163752
14 0.3576924 0.3430376 0.0277457 0.0163752
17 0.3576924 0.1661854 0.0277457 0.0163752
9 0.2164412 0.3430376 0.0277458 0.0163752
4 0.4989435 0.4019884 0.0277458 0.0163753
17 0.2164412 0.2840868 0.0277458 0.0163752
14 0.2164412 0.2251361 0.0277458 0.0163752
15 0.2870668 0.1661854 0.0277458 0.0163752
10 0.5695691 0.4019884 0.0277457 0.0163753
1 0.1458156 0.2840868 0.0277458 0.0163752
11 0.4283179 0.1661854 0.0277458 0.0163752
22 0.3576924 0.2251361 0.0277457 0.0163752
4 0.5695691 0.2251361 0.0277457 0.0163752
19 0.2870668 0.3430376 0.0277458 0.0163752
30 0.1458156 0.2251361 0.0277458 0.0163752
