25 0.1273114 0.6361921 0.0279540 0.0165739
31 0.4830897 0.5168604 0.0279540 0.0165739
32 0.3401431 0.5511130 0.5095253 0.4894810
33 0.4182872 0.3201841 0.0127064 0.0143640
21 0.2696227 0.4571946 0.0279540 0.0165739
13 0.4830897 0.4571946 0.0279540 0.0165739
19 0.5542453 0.4571946 0.0279540 0.0165739
8 0.1273114 0.5168604 0.0279540 0.0165739
14 0.1984671 0.5168604 0.0279540 0.0165739
3 0.2696227 0.5168604 0.0279540 0.0165739
17 0.4119340 0.5168604 0.0279540 0.0165739
16 0.1273114 0.5765263 0.0279540 0.0165739
31 0.2696227 0.5765263 0.0279540 0.0165739
2 0.5542453 0.5765263 0.0279540 0.0165739
12 0.2696227 0.6361921 0.0279540 0.0165739
4 0.5542453 0.6361921 0.0279540 0.0165739
26 0.1984671 0.6958580 0.0279540 0.0165738
10 0.4830897 0.6958580 0.0279540 0.0165738
34 0.5542453 0.6964104 0.0660731 0.0596659
10 0.5542453 0.6958580 0.0279540 0.0165738
25 0.3407784 0.5765263 0.0279540 0.0165739
13 0.3407784 0.6958580 0.0279540 0.0165738
24 0.4830897 0.6361921 0.0279540 0.0165739
5 0.2696227 0.6958580 0.0279540 0.0165738
13 0.3407784 0.5168604 0.0279540 0.0165739
22 0.1984671 0.5765263 0.0279540 0.0165739
8 0.3407784 0.6361921 0.0279540 0.0165739
2 0.4119340 0.6958580 0.0279540 0.0165738
11 0.1984671 0.6361921 0.0279540 0.0165739
15 0.4830897 0.5765263 0.0279540 0.0165739
10 0.3407784 0.4571946 0.0279540 0.0165739
4 0.1273114 0.6958580 0.0279540 0.0165738
27 0.1273114 0.4571946 0.0279540 0.0165739
17 0.4119340 0.4571946 0.0279540 0.0165739
7 0.1984671 0.4571946 0.0279540 0.0165739
22 0.5542453 0.5168604 0.0279540 0.0165739
26 0.4119340 0.6361921 0.0279540 0.0165739
26 0.4119340 0.5765263 0.0279540 0.0165739
