7 0.5778529 0.4387755 0.0267912 0.0164134
2 0.5778529 0.2615105 0.0267912 0.0164134
32 0.5772440 0.3337295 0.4883311 0.4759894
33 0.6527466 0.1077713 0.0109601 0.0131307
19 0.5096570 0.2024221 0.0267912 0.0164134
11 0.5778529 0.2024221 0.0267912 0.0164134
3 0.6460487 0.2615105 0.0267912 0.0164134
8 0.7824405 0.2615105 0.0267913 0.0164134
34 0.5096570 0.3211459 0.0633247 0.0590884
24 0.5096570 0.3205988 0.0267912 0.0164134
15 0.4414611 0.3796872 0.0267912 0.0164134
5 0.5096570 0.3796872 0.0267912 0.0164134
22 0.5778529 0.3796872 0.0267912 0.0164134
31 0.6460487 0.3796872 0.0267912 0.0164134
20 0.7142446 0.3796872 0.0267912 0.0164134
12 0.3732653 0.4387755 0.0267912 0.0164134
26 0.4414611 0.4387755 0.0267912 0.0164134
4 0.5096570 0.4387755 0.0267912 0.0164134
29 0.6460487 0.4387755 0.0267912 0.0164134
25 0.7824405 0.4387755 0.0267913 0.0164134
24 0.5778529 0.3205988 0.0267912 0.0164134
19 0.3732653 0.3205988 0.0267912 0.0164134
3 0.7142446 0.3205988 0.0267912 0.0164134
18 0.7824405 0.3796872 0.0267913 0.0164134
20 0.3732653 0.2615105 0.0267912 0.0164134
27 0.7142446 0.2024221 0.0267912 0.0164134
26 0.4414611 0.2024221 0.0267912 0.0164134
21 0.4414611 0.3205988 0.0267912 0.0164134
16 0.7142446 0.2615105 0.0267912 0.0164134
6 0.7824405 0.2024221 0.0267913 0.0164134
27 0.4414611 0.2615105 0.0267912 0.0164134
23 0.6460487 0.2024221 0.0267912 0.0164134
3 0.3732653 0.3796872 0.0267912 0.0164134
16 0.3732653 0.2024221 0.0267912 0.0164134
30 0.6460487 0.3205988 0.0267912 0.0164134
5 0.7142446 0.4387755 0.0267912 0.0164134
15 0.5096570 0.2615105 0.0267912 0.0164134
7 0.7824405 0.3205988 0.0267913 0.0164134
