16 0.4717646 0.5317223 0.0274369 0.0169549
29 0.1924071 0.2875716 0.0274369 0.0169549
32 0.2622464 0.3774327 0.5038412 0.5018651
33 0.3389450 0.1383685 0.0112242 0.0146942
18 0.3320858 0.2265340 0.0274369 0.0169549
12 0.4019252 0.2265340 0.0274369 0.0169549
4 0.4717646 0.2265340 0.0274369 0.0169549
17 0.0527283 0.2875716 0.0274369 0.0169549
22 0.1225677 0.2875716 0.0274369 0.0169549
29 0.4019252 0.2875716 0.0274369 0.0169549
19 0.4717646 0.2875716 0.0274369 0.0169549
30 0.0527283 0.3486093 0.0274369 0.0169550
8 0.1225677 0.3486093 0.0274369 0.0169550
31 0.2622464 0.3486093 0.0274369 0.0169550
10 0.4019252 0.3486093 0.0274369 0.0169550
2 0.1924071 0.4096469 0.0274369 0.0169549
11 0.4717646 0.4096469 0.0274369 0.0169549
20 0.0527283 0.4706846 0.0274369 0.0169549
3 0.1924071 0.4706846 0.0274369 0.0169549
13 0.2622464 0.4706846 0.0274369 0.0169549
9 0.3320858 0.4706846 0.0274369 0.0169549
26 0.4019252 0.4706846 0.0274369 0.0169549
28 0.4717646 0.4706846 0.0274369 0.0169549
25 0.1924071 0.5317223 0.0274369 0.0169549
34 0.3320858 0.5322874 0.0648508 0.0610377
16 0.3320858 0.5317223 0.0274369 0.0169549
7 0.4019252 0.5317223 0.0274369 0.0169549
16 0.1225677 0.4096469 0.0274369 0.0169549
22 0.3320858 0.2875716 0.0274369 0.0169549
24 0.4019252 0.4096469 0.0274369 0.0169549
13 0.0527283 0.2265340 0.0274369 0.0169549
13 0.2622464 0.2875716 0.0274369 0.0169549
14 0.0527283 0.5317223 0.0274369 0.0169549
31 0.2622464 0.4096469 0.0274369 0.0169549
12 0.3320858 0.3486093 0.0274369 0.0169550
7 0.1924071 0.3486093 0.0274369 0.0169550
10 0.0527283 0.4096469 0.0274369 0.0169549
29 0.1225677 0.2265340 0.0274369 0.0169549
1 0.1225677 0.4706846 0.0274369 0.0169549
28 0.2622464 0.2265340 0.0274369 0.0169549
20 0.1924071 0.2265340 0.0274369 0.0169549
10 0.2622464 0.5317223 0.0274369 0.0169549
28 0.4717646 0.3486093 0.0274369 0.0169550
13 0.3320858 0.4096469 0.0274369 0.0169549
8 0.1225677 0.5317223 0.0274369 0.0169549
