2 0.2458390 0.5490250 0.0223683 0.0154572
21 0.4375671 0.4082540 0.0223683 0.0165613
32 0.3805813 0.3536017 0.3642834 0.4835897
33 0.5062697 0.1653550 0.0127819 0.0187695
5 0.2937710 0.2669309 0.0223683 0.0165613
25 0.2458390 0.3375925 0.0223683 0.0165613
21 0.3896351 0.3375925 0.0223683 0.0165613
3 0.4375671 0.3375925 0.0223683 0.0165613
4 0.4854992 0.3375925 0.0223683 0.0165613
11 0.5334312 0.3375925 0.0223683 0.0165613
26 0.2937710 0.4082540 0.0223683 0.0165613
9 0.3417031 0.4082540 0.0223683 0.0165613
2 0.2937710 0.4783634 0.0223683 0.0154572
15 0.3417031 0.4783634 0.0223683 0.0154572
34 0.3896351 0.4789155 0.0415411 0.0430594
9 0.3896351 0.4783634 0.0223683 0.0154572
7 0.4854992 0.4783634 0.0223683 0.0154572
8 0.3417031 0.5490250 0.0223683 0.0154572
14 0.4854992 0.5490250 0.0223683 0.0154572
29 0.5334312 0.5490250 0.0223683 0.0154572
19 0.3896351 0.5490250 0.0223683 0.0154572
16 0.2458390 0.4783634 0.0223683 0.0154572
19 0.2937710 0.5490250 0.0223683 0.0154572
20 0.4854992 0.4082540 0.0223683 0.0165613
16 0.3417031 0.2669309 0.0223683 0.0165613
6 0.2458390 0.2669309 0.0223683 0.0165613
18 0.5334312 0.2669309 0.0223683 0.0165613
14 0.2937710 0.3375925 0.0223683 0.0165613
11 0.4375671 0.2669309 0.0223683 0.0165613
30 0.3896351 0.4082540 0.0223683 0.0165613
6 0.5334312 0.4082540 0.0223683 0.0165613
27 0.3417031 0.3375925 0.0223683 0.0165613
14 0.4854992 0.2669309 0.0223683 0.0165613
25 0.2458390 0.4082540 0.0223683 0.0165613
4 0.4375671 0.4783634 0.0223683 0.0154572
12 0.4375671 0.5490250 0.0223683 0.0154572
30 0.5334312 0.4783634 0.0223683 0.0154572
23 0.3896351 0.2669309 0.0223683 0.0165613
