16 0.7041048 0.4735463 0.0280537 0.0167219
6 0.2756480 0.5337453 0.0280537 0.0167219
32 0.4892388 0.3877071 0.5113428 0.4938544
33 0.5676617 0.1547148 0.0127517 0.0144923
19 0.2756480 0.2929495 0.0280537 0.0167219
5 0.3470574 0.2929495 0.0280537 0.0167219
1 0.5612859 0.2929495 0.0280537 0.0167219
4 0.4898764 0.3531484 0.0280537 0.0167219
34 0.5612859 0.3537058 0.0663087 0.0601989
4 0.5612859 0.3531484 0.0280537 0.0167219
22 0.3470574 0.4133473 0.0280537 0.0167219
28 0.4184669 0.4133473 0.0280537 0.0167219
30 0.4898764 0.4133473 0.0280537 0.0167219
24 0.5612859 0.4133473 0.0280537 0.0167219
25 0.2756480 0.4735463 0.0280537 0.0167219
18 0.4184669 0.4735463 0.0280537 0.0167219
13 0.4898764 0.4735463 0.0280537 0.0167219
2 0.3470574 0.5337453 0.0280537 0.0167219
17 0.4898764 0.5337453 0.0280537 0.0167219
29 0.5612859 0.5337453 0.0280537 0.0167219
6 0.7041048 0.2929495 0.0280537 0.0167219
15 0.4184669 0.5337453 0.0280537 0.0167219
28 0.7041048 0.4133473 0.0280537 0.0167219
16 0.7041048 0.3531484 0.0280537 0.0167219
15 0.6326953 0.3531484 0.0280537 0.0167219
20 0.3470574 0.4735463 0.0280537 0.0167219
23 0.2756480 0.4133473 0.0280537 0.0167219
24 0.6326953 0.4735463 0.0280537 0.0167219
4 0.4898764 0.2929495 0.0280537 0.0167219
6 0.6326953 0.2929495 0.0280537 0.0167219
20 0.4184669 0.2929495 0.0280537 0.0167219
27 0.4184669 0.3531484 0.0280537 0.0167219
11 0.7041048 0.5337453 0.0280537 0.0167219
5 0.6326953 0.4133473 0.0280537 0.0167219
25 0.5612859 0.4735463 0.0280537 0.0167219
5 0.2756480 0.3531484 0.0280537 0.0167219
26 0.6326953 0.5337453 0.0280537 0.0167219
3 0.3470574 0.3531484 0.0280537 0.0167219
