18 0.7631526 0.4753296 0.0253532 0.0153099
15 0.6438775 0.5321949 0.0242008 0.0153099
32 0.5781897 0.4419760 0.4160225 0.3750918
33 0.7729481 0.2680996 0.0103717 0.0142163
15 0.4047510 0.3610524 0.0253532 0.0164034
28 0.5234499 0.3610524 0.0253532 0.0164034
1 0.5839518 0.3610524 0.0242008 0.0164034
34 0.4646766 0.4179176 0.0507063 0.0492103
7 0.4646766 0.4179176 0.0253532 0.0164034
3 0.5234499 0.4179176 0.0253532 0.0164034
20 0.7631526 0.4179176 0.0253532 0.0164034
17 0.5839518 0.4753296 0.0242008 0.0153099
21 0.7043793 0.4753296 0.0253532 0.0153099
13 0.4047510 0.5321949 0.0253532 0.0153099
22 0.5234499 0.5321949 0.0253532 0.0153099
10 0.4047510 0.5879665 0.0253532 0.0153099
5 0.5234499 0.5879665 0.0253532 0.0153099
30 0.5839518 0.5879665 0.0242008 0.0153099
29 0.6438775 0.5879665 0.0242008 0.0153099
2 0.7631526 0.5879665 0.0253532 0.0153099
23 0.7043793 0.3610524 0.0253532 0.0164034
24 0.6438775 0.4753296 0.0242008 0.0153099
22 0.7631526 0.3610524 0.0253532 0.0164034
1 0.4646766 0.3610524 0.0253532 0.0164034
12 0.7043793 0.5321949 0.0253532 0.0153099
15 0.7043793 0.4179176 0.0253532 0.0164034
17 0.7631526 0.5321949 0.0253532 0.0153099
2 0.4047510 0.4179176 0.0253532 0.0164034
16 0.5234499 0.4753296 0.0253532 0.0153099
1 0.4646766 0.5321949 0.0253532 0.0153099
19 0.4646766 0.5879665 0.0253532 0.0153099
19 0.4646766 0.4753296 0.0253532 0.0153099
31 0.6438775 0.3610524 0.0242008 0.0164034
12 0.5839518 0.4179176 0.0242008 0.0164034
21 0.4047510 0.4753296 0.0253532 0.0153099
20 0.6438775 0.4179176 0.0242008 0.0164034
9 0.7043793 0.5879665 0.0253532 0.0153099
17 0.5839518 0.5321949 0.0242008 0.0153099
