10 0.6054766 0.5247051 0.0235050 0.0171460
11 0.7565803 0.5972900 0.0235050 0.0160030
32 0.5959627 0.4681232 0.3827957 0.5006645
33 0.7280384 0.2732298 0.0134314 0.0194322
7 0.6054766 0.3783922 0.0235050 0.0171460
22 0.6558445 0.3783922 0.0235050 0.0171460
19 0.7062123 0.3783922 0.0235050 0.0171460
12 0.5047409 0.4515487 0.0235050 0.0171460
2 0.7062123 0.4515487 0.0235050 0.0171460
24 0.7565803 0.4515487 0.0235050 0.0171460
6 0.7062123 0.5247051 0.0235050 0.0171460
31 0.4543730 0.5972900 0.0235050 0.0160030
18 0.5551088 0.5972900 0.0235050 0.0160030
26 0.6558445 0.5972900 0.0235050 0.0160030
5 0.7062123 0.5972900 0.0235050 0.0160030
17 0.4543730 0.6704465 0.0235050 0.0160029
29 0.5551088 0.6704465 0.0235050 0.0160029
28 0.6558445 0.6704465 0.0235050 0.0160029
34 0.7062124 0.6704465 0.0436522 0.0457227
28 0.7062123 0.6704465 0.0235050 0.0160029
11 0.6054766 0.5972900 0.0235050 0.0160030
13 0.4543730 0.3783922 0.0235050 0.0171460
4 0.6054766 0.4515487 0.0235050 0.0171460
17 0.5551088 0.4515487 0.0235050 0.0171460
7 0.5047409 0.6704465 0.0235050 0.0160029
12 0.4543730 0.4515487 0.0235050 0.0171460
1 0.5551088 0.3783922 0.0235050 0.0171460
26 0.5047409 0.5247051 0.0235050 0.0171460
25 0.4543730 0.5247051 0.0235050 0.0171460
24 0.6558445 0.4515487 0.0235050 0.0171460
17 0.6558445 0.5247051 0.0235050 0.0171460
26 0.7565803 0.3783922 0.0235050 0.0171460
24 0.5047409 0.5972900 0.0235050 0.0160030
27 0.6054766 0.6704465 0.0235050 0.0160029
10 0.7565803 0.6704465 0.0235050 0.0160029
13 0.5551088 0.5247051 0.0235050 0.0171460
27 0.7565803 0.5247051 0.0235050 0.0171460
7 0.5047409 0.3783922 0.0235050 0.0171460
