21 0.3328798 0.3654146 0.0249084 0.0158828
31 0.2270191 0.5656519 0.0237762 0.0170173
32 0.2824969 0.4045545 0.4223104 0.4254334
33 0.4619505 0.2389190 0.0090576 0.0124794
22 0.1200263 0.3166315 0.0249084 0.0158829
7 0.1743718 0.3166315 0.0249084 0.0158829
8 0.3328798 0.3166315 0.0249084 0.0158829
24 0.4404387 0.3166315 0.0249084 0.0158829
9 0.1200263 0.3654146 0.0249084 0.0158828
35 0.1743719 0.3654146 0.0452880 0.0453796
17 0.1743718 0.3654146 0.0249084 0.0158828
3 0.1200263 0.4153321 0.0249084 0.0158828
28 0.2270191 0.4153321 0.0237762 0.0158828
20 0.2802325 0.4153321 0.0237762 0.0158828
10 0.3328798 0.4153321 0.0249084 0.0158828
30 0.4404387 0.4153321 0.0249084 0.0158828
19 0.2270191 0.4652496 0.0237762 0.0158828
25 0.3328798 0.4652496 0.0249084 0.0158828
2 0.3860932 0.4652496 0.0249084 0.0158828
11 0.2270191 0.5157344 0.0237762 0.0170173
31 0.2802325 0.5157344 0.0237762 0.0170173
21 0.3328798 0.5157344 0.0249084 0.0170173
18 0.3860932 0.5157344 0.0249084 0.0170173
5 0.4404387 0.5157344 0.0249084 0.0170173
1 0.1743718 0.5656519 0.0249084 0.0170173
4 0.2802325 0.5656519 0.0237762 0.0170173
6 0.4404387 0.5656519 0.0249084 0.0170173
11 0.3860932 0.3654146 0.0249084 0.0158828
21 0.2802325 0.3654146 0.0237762 0.0158828
9 0.4404387 0.3654146 0.0249084 0.0158828
9 0.3860932 0.5656519 0.0249084 0.0170173
1 0.3860932 0.4153321 0.0249084 0.0158828
11 0.2270191 0.3654146 0.0237762 0.0158828
4 0.4404387 0.4652496 0.0249084 0.0158828
8 0.3328798 0.5656519 0.0249084 0.0170173
9 0.1743718 0.4153321 0.0249084 0.0158828
2 0.1200263 0.5157344 0.0249084 0.0170173
2 0.1200263 0.4652496 0.0249084 0.0158828
19 0.1200263 0.5656519 0.0249084 0.0170173
27 0.3860932 0.3166315 0.0249084 0.0158829
20 0.2802325 0.4652496 0.0237762 0.0158828
8 0.2270191 0.3166315 0.0237762 0.0158829
22 0.2802325 0.3166315 0.0237762 0.0158829
29 0.1743718 0.4652496 0.0249084 0.0158828
20 0.1743718 0.5157344 0.0249084 0.0170173
