4 0.4991350 0.2691138 0.0232613 0.0162269
27 0.2998275 0.1733751 0.0222040 0.0151451
32 0.3516369 0.1835227 0.3943855 0.3648232
33 0.5192243 0.0061086 0.0084587 0.0099949
2 0.3495222 0.0792590 0.0222040 0.0151451
25 0.3986883 0.0792590 0.0232613 0.0151451
18 0.4991350 0.0792590 0.0232613 0.0151451
16 0.1999095 0.1257761 0.0232613 0.0151451
14 0.2506615 0.1257761 0.0232613 0.0151451
11 0.2998275 0.1257761 0.0222040 0.0151451
19 0.3495222 0.1257761 0.0222040 0.0151451
9 0.4483830 0.1257761 0.0232613 0.0151451
12 0.4991350 0.1257761 0.0232613 0.0151451
23 0.1999095 0.1733751 0.0232613 0.0151451
4 0.2506615 0.1733751 0.0232613 0.0151451
35 0.3986883 0.1733750 0.0422934 0.0432718
2 0.3986883 0.1733751 0.0232613 0.0151451
10 0.2998275 0.2209740 0.0222040 0.0151451
5 0.4483830 0.2209740 0.0232613 0.0151451
28 0.4991350 0.2209740 0.0232613 0.0151451
26 0.2506615 0.2691138 0.0232613 0.0162269
3 0.3495222 0.2691138 0.0222040 0.0162269
30 0.4483830 0.2691138 0.0232613 0.0162269
21 0.1999095 0.3167127 0.0232613 0.0162269
6 0.2506615 0.3167127 0.0232613 0.0162269
8 0.2998275 0.3167127 0.0222040 0.0162269
20 0.3986883 0.3167127 0.0232613 0.0162269
23 0.3986883 0.1257761 0.0232613 0.0151451
4 0.2998275 0.0792590 0.0222040 0.0151451
11 0.4991350 0.1733751 0.0232613 0.0151451
23 0.4483830 0.1733751 0.0232613 0.0151451
6 0.4483830 0.0792590 0.0232613 0.0151451
14 0.4991350 0.3167127 0.0232613 0.0162269
16 0.3495222 0.2209740 0.0222040 0.0151451
19 0.3986883 0.2209740 0.0232613 0.0151451
11 0.2998275 0.2691138 0.0222040 0.0162269
1 0.3495222 0.3167127 0.0222040 0.0162269
21 0.1999095 0.2209740 0.0232613 0.0151451
7 0.3495222 0.1733751 0.0222040 0.0151451
24 0.1999095 0.0792590 0.0232613 0.0151451
14 0.3986883 0.2691138 0.0232613 0.0162269
11 0.2506615 0.0792590 0.0232613 0.0151451
1 0.1999095 0.2691138 0.0232613 0.0162269
19 0.2506615 0.2209740 0.0232613 0.0151451
2 0.4483830 0.3167127 0.0232613 0.0162269
