5 0.5909206 0.3686611 0.0228973 0.0160699
6 0.6399863 0.4421237 0.0228973 0.0160699
32 0.6797841 0.2457223 0.3728996 0.4892223
33 0.8084454 0.0432448 0.0130842 0.0195135
27 0.5418549 0.1488473 0.0228973 0.0172178
22 0.6890521 0.1488473 0.0228973 0.0172178
6 0.7871836 0.1488473 0.0228974 0.0172178
11 0.6399863 0.2223098 0.0228973 0.0172178
12 0.7381178 0.2223098 0.0228974 0.0172178
9 0.5909206 0.2957724 0.0228973 0.0172178
17 0.6399863 0.2957724 0.0228973 0.0172178
4 0.7871836 0.2957724 0.0228974 0.0172178
34 0.5418549 0.3692350 0.0425236 0.0447662
30 0.5418549 0.3686611 0.0228973 0.0160699
28 0.6399863 0.3686611 0.0228973 0.0160699
25 0.7871836 0.3686611 0.0228974 0.0160699
29 0.5418549 0.4421237 0.0228973 0.0160699
7 0.5909206 0.4421237 0.0228973 0.0160699
19 0.6890521 0.4421237 0.0228973 0.0160699
26 0.8362493 0.4421237 0.0228973 0.0160699
21 0.6890521 0.2223098 0.0228973 0.0172178
20 0.7381178 0.4421237 0.0228974 0.0160699
18 0.5418549 0.2957724 0.0228973 0.0172178
20 0.7381178 0.3686611 0.0228974 0.0160699
27 0.5909206 0.2223098 0.0228973 0.0172178
23 0.5909206 0.1488473 0.0228973 0.0172178
13 0.6890521 0.2957724 0.0228973 0.0172178
16 0.7381178 0.1488473 0.0228974 0.0172178
23 0.5418549 0.2223098 0.0228973 0.0172178
5 0.8362493 0.1488473 0.0228973 0.0172178
1 0.7381178 0.2957724 0.0228974 0.0172178
10 0.7871836 0.2223098 0.0228974 0.0172178
5 0.8362493 0.3686611 0.0228973 0.0160699
17 0.8362493 0.2957724 0.0228973 0.0172178
13 0.7871836 0.4421237 0.0228974 0.0160699
13 0.6890521 0.3686611 0.0228973 0.0160699
1 0.8362493 0.2223098 0.0228973 0.0172178
29 0.6399863 0.1488473 0.0228973 0.0172178
