23 0.2788466 0.3832890 0.0221832 0.0168462
11 0.3739177 0.3832890 0.0221833 0.0168462
32 0.3174032 0.3995737 0.3612703 0.4919100
33 0.4420520 0.2080882 0.0126762 0.0190924
28 0.1837755 0.3114117 0.0221833 0.0168462
4 0.3263822 0.3114117 0.0221833 0.0168462
15 0.4214533 0.3114117 0.0221833 0.0168462
23 0.1837755 0.3832890 0.0221833 0.0168462
8 0.4214533 0.3832890 0.0221833 0.0168462
19 0.4689889 0.3832890 0.0221833 0.0168462
16 0.1837755 0.4551663 0.0221833 0.0168462
9 0.4214533 0.4551663 0.0221833 0.0168462
14 0.4689889 0.4551663 0.0221833 0.0168462
34 0.2788466 0.5270436 0.0411975 0.0438003
11 0.2788466 0.5264820 0.0221832 0.0157231
31 0.4214533 0.5264820 0.0221833 0.0157231
3 0.1837755 0.5983592 0.0221833 0.0157231
24 0.2313111 0.5983592 0.0221833 0.0157231
21 0.2788466 0.5983592 0.0221832 0.0157231
1 0.3739177 0.5983592 0.0221833 0.0157231
3 0.4689889 0.3114117 0.0221833 0.0168462
26 0.4214533 0.5983592 0.0221833 0.0157231
29 0.4689889 0.5264820 0.0221833 0.0157231
16 0.2313111 0.3114117 0.0221833 0.0168462
19 0.3739177 0.5264820 0.0221833 0.0157231
4 0.2788466 0.3114117 0.0221832 0.0168462
26 0.2313111 0.5264820 0.0221833 0.0157231
24 0.2313111 0.4551663 0.0221833 0.0168462
29 0.3263822 0.3832890 0.0221833 0.0168462
28 0.4689889 0.5983592 0.0221833 0.0157231
30 0.3263822 0.5983592 0.0221833 0.0157231
6 0.3263822 0.4551663 0.0221833 0.0168462
29 0.3263822 0.5264820 0.0221833 0.0157231
10 0.2788466 0.4551663 0.0221832 0.0168462
27 0.2313111 0.3832890 0.0221833 0.0168462
17 0.3739177 0.4551663 0.0221833 0.0168462
29 0.3739177 0.3114117 0.0221833 0.0168462
31 0.1837755 0.5264820 0.0221833 0.0157231
