27 0.6291401 0.5981316 0.0236385 0.0150406
13 0.6797940 0.6668884 0.0236385 0.0150406
32 0.6702260 0.4767327 0.3849697 0.4705548
33 0.8030518 0.2935601 0.0135076 0.0182635
12 0.5278323 0.3923981 0.0236385 0.0161149
24 0.7304479 0.3923981 0.0236385 0.0161149
9 0.7811018 0.3923981 0.0236384 0.0161149
8 0.5278323 0.4611550 0.0236385 0.0161149
19 0.5784862 0.4611550 0.0236385 0.0161149
15 0.6291401 0.4611550 0.0236385 0.0161149
2 0.7304479 0.4611550 0.0236385 0.0161149
14 0.5784862 0.5299119 0.0236385 0.0161149
20 0.7304479 0.5299119 0.0236385 0.0161149
22 0.5278323 0.5981316 0.0236385 0.0150406
27 0.5784862 0.5981316 0.0236385 0.0150406
6 0.7304479 0.5981316 0.0236385 0.0150406
34 0.8317557 0.5986688 0.0439001 0.0418987
3 0.8317557 0.5981316 0.0236385 0.0150406
31 0.5784862 0.6668884 0.0236385 0.0150406
16 0.6291401 0.6668884 0.0236385 0.0150406
22 0.7811018 0.6668884 0.0236384 0.0150406
22 0.6797940 0.5981316 0.0236385 0.0150406
27 0.5784862 0.3923981 0.0236385 0.0161149
27 0.5278323 0.6668884 0.0236385 0.0150406
13 0.7811018 0.4611550 0.0236384 0.0161149
4 0.8317557 0.4611550 0.0236385 0.0161149
22 0.7811018 0.5981316 0.0236384 0.0150406
14 0.6797940 0.3923981 0.0236385 0.0161149
4 0.7304479 0.6668884 0.0236385 0.0150406
10 0.5278323 0.5299119 0.0236385 0.0161149
18 0.6797940 0.4611550 0.0236385 0.0161149
25 0.8317557 0.3923981 0.0236385 0.0161149
26 0.6291401 0.3923981 0.0236385 0.0161149
12 0.6797940 0.5299119 0.0236385 0.0161149
29 0.7811018 0.5299119 0.0236384 0.0161149
24 0.8317557 0.5299119 0.0236385 0.0161149
4 0.8317557 0.6668884 0.0236385 0.0150406
20 0.6291401 0.5299119 0.0236385 0.0161149
