14 0.3968893 0.2706547 0.0231433 0.0166575
16 0.4960748 0.5543877 0.0231432 0.0155470
32 0.5363000 0.3578290 0.3769049 0.4863994
33 0.6663432 0.1684886 0.0132248 0.0188785
6 0.5456675 0.2706547 0.0231433 0.0166575
19 0.6448530 0.2706547 0.0231433 0.0166575
28 0.3968893 0.3417268 0.0231433 0.0166575
18 0.4464821 0.3417268 0.0231433 0.0166575
34 0.5456675 0.3417268 0.0429804 0.0433095
13 0.5456675 0.3417268 0.0231433 0.0166575
21 0.5952603 0.3417268 0.0231432 0.0166575
24 0.6448530 0.3417268 0.0231433 0.0166575
2 0.6944457 0.3417268 0.0231433 0.0166575
16 0.3968893 0.4127988 0.0231433 0.0166575
12 0.6448530 0.4127988 0.0231433 0.0166575
11 0.3968893 0.4833156 0.0231433 0.0155470
20 0.5456675 0.4833156 0.0231433 0.0155470
10 0.6448530 0.4833156 0.0231433 0.0155470
22 0.5952603 0.5543877 0.0231432 0.0155470
14 0.6944457 0.5543877 0.0231433 0.0155470
12 0.4960748 0.2706547 0.0231432 0.0166575
23 0.4464821 0.4833156 0.0231433 0.0155470
23 0.4464821 0.5543877 0.0231433 0.0155470
22 0.4464821 0.4127988 0.0231433 0.0166575
29 0.5952603 0.2706547 0.0231432 0.0166575
7 0.6448530 0.5543877 0.0231433 0.0155470
25 0.6944457 0.4127988 0.0231433 0.0166575
26 0.5952603 0.4127988 0.0231432 0.0166575
31 0.5456675 0.5543877 0.0231433 0.0155470
2 0.4960748 0.4833156 0.0231432 0.0155470
18 0.3968893 0.5543877 0.0231433 0.0155470
19 0.4960748 0.3417268 0.0231432 0.0166575
1 0.6944457 0.2706547 0.0231433 0.0166575
4 0.4464821 0.2706547 0.0231433 0.0166575
11 0.6944457 0.4833156 0.0231433 0.0155470
29 0.5952603 0.4833156 0.0231432 0.0155470
1 0.4960748 0.4127988 0.0231432 0.0166575
14 0.5456675 0.4127988 0.0231433 0.0166575
