25 0.3512273 0.4665438 0.0282820 0.0173341
19 0.4232179 0.5283687 0.0282820 0.0161785
32 0.4238607 0.5855713 0.5206459 0.5096227
33 0.5003506 0.3590723 0.0102843 0.0127117
26 0.4232179 0.4665438 0.0282820 0.0173341
10 0.5671990 0.4665438 0.0282820 0.0173341
34 0.2792368 0.5283687 0.0668484 0.0624028
27 0.2792368 0.5283687 0.0282820 0.0161785
12 0.4952084 0.5283687 0.0282820 0.0161785
20 0.5671990 0.5283687 0.0282820 0.0161785
7 0.3512273 0.5913493 0.0282820 0.0173341
15 0.6391895 0.5913493 0.0282820 0.0173341
5 0.4952084 0.6537521 0.0282820 0.0173341
21 0.5671990 0.6537521 0.0282820 0.0173341
30 0.2072463 0.7161549 0.0282820 0.0173341
29 0.2792368 0.7161549 0.0282820 0.0173341
9 0.3512273 0.7161549 0.0282820 0.0173341
16 0.4232179 0.7161549 0.0282820 0.0173341
19 0.4952084 0.7161549 0.0282820 0.0173341
3 0.5671990 0.7161549 0.0282820 0.0173341
12 0.3512273 0.6537521 0.0282820 0.0173341
10 0.6391895 0.6537521 0.0282820 0.0173341
24 0.2072463 0.5283687 0.0282820 0.0161785
8 0.6391895 0.7161549 0.0282820 0.0173341
9 0.2072463 0.5913493 0.0282820 0.0173341
1 0.4952084 0.4665438 0.0282820 0.0173341
19 0.4232179 0.5913493 0.0282820 0.0173341
16 0.2792368 0.4665438 0.0282820 0.0173341
24 0.5671990 0.5913493 0.0282820 0.0173341
4 0.2792368 0.6537521 0.0282820 0.0173341
3 0.4952084 0.5913493 0.0282820 0.0173341
8 0.6391895 0.4665438 0.0282820 0.0173341
2 0.4232179 0.6537521 0.0282820 0.0173341
29 0.2072463 0.4665438 0.0282820 0.0173341
5 0.2072463 0.6537521 0.0282820 0.0173341
24 0.6391895 0.5283687 0.0282820 0.0161785
6 0.2792368 0.5913493 0.0282820 0.0173341
28 0.3512273 0.5283687 0.0282820 0.0161785
