21 0.1543194 0.6695008 0.0273380 0.0167468
6 0.0847318 0.3680580 0.0273380 0.0167468
32 0.2934946 0.5171047 0.5020250 0.4957060
33 0.3699167 0.2809745 0.0111837 0.0145139
8 0.1543194 0.3680580 0.0273380 0.0167468
7 0.2239070 0.3680580 0.0273380 0.0167468
12 0.3630822 0.3680580 0.0273380 0.0167468
25 0.5022575 0.3680580 0.0273380 0.0167468
26 0.2239070 0.4283466 0.0273380 0.0167468
21 0.3630822 0.4283466 0.0273380 0.0167468
17 0.4326698 0.4283466 0.0273380 0.0167468
6 0.0847318 0.4886351 0.0273380 0.0167468
1 0.2239070 0.4886351 0.0273380 0.0167468
34 0.5022575 0.4891933 0.0646171 0.0602886
30 0.5022575 0.4886351 0.0273380 0.0167468
11 0.0847318 0.5489237 0.0273380 0.0167468
22 0.2239070 0.5489237 0.0273380 0.0167468
10 0.3630822 0.5489237 0.0273380 0.0167468
4 0.2239070 0.6092122 0.0273380 0.0167468
15 0.2934946 0.6092122 0.0273380 0.0167468
5 0.3630822 0.6092122 0.0273380 0.0167468
28 0.5022575 0.6092122 0.0273380 0.0167468
14 0.2239070 0.6695008 0.0273380 0.0167468
20 0.2934946 0.6695008 0.0273380 0.0167468
27 0.3630822 0.6695008 0.0273380 0.0167468
16 0.5022575 0.6695008 0.0273380 0.0167468
17 0.4326698 0.6092122 0.0273380 0.0167468
7 0.1543194 0.5489237 0.0273380 0.0167468
25 0.4326698 0.3680580 0.0273380 0.0167468
30 0.2934946 0.5489237 0.0273380 0.0167468
9 0.5022575 0.4283466 0.0273380 0.0167468
12 0.0847318 0.4283466 0.0273380 0.0167468
2 0.2934946 0.3680580 0.0273380 0.0167468
2 0.5022575 0.5489237 0.0273380 0.0167468
28 0.1543194 0.4283466 0.0273380 0.0167468
12 0.2934946 0.4283466 0.0273380 0.0167468
26 0.1543194 0.6092122 0.0273380 0.0167468
16 0.3630822 0.4886351 0.0273380 0.0167468
19 0.0847318 0.6695008 0.0273380 0.0167468
18 0.4326698 0.6695008 0.0273380 0.0167468
4 0.1543194 0.4886351 0.0273380 0.0167468
21 0.4326698 0.4886351 0.0273380 0.0167468
3 0.2934946 0.4886351 0.0273380 0.0167468
13 0.4326698 0.5489237 0.0273380 0.0167468
17 0.0847318 0.6092122 0.0273380 0.0167468
