26 0.3255179 0.2237524 0.0275421 0.0168146
2 0.6059470 0.3448177 0.0275422 0.0168146
32 0.5352138 0.2977367 0.5020181 0.4876242
33 0.6128326 0.0662554 0.0112672 0.0134517
8 0.3956252 0.1632197 0.0275422 0.0168146
24 0.6059470 0.1632197 0.0275422 0.0168146
30 0.5358397 0.2237524 0.0275422 0.0168146
25 0.6059470 0.2237524 0.0275422 0.0168146
19 0.3956252 0.2842850 0.0275422 0.0168146
3 0.4657324 0.2842850 0.0275422 0.0168146
34 0.5358397 0.2848455 0.0650996 0.0605326
13 0.5358397 0.2842850 0.0275422 0.0168146
12 0.6059470 0.2842850 0.0275422 0.0168146
7 0.6760542 0.2842850 0.0275422 0.0168146
5 0.3255179 0.3448177 0.0275421 0.0168146
20 0.4657324 0.3448177 0.0275422 0.0168146
13 0.7461615 0.3448177 0.0275422 0.0168146
6 0.3956252 0.4053503 0.0275422 0.0168146
4 0.7461615 0.4053503 0.0275422 0.0168146
15 0.3956252 0.3448177 0.0275422 0.0168146
14 0.6760542 0.1632197 0.0275422 0.0168146
3 0.3255179 0.2842850 0.0275421 0.0168146
4 0.6760542 0.4053503 0.0275422 0.0168146
28 0.4657324 0.2237524 0.0275422 0.0168146
27 0.6760542 0.3448177 0.0275422 0.0168146
26 0.5358397 0.3448177 0.0275422 0.0168146
23 0.5358397 0.4053503 0.0275422 0.0168146
30 0.7461615 0.2237524 0.0275422 0.0168146
31 0.3956252 0.2237524 0.0275422 0.0168146
7 0.5358397 0.1632197 0.0275422 0.0168146
16 0.4657324 0.4053503 0.0275422 0.0168146
17 0.6760542 0.2237524 0.0275422 0.0168146
19 0.6059470 0.4053503 0.0275422 0.0168146
19 0.3255179 0.1632197 0.0275421 0.0168146
25 0.7461615 0.1632197 0.0275422 0.0168146
20 0.7461615 0.2842850 0.0275422 0.0168146
3 0.3255179 0.4053503 0.0275421 0.0168146
19 0.4657324 0.1632197 0.0275422 0.0168146
