2 0.3399638 0.5605329 0.0264938 0.0174293
28 0.1376478 0.6860238 0.0264938 0.0174293
32 0.2719230 0.5744763 0.4829092 0.5054493
33 0.3465873 0.3345331 0.0108384 0.0139434
29 0.0702091 0.4350420 0.0264938 0.0174293
3 0.2050865 0.4350420 0.0264938 0.0174293
6 0.2725251 0.4350420 0.0264938 0.0174293
13 0.4074025 0.4350420 0.0264938 0.0174293
31 0.2050865 0.4977874 0.0264938 0.0174293
5 0.2725251 0.4977874 0.0264938 0.0174293
15 0.3399638 0.4977874 0.0264938 0.0174293
34 0.4074025 0.4983684 0.0626217 0.0627454
15 0.4074025 0.4977874 0.0264938 0.0174293
16 0.2050865 0.5605329 0.0264938 0.0174293
30 0.4074025 0.5605329 0.0264938 0.0174293
28 0.3399638 0.6232783 0.0264938 0.0174293
8 0.4074025 0.6232783 0.0264938 0.0174293
10 0.4748412 0.6232783 0.0264938 0.0174293
1 0.0702091 0.6860238 0.0264938 0.0174293
1 0.3399638 0.4350420 0.0264938 0.0174293
27 0.1376478 0.5605329 0.0264938 0.0174293
15 0.0702091 0.5605329 0.0264938 0.0174293
6 0.0702091 0.4977874 0.0264938 0.0174293
28 0.4748412 0.4350420 0.0264938 0.0174293
24 0.3399638 0.6860238 0.0264938 0.0174293
23 0.4074025 0.6860238 0.0264938 0.0174293
17 0.0702091 0.6232783 0.0264938 0.0174293
5 0.2050865 0.6860238 0.0264938 0.0174293
23 0.2725251 0.6860238 0.0264938 0.0174293
26 0.2725251 0.5605329 0.0264938 0.0174293
23 0.1376478 0.4350420 0.0264938 0.0174293
17 0.1376478 0.6232783 0.0264938 0.0174293
19 0.2725251 0.6232783 0.0264938 0.0174293
21 0.4748412 0.6860238 0.0264938 0.0174293
21 0.2050865 0.6232783 0.0264938 0.0174293
2 0.1376478 0.4977874 0.0264938 0.0174293
20 0.4748412 0.4977874 0.0264938 0.0174293
29 0.4748412 0.5605329 0.0264938 0.0174293
