27 0.4516366 0.1602666 0.0233216 0.0150443
8 0.3999959 0.2075487 0.0244322 0.0150443
32 0.5060537 0.1999686 0.4142365 0.3977150
33 0.6820766 0.0404495 0.0088845 0.0118205
12 0.4516366 0.1140591 0.0233216 0.0150443
28 0.6076694 0.1140591 0.0244322 0.0150443
21 0.6609760 0.1140591 0.0244322 0.0150443
7 0.3466893 0.1602666 0.0244322 0.0150443
29 0.5554734 0.1602666 0.0244322 0.0150443
17 0.6609760 0.1602666 0.0244322 0.0150443
30 0.3466893 0.2075487 0.0244322 0.0150443
8 0.5038326 0.2075487 0.0233216 0.0150443
35 0.6609760 0.2075487 0.0444221 0.0429837
19 0.6609760 0.2075487 0.0244322 0.0150443
26 0.3466893 0.2548307 0.0244322 0.0150443
14 0.3999959 0.2548307 0.0244322 0.0150443
31 0.5038326 0.2548307 0.0233216 0.0150443
22 0.5554734 0.2548307 0.0244322 0.0150443
9 0.6076694 0.2548307 0.0244322 0.0150443
13 0.6609760 0.2548307 0.0244322 0.0150443
16 0.3999959 0.3026501 0.0244322 0.0161189
18 0.4516366 0.3026501 0.0233216 0.0161189
6 0.6609760 0.3026501 0.0244322 0.0161189
2 0.3999959 0.3499321 0.0244322 0.0161189
1 0.5554734 0.3499321 0.0244322 0.0161189
24 0.6609760 0.3499321 0.0244322 0.0161189
26 0.3466893 0.1140591 0.0244322 0.0150443
20 0.3999959 0.1140591 0.0244322 0.0150443
19 0.5038326 0.3026501 0.0233216 0.0161189
13 0.4516366 0.3499321 0.0233216 0.0161189
7 0.5038326 0.1602666 0.0233216 0.0150443
10 0.4516366 0.2548307 0.0233216 0.0150443
1 0.5554734 0.3026501 0.0244322 0.0161189
27 0.6076694 0.2075487 0.0244322 0.0150443
9 0.6076694 0.3499321 0.0244322 0.0161189
28 0.6076694 0.1602666 0.0244322 0.0150443
3 0.5554734 0.1140591 0.0244322 0.0150443
11 0.5554734 0.2075487 0.0244322 0.0150443
23 0.5038326 0.1140591 0.0233216 0.0150443
16 0.3999959 0.1602666 0.0244322 0.0150443
19 0.3466893 0.3026501 0.0244322 0.0161189
17 0.4516366 0.2075487 0.0233216 0.0150443
2 0.6076694 0.3026501 0.0244322 0.0161189
7 0.5038326 0.3499321 0.0233216 0.0161189
27 0.3466893 0.3499321 0.0244322 0.0161189
