10 0.2613019 0.1634040 0.0245398 0.0157157
10 0.2077606 0.3604118 0.0245398 0.0168383
32 0.3678267 0.2504017 0.4160602 0.4209566
33 0.5446244 0.0865093 0.0089235 0.0123481
5 0.3655958 0.1634040 0.0234243 0.0157157
3 0.4174639 0.1634040 0.0245398 0.0157157
35 0.4698897 0.1634040 0.0446177 0.0449020
21 0.4698897 0.1634040 0.0245397 0.0157157
15 0.3131700 0.2116737 0.0234243 0.0157157
20 0.3655958 0.2116737 0.0234243 0.0157157
4 0.4698897 0.2116737 0.0245397 0.0157157
8 0.3131700 0.2610660 0.0234243 0.0157157
10 0.4698897 0.2610660 0.0245397 0.0157157
6 0.2613019 0.3104582 0.0245398 0.0157157
2 0.3131700 0.3104582 0.0234243 0.0157157
9 0.3655958 0.3104582 0.0234243 0.0157157
31 0.4174639 0.3104582 0.0245398 0.0157157
16 0.5234310 0.3104582 0.0245397 0.0157157
23 0.4698897 0.3604118 0.0245397 0.0168383
11 0.5234310 0.3604118 0.0245397 0.0168383
29 0.2077606 0.4098040 0.0245398 0.0168382
21 0.2613019 0.4098040 0.0245398 0.0168382
13 0.3131700 0.4098040 0.0234243 0.0168382
25 0.3655958 0.4098040 0.0234243 0.0168382
28 0.4698897 0.4098040 0.0245397 0.0168382
1 0.5234310 0.4098040 0.0245397 0.0168382
13 0.2613019 0.2116737 0.0245398 0.0157157
11 0.2613019 0.3604118 0.0245398 0.0168383
10 0.4698897 0.3104582 0.0245397 0.0157157
20 0.2077606 0.1634040 0.0245398 0.0157157
2 0.3131700 0.3604118 0.0234243 0.0168383
16 0.5234310 0.2610660 0.0245397 0.0157157
7 0.3655958 0.2610660 0.0234243 0.0157157
18 0.5234310 0.2116737 0.0245397 0.0157157
22 0.2077606 0.2116737 0.0245398 0.0157157
15 0.4174639 0.2610660 0.0245398 0.0157157
28 0.4174639 0.4098040 0.0245398 0.0168382
11 0.2077606 0.3104582 0.0245398 0.0157157
6 0.4174639 0.2116737 0.0245398 0.0157157
18 0.3655958 0.3604118 0.0234243 0.0168383
14 0.2077606 0.2610660 0.0245398 0.0157157
30 0.2613019 0.2610660 0.0245398 0.0157157
11 0.3131700 0.1634040 0.0234243 0.0157157
26 0.5234310 0.1634040 0.0245397 0.0157157
8 0.4174639 0.3604118 0.0245398 0.0168383
