28 0.4566297 0.3495713 0.0240207 0.0151308
14 0.2508163 0.3495713 0.0229288 0.0151308
32 0.3070465 0.3668635 0.4127186 0.3609771
33 0.4773748 0.2301462 0.0087348 0.0140500
17 0.2000454 0.3030981 0.0240207 0.0151308
20 0.2000454 0.3495713 0.0240207 0.0151308
3 0.3529041 0.3495713 0.0240207 0.0151308
12 0.4042210 0.3495713 0.0240207 0.0151308
31 0.2000454 0.3971251 0.0240207 0.0151308
21 0.2508163 0.3971251 0.0229288 0.0151308
28 0.3021331 0.3971251 0.0229288 0.0151308
27 0.4042210 0.3971251 0.0240207 0.0151308
8 0.1476367 0.4446790 0.0240207 0.0151308
35 0.2000454 0.4446790 0.0436739 0.0432308
3 0.2000454 0.4446790 0.0240207 0.0151308
1 0.2508163 0.4446790 0.0229288 0.0151308
14 0.4566297 0.4446790 0.0240207 0.0151308
30 0.2000454 0.4927732 0.0240207 0.0162115
4 0.3529041 0.4927732 0.0240207 0.0162115
12 0.4566297 0.3971251 0.0240207 0.0151308
18 0.2508163 0.4927732 0.0229288 0.0162115
29 0.1476367 0.3030981 0.0240207 0.0151308
21 0.3021331 0.4927732 0.0229288 0.0162115
21 0.4042210 0.4927732 0.0240207 0.0162115
2 0.4566297 0.4927732 0.0240207 0.0162115
28 0.3529041 0.3971251 0.0240207 0.0151308
18 0.4042210 0.3030981 0.0240207 0.0151308
17 0.1476367 0.3971251 0.0240207 0.0151308
31 0.4566297 0.3030981 0.0240207 0.0151308
21 0.3529041 0.4446790 0.0240207 0.0151308
9 0.1476367 0.3495713 0.0240207 0.0151308
29 0.2508163 0.3030981 0.0229288 0.0151308
9 0.3529041 0.3030981 0.0240207 0.0151308
26 0.3021331 0.3495713 0.0229288 0.0151308
13 0.4042210 0.4446790 0.0240207 0.0151308
14 0.1476367 0.4927732 0.0240207 0.0162115
31 0.3021331 0.4446790 0.0229288 0.0151308
22 0.3021331 0.3030981 0.0229288 0.0151308
