23 0.5282230 0.3693402 0.0279274 0.0174526
13 0.5993110 0.2436815 0.0279274 0.0174526
32 0.5282230 0.3990096 0.5128487 0.5165969
33 0.6062928 0.1529280 0.0114248 0.0151256
27 0.4571351 0.2436815 0.0279274 0.0174526
7 0.6703989 0.2436815 0.0279274 0.0174526
24 0.7414869 0.2436815 0.0279274 0.0174526
13 0.3860471 0.3065109 0.0279274 0.0174526
22 0.5993110 0.3065109 0.0279274 0.0174526
19 0.7414869 0.3065109 0.0279274 0.0174526
8 0.3149592 0.3693402 0.0279274 0.0174526
17 0.7414869 0.3693402 0.0279274 0.0174526
11 0.4571351 0.4321696 0.0279274 0.0174526
28 0.5282230 0.4321696 0.0279274 0.0174526
26 0.3860471 0.4949989 0.0279274 0.0174526
34 0.5282230 0.4955807 0.0660102 0.0628294
5 0.5282230 0.4949989 0.0279274 0.0174526
16 0.5993110 0.4949989 0.0279274 0.0174526
15 0.6703989 0.4949989 0.0279274 0.0174526
27 0.3860471 0.2436815 0.0279274 0.0174526
23 0.3860471 0.3693402 0.0279274 0.0174526
15 0.5282230 0.2436815 0.0279274 0.0174526
21 0.6703989 0.4321696 0.0279274 0.0174526
8 0.5993110 0.3693402 0.0279274 0.0174526
5 0.4571351 0.4949989 0.0279274 0.0174526
8 0.3149592 0.2436815 0.0279274 0.0174526
22 0.6703989 0.3693402 0.0279274 0.0174526
18 0.3149592 0.4949989 0.0279274 0.0174526
20 0.6703989 0.3065109 0.0279274 0.0174526
28 0.5282230 0.3065109 0.0279274 0.0174526
7 0.7414869 0.4321696 0.0279274 0.0174526
17 0.3149592 0.4321696 0.0279274 0.0174526
17 0.3860471 0.4321696 0.0279274 0.0174526
10 0.4571351 0.3065109 0.0279274 0.0174526
13 0.4571351 0.3693402 0.0279274 0.0174526
9 0.7414869 0.4949989 0.0279274 0.0174526
12 0.5993110 0.4321696 0.0279274 0.0174526
8 0.3149592 0.3065109 0.0279274 0.0174526
