10 0.6609851 0.3671244 0.0263212 0.0170172
4 0.5939857 0.4283866 0.0263212 0.0170173
32 0.6609851 0.5185781 0.4833531 0.5037112
33 0.7345648 0.2786346 0.0107677 0.0147483
26 0.5939857 0.3671244 0.0263212 0.0170172
6 0.7949840 0.3671244 0.0263212 0.0170172
30 0.5269862 0.4283866 0.0263212 0.0170173
1 0.7949840 0.4283866 0.0263212 0.0170173
4 0.8619834 0.4283866 0.0263213 0.0170173
21 0.5269862 0.4896487 0.0263212 0.0170172
5 0.6609851 0.4896487 0.0263212 0.0170172
20 0.7949840 0.4896487 0.0263212 0.0170172
3 0.8619834 0.4896487 0.0263213 0.0170172
24 0.5269862 0.5509109 0.0263212 0.0170173
10 0.5939857 0.5509109 0.0263212 0.0170173
34 0.7949840 0.5514782 0.0622137 0.0612621
23 0.7949840 0.5509109 0.0263212 0.0170173
18 0.8619834 0.5509109 0.0263213 0.0170173
13 0.4599868 0.6121731 0.0263212 0.0170172
28 0.5269862 0.3671244 0.0263212 0.0170172
2 0.8619834 0.6121731 0.0263213 0.0170172
16 0.7279845 0.5509109 0.0263213 0.0170173
1 0.7279845 0.6121731 0.0263213 0.0170172
29 0.7949840 0.6121731 0.0263212 0.0170172
12 0.4599868 0.4896487 0.0263212 0.0170172
2 0.5939857 0.4896487 0.0263212 0.0170172
5 0.6609851 0.4283866 0.0263212 0.0170173
28 0.7279845 0.3671244 0.0263213 0.0170172
25 0.8619834 0.3671244 0.0263213 0.0170172
31 0.7279845 0.4896487 0.0263213 0.0170172
1 0.6609851 0.6121731 0.0263212 0.0170172
21 0.7279845 0.4283866 0.0263213 0.0170173
15 0.5269862 0.6121731 0.0263212 0.0170172
25 0.6609851 0.5509109 0.0263212 0.0170173
15 0.4599868 0.3671244 0.0263212 0.0170172
10 0.4599868 0.5509109 0.0263212 0.0170173
24 0.5939857 0.6121731 0.0263212 0.0170172
3 0.4599868 0.4283866 0.0263212 0.0170173
