21 0.1667491 0.3258194 0.0278492 0.0168756
11 0.3085268 0.4473237 0.0278492 0.0168756
32 0.3085268 0.4152601 0.5114125 0.4995177
33 0.3863779 0.1773142 0.0113929 0.0146255
8 0.4503045 0.2650673 0.0278492 0.0168756
1 0.5211934 0.2650673 0.0278492 0.0168756
25 0.0958603 0.3258194 0.0278492 0.0168756
17 0.3085268 0.3258194 0.0278492 0.0168756
9 0.3794157 0.3258194 0.0278492 0.0168756
30 0.4503045 0.3258194 0.0278492 0.0168756
11 0.5211934 0.3258194 0.0278492 0.0168756
22 0.3085268 0.3865716 0.0278492 0.0168756
4 0.3794157 0.3865716 0.0278492 0.0168756
28 0.4503045 0.3865716 0.0278492 0.0168756
2 0.1667491 0.4473237 0.0278492 0.0168756
5 0.2376380 0.4473237 0.0278492 0.0168756
34 0.4503045 0.4478863 0.0658253 0.0607522
21 0.4503045 0.4473237 0.0278492 0.0168756
27 0.5211934 0.4473237 0.0278492 0.0168756
6 0.1667491 0.5080759 0.0278492 0.0168756
29 0.3085268 0.5080759 0.0278492 0.0168756
21 0.3794157 0.5080759 0.0278492 0.0168756
3 0.0958603 0.5688280 0.0278492 0.0168756
20 0.1667491 0.5688280 0.0278492 0.0168756
16 0.3085268 0.5688280 0.0278492 0.0168756
19 0.4503045 0.5688280 0.0278492 0.0168756
29 0.2376380 0.3258194 0.0278492 0.0168756
20 0.2376380 0.5688280 0.0278492 0.0168756
28 0.1667491 0.3865716 0.0278492 0.0168756
3 0.2376380 0.2650673 0.0278492 0.0168756
5 0.3085268 0.2650673 0.0278492 0.0168756
2 0.2376380 0.3865716 0.0278492 0.0168756
7 0.5211934 0.5688280 0.0278492 0.0168756
22 0.0958603 0.3865716 0.0278492 0.0168756
7 0.1667491 0.2650673 0.0278492 0.0168756
16 0.0958603 0.2650673 0.0278492 0.0168756
30 0.3794157 0.2650673 0.0278492 0.0168756
6 0.2376380 0.5080759 0.0278492 0.0168756
8 0.5211934 0.3865716 0.0278492 0.0168756
1 0.0958603 0.5080759 0.0278492 0.0168756
12 0.5211934 0.5080759 0.0278492 0.0168756
20 0.3794157 0.4473237 0.0278492 0.0168756
16 0.3794157 0.5688280 0.0278492 0.0168756
5 0.0958603 0.4473237 0.0278492 0.0168756
17 0.4503045 0.5080759 0.0278492 0.0168756
