30 0.4682891 0.4016558 0.0272684 0.0171661
25 0.7459317 0.2780595 0.0272684 0.0171661
32 0.6064906 0.4153887 0.4970297 0.4978186
33 0.6833382 0.1790679 0.0111553 0.0137329
14 0.3988785 0.2780595 0.0272684 0.0171661
1 0.5376997 0.2780595 0.0272685 0.0171661
18 0.6071104 0.2780595 0.0272684 0.0171661
25 0.8153423 0.2780595 0.0272684 0.0171661
9 0.3988785 0.3398577 0.0272684 0.0171662
4 0.4682891 0.3398577 0.0272684 0.0171662
22 0.5376997 0.3398577 0.0272685 0.0171662
31 0.3988785 0.4016558 0.0272684 0.0171661
12 0.6765210 0.4016558 0.0272684 0.0171661
11 0.7459317 0.4016558 0.0272684 0.0171661
27 0.4682891 0.4634539 0.0272684 0.0171661
13 0.5376997 0.4634539 0.0272685 0.0171661
3 0.6071104 0.4634539 0.0272684 0.0171661
34 0.6765210 0.4640262 0.0644527 0.0617982
9 0.6765210 0.4634539 0.0272684 0.0171661
16 0.7459317 0.4634539 0.0272684 0.0171661
29 0.6071104 0.5252521 0.0272684 0.0171661
2 0.7459317 0.5252521 0.0272684 0.0171661
24 0.3988785 0.5870502 0.0272684 0.0171661
20 0.5376997 0.5870502 0.0272685 0.0171661
8 0.6071104 0.5870502 0.0272684 0.0171661
17 0.8153423 0.5870502 0.0272684 0.0171661
29 0.8153423 0.4016558 0.0272684 0.0171661
2 0.4682891 0.5252521 0.0272684 0.0171661
20 0.4682891 0.2780595 0.0272684 0.0171661
16 0.3988785 0.4634539 0.0272684 0.0171661
7 0.8153423 0.4634539 0.0272684 0.0171661
17 0.7459317 0.5870502 0.0272684 0.0171661
23 0.6765210 0.5252521 0.0272684 0.0171661
24 0.6765210 0.3398577 0.0272684 0.0171662
7 0.5376997 0.5252521 0.0272685 0.0171661
3 0.6765210 0.2780595 0.0272684 0.0171661
31 0.3988785 0.5252521 0.0272684 0.0171661
20 0.7459317 0.3398577 0.0272684 0.0171662
18 0.8153423 0.5252521 0.0272684 0.0171661
23 0.8153423 0.3398577 0.0272684 0.0171662
29 0.5376997 0.4016558 0.0272685 0.0171661
16 0.4682891 0.5870502 0.0272684 0.0171661
23 0.6071104 0.4016558 0.0272684 0.0171661
3 0.6071104 0.3398577 0.0272684 0.0171662
4 0.6765210 0.5870502 0.0272684 0.0171661
