22 0.6331329 0.4609603 0.0274574 0.0169638
28 0.3535661 0.3998908 0.0274574 0.0169638
32 0.4240818 0.3942362 0.5054667 0.4987343
33 0.4983418 0.1725765 0.0099845 0.0124401
8 0.2836744 0.2777518 0.0274574 0.0169637
4 0.3535661 0.2777518 0.0274574 0.0169637
26 0.4234578 0.2777518 0.0274574 0.0169637
30 0.4933495 0.2777518 0.0274574 0.0169637
14 0.5632412 0.2777518 0.0274574 0.0169637
9 0.6331329 0.2777518 0.0274574 0.0169637
5 0.2137827 0.3382558 0.0274574 0.0158328
17 0.2836744 0.3382558 0.0274574 0.0158328
18 0.3535661 0.3382558 0.0274574 0.0158328
13 0.4234578 0.3382558 0.0274574 0.0158328
20 0.4933495 0.3382558 0.0274574 0.0158328
15 0.6331329 0.3382558 0.0274574 0.0158328
1 0.2836744 0.3998908 0.0274574 0.0169638
27 0.4234578 0.3998908 0.0274574 0.0169638
16 0.4933495 0.3998908 0.0274574 0.0169638
2 0.2836744 0.5220298 0.0274574 0.0169637
12 0.4234578 0.5220298 0.0274574 0.0169637
34 0.4933495 0.5214644 0.0648994 0.0610695
28 0.4933495 0.5220298 0.0274574 0.0169637
19 0.5632412 0.5220298 0.0274574 0.0169637
29 0.5632412 0.5825339 0.0274574 0.0158329
24 0.6331329 0.5825339 0.0274574 0.0158329
16 0.4933495 0.4609603 0.0274574 0.0169638
6 0.3535661 0.4609603 0.0274574 0.0169638
18 0.2836744 0.5825339 0.0274574 0.0158329
14 0.6331329 0.3998908 0.0274574 0.0169638
10 0.6331329 0.5220298 0.0274574 0.0169637
27 0.5632412 0.3998908 0.0274574 0.0169638
1 0.4234578 0.5825339 0.0274574 0.0158329
27 0.2137827 0.5220298 0.0274574 0.0169637
6 0.5632412 0.4609603 0.0274574 0.0169638
15 0.2836744 0.4609603 0.0274574 0.0169638
18 0.2137827 0.2777518 0.0274574 0.0169637
13 0.4933495 0.5825339 0.0274574 0.0158329
15 0.5632412 0.3382558 0.0274574 0.0158328
21 0.3535661 0.5220298 0.0274574 0.0169637
11 0.4234578 0.4609603 0.0274574 0.0169638
4 0.3535661 0.5825339 0.0274574 0.0158329
3 0.2137827 0.3998908 0.0274574 0.0169638
7 0.2137827 0.4609603 0.0274574 0.0169638
29 0.2137827 0.5825339 0.0274574 0.0158329
