10 0.7528402 0.5056647 0.0225311 0.0162590
28 0.6562787 0.3575921 0.0225311 0.0174203
32 0.6471589 0.3744317 0.3669342 0.5086728
33 0.7737619 0.1764209 0.0128749 0.0197430
18 0.6562787 0.2832655 0.0225311 0.0174203
17 0.7045595 0.2832655 0.0225311 0.0174203
34 0.6079978 0.3575921 0.0418434 0.0452928
15 0.6079978 0.3575921 0.0225311 0.0174203
7 0.7528402 0.3575921 0.0225311 0.0174203
29 0.8011211 0.3575921 0.0225311 0.0174203
31 0.5597170 0.4319187 0.0225310 0.0174203
4 0.6562787 0.4319187 0.0225311 0.0174203
14 0.5114362 0.5056647 0.0225311 0.0162590
27 0.8011211 0.5056647 0.0225311 0.0162590
10 0.5114362 0.5799913 0.0225311 0.0162590
3 0.5597170 0.5799913 0.0225310 0.0162590
13 0.6079978 0.5799913 0.0225311 0.0162590
6 0.6562787 0.5799913 0.0225311 0.0162590
16 0.8011211 0.5799913 0.0225311 0.0162590
25 0.7045595 0.4319187 0.0225311 0.0174203
9 0.5114362 0.2832655 0.0225311 0.0174203
14 0.7045595 0.3575921 0.0225311 0.0174203
27 0.5114362 0.3575921 0.0225311 0.0174203
16 0.5114362 0.4319187 0.0225311 0.0174203
30 0.5597170 0.3575921 0.0225310 0.0174203
19 0.6079978 0.4319187 0.0225311 0.0174203
2 0.7045595 0.5056647 0.0225311 0.0162590
18 0.6562787 0.5056647 0.0225311 0.0162590
3 0.8011211 0.2832655 0.0225311 0.0174203
21 0.7045595 0.5799913 0.0225311 0.0162590
28 0.5597170 0.5056647 0.0225310 0.0162590
28 0.7528402 0.4319187 0.0225311 0.0174203
3 0.6079978 0.2832655 0.0225311 0.0174203
3 0.8011211 0.4319187 0.0225311 0.0174203
21 0.7528402 0.2832655 0.0225311 0.0174203
19 0.5597170 0.2832655 0.0225310 0.0174203
8 0.7528402 0.5799913 0.0225311 0.0162590
24 0.6079978 0.5056647 0.0225311 0.0162590
