26 0.4178187 0.1602148 0.0227123 0.0152530
8 0.3166948 0.1602148 0.0237938 0.0152530
32 0.4226856 0.2244953 0.4088218 0.3638931
33 0.5914057 0.0866735 0.0086523 0.0141635
24 0.5708565 0.1602148 0.0237938 0.0152530
9 0.3166948 0.2070633 0.0237938 0.0152530
35 0.4178187 0.2070633 0.0421800 0.0435800
1 0.4178187 0.2070633 0.0227123 0.0152530
8 0.4681102 0.2070633 0.0237939 0.0152530
14 0.5189426 0.2070633 0.0237938 0.0152530
29 0.3166948 0.2550013 0.0237938 0.0152530
15 0.3669864 0.2550013 0.0227123 0.0152530
6 0.3166948 0.3029393 0.0237938 0.0152530
27 0.4178187 0.3029393 0.0227123 0.0152530
28 0.5189426 0.3029393 0.0237938 0.0152530
4 0.5708565 0.3029393 0.0237938 0.0152530
22 0.3166948 0.3514221 0.0237938 0.0163425
21 0.3669864 0.3514221 0.0227123 0.0163425
3 0.4178187 0.3514221 0.0227123 0.0163425
13 0.5708565 0.3514221 0.0237938 0.0163425
7 0.4681102 0.2550013 0.0237939 0.0152530
3 0.4681102 0.1602148 0.0237939 0.0152530
23 0.5189426 0.3514221 0.0237938 0.0163425
9 0.3669864 0.1602148 0.0227123 0.0152530
26 0.5189426 0.2550013 0.0237938 0.0152530
10 0.5708565 0.2070633 0.0237938 0.0152530
15 0.4681102 0.3029393 0.0237939 0.0152530
26 0.2647809 0.2550013 0.0237939 0.0152530
30 0.3669864 0.3029393 0.0227123 0.0152530
18 0.3669864 0.2070633 0.0227123 0.0152530
7 0.2647809 0.3029393 0.0237939 0.0152530
9 0.4681102 0.3514221 0.0237939 0.0163425
30 0.4178187 0.2550013 0.0227123 0.0152530
31 0.2647809 0.1602148 0.0237939 0.0152530
24 0.2647809 0.2070633 0.0237939 0.0152530
27 0.5189426 0.1602148 0.0237938 0.0152530
2 0.2647809 0.3514221 0.0237939 0.0163425
11 0.5708565 0.2550013 0.0237938 0.0152530
