25 0.6758116 0.4093635 0.0279354 0.0159076
29 0.7469199 0.6384323 0.0279354 0.0159075
32 0.5329600 0.4995064 0.5091866 0.4698032
33 0.6110522 0.2778610 0.0126979 0.0137866
2 0.3202699 0.4093635 0.0279354 0.0159076
19 0.3913782 0.4093635 0.0279354 0.0159076
1 0.4624865 0.4093635 0.0279354 0.0159076
10 0.5335949 0.4093635 0.0279354 0.0159076
15 0.6047032 0.4093635 0.0279354 0.0159076
30 0.7469199 0.4093635 0.0279354 0.0159076
8 0.3913782 0.4666307 0.0279354 0.0159076
3 0.5335949 0.4666307 0.0279354 0.0159076
7 0.6758116 0.4666307 0.0279354 0.0159076
12 0.7469199 0.4666307 0.0279354 0.0159076
14 0.5335949 0.5238979 0.0279354 0.0159075
27 0.6758116 0.5238979 0.0279354 0.0159075
34 0.4624865 0.5816954 0.0660292 0.0572672
17 0.4624865 0.5811652 0.0279354 0.0159075
23 0.5335949 0.5811652 0.0279354 0.0159075
11 0.6047032 0.5811652 0.0279354 0.0159075
31 0.7469199 0.5811652 0.0279354 0.0159075
26 0.6758116 0.6384323 0.0279354 0.0159075
22 0.3913782 0.6956995 0.0279354 0.0159075
25 0.4624865 0.6956995 0.0279354 0.0159075
28 0.5335949 0.6956995 0.0279354 0.0159075
18 0.7469199 0.6956995 0.0279354 0.0159075
12 0.6758116 0.6956995 0.0279354 0.0159075
15 0.3913782 0.5811652 0.0279354 0.0159075
28 0.6047032 0.5238979 0.0279354 0.0159075
31 0.6047032 0.6384323 0.0279354 0.0159075
18 0.3913782 0.6384323 0.0279354 0.0159075
10 0.4624865 0.5238979 0.0279354 0.0159075
11 0.4624865 0.6384323 0.0279354 0.0159075
1 0.5335949 0.6384323 0.0279354 0.0159075
18 0.6758116 0.5811652 0.0279354 0.0159075
22 0.3202699 0.6956995 0.0279354 0.0159075
5 0.3202699 0.5811652 0.0279354 0.0159075
6 0.7469199 0.5238979 0.0279354 0.0159075
1 0.3202699 0.4666307 0.0279354 0.0159076
7 0.6047032 0.6956995 0.0279354 0.0159075
3 0.3202699 0.5238979 0.0279354 0.0159075
21 0.6047032 0.4666307 0.0279354 0.0159076
31 0.3913782 0.5238979 0.0279354 0.0159075
30 0.3202699 0.6384323 0.0279354 0.0159075
8 0.4624865 0.4666307 0.0279354 0.0159076
