22 0.9888425 0.4453370 0.0223149 0.0151653
9 0.8750113 0.4453370 0.0233097 0.0151653
32 0.8056946 0.4122983 0.3886107 0.3715509
33 0.9971674 0.2400633 0.0056651 0.0140821
2 0.7024083 0.3321386 0.0244197 0.0162486
26 0.7590176 0.3321386 0.0244198 0.0162486
16 0.8750113 0.3321386 0.0233097 0.0162486
1 0.7024083 0.3884670 0.0244197 0.0162486
34 0.7590176 0.3884670 0.0488395 0.0487457
5 0.7590176 0.3884670 0.0244198 0.0162486
19 0.8172919 0.3884670 0.0233097 0.0162486
10 0.7024083 0.4453370 0.0244197 0.0151653
15 0.8172919 0.4453370 0.0233097 0.0151653
12 0.8172919 0.5016654 0.0233097 0.0151653
5 0.9332856 0.5016654 0.0244197 0.0151653
25 0.7024083 0.5569106 0.0244197 0.0151654
9 0.8750113 0.5569106 0.0233097 0.0151654
27 0.9332856 0.5569106 0.0244197 0.0151654
18 0.9888425 0.5569106 0.0223149 0.0151654
16 0.6446890 0.4453370 0.0244197 0.0151653
8 0.9888425 0.3884670 0.0223149 0.0162486
22 0.8750113 0.3884670 0.0233097 0.0162486
18 0.8750113 0.5016654 0.0233097 0.0151653
11 0.9332856 0.3884670 0.0244197 0.0162486
20 0.8172919 0.5569106 0.0233097 0.0151654
12 0.7590176 0.5569106 0.0244198 0.0151654
26 0.6446890 0.3884670 0.0244197 0.0162486
26 0.9332856 0.3321386 0.0244197 0.0162486
21 0.7024083 0.5016654 0.0244197 0.0151653
23 0.9888425 0.5016654 0.0223149 0.0151653
3 0.6446890 0.3321386 0.0244197 0.0162486
1 0.9888425 0.3321386 0.0223149 0.0162486
27 0.6446890 0.5569106 0.0244197 0.0151654
29 0.7590176 0.5016654 0.0244198 0.0151653
30 0.8172919 0.3321386 0.0233097 0.0162486
16 0.7590176 0.4453370 0.0244198 0.0151653
27 0.9332856 0.4453370 0.0244197 0.0151653
6 0.6446890 0.5016654 0.0244197 0.0151653
