4 0.6192875 0.4151981 0.0240823 0.0169358
30 0.5065387 0.4744735 0.0240823 0.0158068
32 0.6756620 0.4597958 0.3951682 0.4312993
33 0.8546370 0.2616465 0.0109465 0.0169358
17 0.5634604 0.3564872 0.0240823 0.0169358
2 0.6192875 0.3564872 0.0240823 0.0169358
11 0.7336783 0.3564872 0.0229876 0.0169358
28 0.7911474 0.3564872 0.0240823 0.0169358
1 0.8469745 0.3564872 0.0240823 0.0169358
12 0.6767566 0.4151981 0.0229877 0.0169358
22 0.7911474 0.4151981 0.0240823 0.0169358
16 0.8469745 0.4151981 0.0240823 0.0169358
13 0.5634604 0.4744735 0.0240823 0.0158068
23 0.6767566 0.4744735 0.0229877 0.0158068
18 0.7336783 0.4744735 0.0229876 0.0158068
25 0.8469745 0.4744735 0.0240823 0.0158068
7 0.6192875 0.5331844 0.0240823 0.0158067
19 0.7911474 0.5331844 0.0240823 0.0158067
3 0.5065387 0.5907663 0.0240823 0.0158067
26 0.6192875 0.5907663 0.0240823 0.0158067
10 0.8469745 0.5907663 0.0240823 0.0158067
24 0.5065387 0.6500416 0.0240823 0.0169358
34 0.6762093 0.6494771 0.0481645 0.0496785
15 0.6767566 0.6500416 0.0229877 0.0169358
31 0.7336783 0.6500416 0.0229876 0.0169358
4 0.8469745 0.6500416 0.0240823 0.0169358
7 0.5065387 0.4151981 0.0240823 0.0169358
15 0.5634604 0.4151981 0.0240823 0.0169358
27 0.6767566 0.5331844 0.0229877 0.0158067
26 0.7911474 0.5907663 0.0240823 0.0158067
26 0.7911474 0.6500416 0.0240823 0.0169358
31 0.5634604 0.5907663 0.0240823 0.0158067
25 0.7911474 0.4744735 0.0240823 0.0158068
22 0.7336783 0.5331844 0.0229876 0.0158067
22 0.5634604 0.6500416 0.0240823 0.0169358
31 0.5065387 0.5331844 0.0240823 0.0158067
2 0.6192875 0.4744735 0.0240823 0.0158068
9 0.5634604 0.5331844 0.0240823 0.0158067
15 0.6767566 0.3564872 0.0229877 0.0169358
25 0.8469745 0.5331844 0.0240823 0.0158067
17 0.7336783 0.4151981 0.0229876 0.0169358
5 0.5065387 0.3564872 0.0240823 0.0169358
3 0.6192875 0.6500416 0.0240823 0.0169358
20 0.6767566 0.5907663 0.0229877 0.0158067
12 0.7336783 0.5907663 0.0229876 0.0158067
