12 0.2965476 0.3442288 0.0225242 0.0162912
17 0.5861443 0.4187026 0.0225241 0.0162912
32 0.4322291 0.2343436 0.3668225 0.4664650
33 0.5587935 0.0143330 0.0128710 0.0197821
31 0.3448137 0.1213891 0.0225242 0.0174548
2 0.3930799 0.1213891 0.0225242 0.0174548
16 0.4413460 0.1213891 0.0225242 0.0174548
28 0.4896121 0.1213891 0.0225242 0.0174548
20 0.2965476 0.1958630 0.0225242 0.0174548
8 0.3930799 0.1958630 0.0225242 0.0174548
14 0.2965476 0.2703368 0.0225242 0.0174548
1 0.3930799 0.2703368 0.0225242 0.0174548
7 0.4413460 0.2703368 0.0225242 0.0174548
12 0.5378782 0.2703368 0.0225242 0.0174548
34 0.3448137 0.3448107 0.0418306 0.0453825
9 0.3448137 0.3442288 0.0225242 0.0162912
24 0.4413460 0.3442288 0.0225242 0.0162912
19 0.5861443 0.3442288 0.0225241 0.0162912
13 0.3448137 0.4187026 0.0225242 0.0162912
20 0.4896121 0.3442288 0.0225242 0.0162912
26 0.4413460 0.1958630 0.0225242 0.0174548
5 0.2965476 0.4187026 0.0225242 0.0162912
17 0.3930799 0.3442288 0.0225242 0.0162912
3 0.3448137 0.2703368 0.0225242 0.0174548
1 0.4896121 0.2703368 0.0225242 0.0174548
15 0.5861443 0.2703368 0.0225241 0.0174548
22 0.5378782 0.3442288 0.0225242 0.0162912
28 0.3930799 0.4187026 0.0225242 0.0162912
11 0.3448137 0.1958630 0.0225242 0.0174548
28 0.4896121 0.1958630 0.0225242 0.0174548
2 0.4896121 0.4187026 0.0225242 0.0162912
7 0.5861443 0.1958630 0.0225241 0.0174548
19 0.5378782 0.1213891 0.0225242 0.0174548
13 0.5378782 0.4187026 0.0225242 0.0162912
13 0.5378782 0.1958630 0.0225242 0.0174548
30 0.4413460 0.4187026 0.0225242 0.0162912
16 0.5861443 0.1213891 0.0225241 0.0174548
4 0.2965476 0.1213891 0.0225242 0.0174548
