27 0.3698486 0.4451194 0.0230172 0.0150422
1 0.3205261 0.1705995 0.0230172 0.0161166
32 0.3112096 0.2549432 0.3748515 0.4706056
33 0.4405443 0.0717508 0.0131527 0.0182655
34 0.3698486 0.1705995 0.0427462 0.0419032
4 0.3698486 0.1705995 0.0230172 0.0161166
1 0.4191712 0.1705995 0.0230172 0.0161166
29 0.3205261 0.2393638 0.0230172 0.0161166
3 0.4191712 0.2393638 0.0230172 0.0161166
18 0.4684938 0.2393638 0.0230172 0.0161166
15 0.3205261 0.3081281 0.0230172 0.0161166
27 0.4191712 0.3081281 0.0230172 0.0161166
17 0.4684938 0.3081281 0.0230172 0.0161166
10 0.1725584 0.3763551 0.0230172 0.0150422
2 0.2218809 0.3763551 0.0230172 0.0150422
20 0.3698486 0.3763551 0.0230172 0.0150422
14 0.4191712 0.3763551 0.0230172 0.0150422
19 0.2218809 0.4451194 0.0230172 0.0150422
28 0.4684938 0.4451194 0.0230172 0.0150422
23 0.4684938 0.3763551 0.0230172 0.0150422
17 0.1725584 0.1705995 0.0230172 0.0161166
23 0.2712035 0.3763551 0.0230172 0.0150422
20 0.2218809 0.3081281 0.0230172 0.0161166
20 0.3205261 0.4451194 0.0230172 0.0150422
25 0.2712035 0.1705995 0.0230172 0.0161166
5 0.2218809 0.1705995 0.0230172 0.0161166
10 0.2712035 0.3081281 0.0230172 0.0161166
3 0.2218809 0.2393638 0.0230172 0.0161166
14 0.4191712 0.4451194 0.0230172 0.0150422
18 0.3698486 0.2393638 0.0230172 0.0161166
24 0.3698486 0.3081281 0.0230172 0.0161166
23 0.1725584 0.3081281 0.0230172 0.0161166
25 0.3205261 0.3763551 0.0230172 0.0150422
14 0.1725584 0.2393638 0.0230172 0.0161166
21 0.4684938 0.1705995 0.0230172 0.0161166
6 0.2712035 0.2393638 0.0230172 0.0161166
28 0.1725584 0.4451194 0.0230172 0.0150422
7 0.2712035 0.4451194 0.0230172 0.0150422
