21 0.1964490 0.4909080 0.0264092 0.0160017
28 0.4653427 0.5479806 0.0264092 0.0149349
32 0.3987195 0.6007861 0.4861694 0.4704492
33 0.4701444 0.3916976 0.0096033 0.0117346
15 0.3981193 0.4909080 0.0264091 0.0160017
8 0.2636724 0.5479806 0.0264092 0.0149349
22 0.2636724 0.6061201 0.0264092 0.0160017
21 0.3981193 0.6061201 0.0264091 0.0160017
23 0.1964490 0.6637261 0.0264092 0.0160017
5 0.2636724 0.6637261 0.0264092 0.0160017
1 0.3981193 0.6637261 0.0264091 0.0160017
24 0.5325661 0.6637261 0.0264092 0.0160017
13 0.5997895 0.6637261 0.0264092 0.0160017
2 0.1964490 0.7213321 0.0264092 0.0160017
34 0.3981193 0.7207987 0.0624217 0.0576061
26 0.3981193 0.7213321 0.0264091 0.0160017
6 0.4653427 0.7213321 0.0264092 0.0160017
30 0.5325661 0.7213321 0.0264092 0.0160017
27 0.5997895 0.7213321 0.0264092 0.0160017
12 0.2636724 0.4909080 0.0264092 0.0160017
30 0.5325661 0.6061201 0.0264092 0.0160017
17 0.4653427 0.4909080 0.0264092 0.0160017
30 0.2636724 0.7213321 0.0264092 0.0160017
13 0.3308958 0.6637261 0.0264092 0.0160017
9 0.5325661 0.5479806 0.0264092 0.0149349
15 0.4653427 0.6061201 0.0264092 0.0160017
11 0.3308958 0.5479806 0.0264092 0.0149349
3 0.5325661 0.4909080 0.0264092 0.0160017
13 0.5997895 0.4909080 0.0264092 0.0160017
6 0.3308958 0.4909080 0.0264092 0.0160017
6 0.1964490 0.5479806 0.0264092 0.0149349
1 0.3308958 0.6061201 0.0264092 0.0160017
21 0.1964490 0.6061201 0.0264092 0.0160017
31 0.3308958 0.7213321 0.0264092 0.0160017
30 0.5997895 0.6061201 0.0264092 0.0160017
15 0.3981193 0.5479806 0.0264091 0.0149349
26 0.4653427 0.6637261 0.0264092 0.0160017
27 0.5997895 0.5479806 0.0264092 0.0149349
