10 0.8310872 0.3419705 0.0241538 0.0170180
22 0.6758124 0.6318437 0.0241538 0.0158834
32 0.6660358 0.4310313 0.3933629 0.4969255
33 0.8017576 0.2375934 0.0138022 0.0192870
26 0.6240541 0.3419705 0.0241538 0.0170180
2 0.6758124 0.3419705 0.0241538 0.0170180
34 0.7793290 0.3419705 0.0448572 0.0442468
18 0.7793290 0.3419705 0.0241538 0.0170180
15 0.5205376 0.4145806 0.0241539 0.0170180
30 0.5722959 0.4145806 0.0241538 0.0170180
20 0.6240541 0.4145806 0.0241538 0.0170180
13 0.6758124 0.4145806 0.0241538 0.0170180
5 0.7793290 0.4145806 0.0241538 0.0170180
31 0.8310872 0.4871907 0.0241538 0.0170180
27 0.8310872 0.5592335 0.0241538 0.0158834
17 0.6240541 0.6318437 0.0241538 0.0158834
29 0.7275707 0.6318437 0.0241538 0.0158834
25 0.7793290 0.6318437 0.0241538 0.0158834
8 0.8310872 0.6318437 0.0241538 0.0158834
19 0.7275707 0.4145806 0.0241538 0.0170180
1 0.8310872 0.4145806 0.0241538 0.0170180
14 0.5205376 0.5592335 0.0241539 0.0158834
4 0.6758124 0.4871907 0.0241538 0.0170180
27 0.6240541 0.5592335 0.0241538 0.0158834
15 0.7275707 0.5592335 0.0241538 0.0158834
25 0.5722959 0.5592335 0.0241538 0.0158834
22 0.6758124 0.5592335 0.0241538 0.0158834
24 0.5205376 0.3419705 0.0241539 0.0170180
14 0.7793290 0.4871907 0.0241538 0.0170180
12 0.5722959 0.4871907 0.0241538 0.0170180
8 0.5722959 0.3419705 0.0241538 0.0170180
22 0.7275707 0.3419705 0.0241538 0.0170180
14 0.6240541 0.4871907 0.0241538 0.0170180
22 0.7793290 0.5592335 0.0241538 0.0158834
16 0.5205376 0.4871907 0.0241539 0.0170180
23 0.5205376 0.6318437 0.0241539 0.0158834
14 0.7275707 0.4871907 0.0241538 0.0170180
14 0.5722959 0.6318437 0.0241538 0.0158834
