31 0.6163347 0.2333951 0.0266219 0.0166475
13 0.4130400 0.4731193 0.0266219 0.0166475
32 0.4136450 0.3477080 0.4900855 0.4894369
33 0.4856452 0.1301805 0.0096807 0.0122082
11 0.2097452 0.2333951 0.0266219 0.0166475
26 0.2775101 0.2333951 0.0266219 0.0166475
23 0.3452751 0.2333951 0.0266219 0.0166475
13 0.4130400 0.2333951 0.0266219 0.0166475
30 0.4808049 0.2333951 0.0266219 0.0166475
22 0.4808049 0.2927713 0.0266219 0.0155377
19 0.6163347 0.2927713 0.0266219 0.0155377
8 0.2775101 0.3532572 0.0266219 0.0166475
16 0.4808049 0.3532572 0.0266219 0.0166475
20 0.4130400 0.4131883 0.0266219 0.0166475
25 0.4808049 0.4131883 0.0266219 0.0166475
34 0.2097453 0.4725644 0.0629246 0.0599310
21 0.2097452 0.4731193 0.0266219 0.0166475
29 0.2775101 0.4731193 0.0266219 0.0166475
21 0.3452751 0.4731193 0.0266219 0.0166475
11 0.2097452 0.4131883 0.0266219 0.0166475
30 0.4130400 0.2927713 0.0266219 0.0155377
25 0.6163347 0.3532572 0.0266219 0.0166475
12 0.3452751 0.3532572 0.0266219 0.0166475
10 0.5485698 0.4731193 0.0266219 0.0166475
24 0.5485698 0.2333951 0.0266219 0.0166475
4 0.4808049 0.4731193 0.0266219 0.0166475
4 0.2775101 0.2927713 0.0266219 0.0155377
28 0.3452751 0.4131883 0.0266219 0.0166475
1 0.2097452 0.2927713 0.0266219 0.0155377
16 0.5485698 0.4131883 0.0266219 0.0166475
29 0.5485698 0.2927713 0.0266219 0.0155377
21 0.5485698 0.3532572 0.0266219 0.0166475
2 0.2775101 0.4131883 0.0266219 0.0166475
8 0.3452751 0.2927713 0.0266219 0.0155377
16 0.2097452 0.3532572 0.0266219 0.0166475
10 0.6163347 0.4131883 0.0266219 0.0166475
19 0.4130400 0.3532572 0.0266219 0.0166475
22 0.6163347 0.4731193 0.0266219 0.0166475
