10 0.3057043 0.3924937 0.0223309 0.0152041
10 0.4014083 0.3924937 0.0223309 0.0152041
32 0.3445176 0.2697749 0.3636751 0.4756709
33 0.4699961 0.0846108 0.0127605 0.0184621
7 0.2100004 0.1845234 0.0223309 0.0162901
1 0.2578524 0.1845234 0.0223309 0.0162901
34 0.3057043 0.1845234 0.0414717 0.0423543
6 0.3057043 0.1845234 0.0223309 0.0162901
30 0.3535563 0.1845234 0.0223309 0.0162901
4 0.2100004 0.2540278 0.0223309 0.0162901
25 0.3535563 0.2540278 0.0223309 0.0162901
23 0.4014083 0.2540278 0.0223309 0.0162901
18 0.3535563 0.3235322 0.0223309 0.0162901
27 0.4492603 0.3235322 0.0223309 0.0162901
9 0.2578524 0.3924937 0.0223309 0.0152041
24 0.2100004 0.4619981 0.0223309 0.0152041
8 0.2578524 0.4619981 0.0223309 0.0152041
5 0.3057043 0.4619981 0.0223309 0.0152041
17 0.3535563 0.4619981 0.0223309 0.0152041
17 0.2578524 0.2540278 0.0223309 0.0162901
15 0.4492603 0.2540278 0.0223309 0.0162901
21 0.4014083 0.4619981 0.0223309 0.0152041
13 0.2100004 0.3235322 0.0223309 0.0162901
26 0.4492603 0.3924937 0.0223309 0.0152041
21 0.4971123 0.4619981 0.0223309 0.0152041
16 0.4971123 0.3235322 0.0223309 0.0162901
23 0.4971123 0.3924937 0.0223309 0.0152041
28 0.2578524 0.3235322 0.0223309 0.0162901
2 0.3057043 0.2540278 0.0223309 0.0162901
14 0.4492603 0.4619981 0.0223309 0.0152041
28 0.4971123 0.1845234 0.0223309 0.0162901
17 0.4492603 0.1845234 0.0223309 0.0162901
7 0.3057043 0.3235322 0.0223309 0.0162901
11 0.2100004 0.3924937 0.0223309 0.0152041
31 0.4014083 0.1845234 0.0223309 0.0162901
10 0.4971123 0.2540278 0.0223309 0.0162901
17 0.4014083 0.3235322 0.0223309 0.0162901
31 0.3535563 0.3924937 0.0223309 0.0152041
