10 0.8680385 0.4738679 0.0241972 0.0151866
24 0.8075454 0.3051877 0.0253495 0.0162714
32 0.8271482 0.3290525 0.3457037 0.3720727
7 0.6888638 0.2487802 0.0253495 0.0162714
2 0.8680385 0.2487802 0.0241972 0.0162714
23 0.9279555 0.2487802 0.0241972 0.0162714
6 0.9878869 0.2487802 0.0242262 0.0162714
9 0.8680385 0.3051877 0.0241972 0.0162714
19 0.9878869 0.3051877 0.0242262 0.0162714
17 0.7487808 0.3621377 0.0253495 0.0151866
12 0.9878869 0.3621377 0.0242262 0.0151866
5 0.8075454 0.4185452 0.0253495 0.0151866
34 0.9815495 0.4185452 0.0369009 0.0477294
12 0.9878869 0.4185452 0.0242262 0.0151866
3 0.6888638 0.4738679 0.0253495 0.0151866
16 0.6888638 0.4185452 0.0253495 0.0151866
27 0.8680385 0.3621377 0.0241972 0.0151866
31 0.7487808 0.2487802 0.0253495 0.0162714
28 0.7487808 0.3051877 0.0253495 0.0162714
26 0.9279555 0.4738679 0.0241972 0.0151866
25 0.9279555 0.3621377 0.0241972 0.0151866
25 0.8680385 0.4185452 0.0241972 0.0151866
9 0.8075454 0.3621377 0.0253495 0.0151866
16 0.8075454 0.2487802 0.0253495 0.0162714
17 0.6888638 0.3621377 0.0253495 0.0151866
24 0.9878869 0.4738679 0.0242262 0.0151866
13 0.6888638 0.3051877 0.0253495 0.0162714
14 0.7487808 0.4185452 0.0253495 0.0151866
1 0.9279555 0.4185452 0.0241972 0.0151866
5 0.8075454 0.4738679 0.0253495 0.0151866
14 0.7487808 0.4738679 0.0253495 0.0151866
19 0.9279555 0.3051877 0.0241972 0.0162714
