15 0.4911944 0.4511133 0.0265965 0.0172520
26 0.8296960 0.4511133 0.0265965 0.0172520
32 0.6259905 0.4649149 0.4847827 0.5003067
33 0.7009445 0.2274129 0.0108804 0.0138016
14 0.4234940 0.3268992 0.0265966 0.0172520
17 0.4911944 0.3268992 0.0265965 0.0172520
26 0.5588947 0.3268992 0.0265966 0.0172520
9 0.6942953 0.3268992 0.0265966 0.0172520
3 0.7619956 0.3268992 0.0265965 0.0172520
29 0.8296960 0.3268992 0.0265965 0.0172520
11 0.6265950 0.3890063 0.0265965 0.0172520
25 0.6942953 0.3890063 0.0265966 0.0172520
15 0.8296960 0.3890063 0.0265965 0.0172520
31 0.6265950 0.4511133 0.0265965 0.0172520
20 0.4234940 0.5132204 0.0265966 0.0172519
21 0.4911944 0.5132204 0.0265965 0.0172519
2 0.5588947 0.5132204 0.0265966 0.0172519
28 0.6265950 0.5132204 0.0265965 0.0172519
27 0.6942953 0.5132204 0.0265966 0.0172519
6 0.7619956 0.5132204 0.0265965 0.0172519
5 0.5588947 0.5753274 0.0265966 0.0172519
8 0.6265950 0.5753274 0.0265965 0.0172519
19 0.8296960 0.5753274 0.0265965 0.0172519
16 0.4234940 0.6374345 0.0265966 0.0172520
34 0.8296960 0.6380095 0.0628645 0.0621071
22 0.8296960 0.6374345 0.0265965 0.0172520
3 0.6942953 0.5753274 0.0265966 0.0172519
26 0.7619956 0.4511133 0.0265965 0.0172520
5 0.4911944 0.5753274 0.0265965 0.0172519
13 0.7619956 0.6374345 0.0265965 0.0172520
21 0.4911944 0.3890063 0.0265965 0.0172520
28 0.5588947 0.6374345 0.0265966 0.0172520
17 0.6942953 0.6374345 0.0265966 0.0172520
3 0.4911944 0.6374345 0.0265965 0.0172520
24 0.4234940 0.4511133 0.0265966 0.0172520
4 0.5588947 0.4511133 0.0265966 0.0172520
29 0.6942953 0.4511133 0.0265966 0.0172520
26 0.4234940 0.3890063 0.0265966 0.0172520
30 0.7619956 0.3890063 0.0265965 0.0172520
28 0.5588947 0.3890063 0.0265966 0.0172520
14 0.6265950 0.3268992 0.0265965 0.0172520
7 0.7619956 0.5753274 0.0265965 0.0172519
7 0.4234940 0.5753274 0.0265966 0.0172519
26 0.6265950 0.6374345 0.0265965 0.0172520
31 0.8296960 0.5132204 0.0265965 0.0172519
