28 0.3910182 0.2362947 0.0222348 0.0161594
25 0.5339561 0.2362947 0.0222348 0.0161594
32 0.4296644 0.3208623 0.3621092 0.4718551
33 0.5546027 0.1371836 0.0127056 0.0183140
13 0.3433723 0.2362947 0.0222348 0.0161594
9 0.3910182 0.3052415 0.0222348 0.0161594
11 0.4386642 0.3052415 0.0222348 0.0161594
5 0.4863101 0.3052415 0.0222348 0.0161594
10 0.2957264 0.3741884 0.0222348 0.0161594
18 0.3433723 0.3741884 0.0222348 0.0161594
17 0.3910182 0.3741884 0.0222348 0.0161594
3 0.4863101 0.3741884 0.0222348 0.0161594
28 0.2957264 0.4425966 0.0222348 0.0150821
2 0.2957264 0.5115435 0.0222348 0.0150821
27 0.3433723 0.5115435 0.0222348 0.0150821
4 0.3910182 0.5115435 0.0222348 0.0150821
26 0.5339561 0.5115435 0.0222348 0.0150821
34 0.5816020 0.5115434 0.0412931 0.0430918
21 0.5816020 0.5115435 0.0222348 0.0150821
1 0.3433723 0.4425966 0.0222348 0.0150821
22 0.5339561 0.3052415 0.0222348 0.0161594
8 0.5816020 0.3052415 0.0222348 0.0161594
21 0.5816020 0.4425966 0.0222348 0.0150821
16 0.5339561 0.3741884 0.0222348 0.0161594
14 0.3910182 0.4425966 0.0222348 0.0150821
21 0.3433723 0.3052415 0.0222348 0.0161594
19 0.4863101 0.5115435 0.0222348 0.0150821
29 0.2957264 0.3052415 0.0222348 0.0161594
16 0.4863101 0.2362947 0.0222348 0.0161594
11 0.5816020 0.3741884 0.0222348 0.0161594
4 0.4386642 0.5115435 0.0222348 0.0150821
9 0.4386642 0.3741884 0.0222348 0.0161594
28 0.4863101 0.4425966 0.0222348 0.0150821
11 0.5816020 0.2362947 0.0222348 0.0161594
10 0.4386642 0.2362947 0.0222348 0.0161594
14 0.2957264 0.2362947 0.0222348 0.0161594
13 0.4386642 0.4425966 0.0222348 0.0150821
7 0.5339561 0.4425966 0.0222348 0.0150821
