21 0.3729256 0.4113286 0.0262771 0.0162568
18 0.3729256 0.3528041 0.0262771 0.0162568
32 0.4398128 0.4389653 0.4825430 0.4812020
33 0.5132692 0.2097440 0.0107497 0.0140893
3 0.3060385 0.2942795 0.0262771 0.0162568
12 0.3729256 0.2942795 0.0262771 0.0162568
31 0.4398128 0.2942795 0.0262771 0.0162568
1 0.6404742 0.2942795 0.0262771 0.0162568
9 0.4398128 0.3528041 0.0262771 0.0162568
34 0.5066999 0.3533459 0.0621095 0.0585246
30 0.5066999 0.3528041 0.0262771 0.0162568
7 0.6404742 0.3528041 0.0262771 0.0162568
25 0.5066999 0.4113286 0.0262771 0.0162568
21 0.2391513 0.4698532 0.0262771 0.0162568
13 0.3060385 0.5283778 0.0262771 0.0162568
4 0.3729256 0.5283778 0.0262771 0.0162568
8 0.4398128 0.5283778 0.0262771 0.0162568
30 0.5066999 0.5283778 0.0262771 0.0162568
27 0.6404742 0.5283778 0.0262771 0.0162568
30 0.5735871 0.4698532 0.0262771 0.0162568
13 0.4398128 0.4698532 0.0262771 0.0162568
22 0.2391513 0.4113286 0.0262771 0.0162568
17 0.5066999 0.4698532 0.0262771 0.0162568
12 0.4398128 0.4113286 0.0262771 0.0162568
14 0.5066999 0.2942795 0.0262771 0.0162568
7 0.6404742 0.4698532 0.0262771 0.0162568
14 0.5735871 0.5283778 0.0262771 0.0162568
1 0.6404742 0.4113286 0.0262771 0.0162568
13 0.3060385 0.3528041 0.0262771 0.0162568
14 0.5735871 0.2942795 0.0262771 0.0162568
11 0.2391513 0.3528041 0.0262771 0.0162568
21 0.2391513 0.5283778 0.0262771 0.0162568
7 0.3060385 0.4113286 0.0262771 0.0162568
7 0.5735871 0.3528041 0.0262771 0.0162568
4 0.5735871 0.4113286 0.0262771 0.0162568
17 0.3060385 0.4698532 0.0262771 0.0162568
25 0.3729256 0.4698532 0.0262771 0.0162568
11 0.2391513 0.2942795 0.0262771 0.0162568
