24 0.5259402 0.2562277 0.0229332 0.0173176
12 0.7716534 0.2562277 0.0229332 0.0173176
32 0.6640856 0.2729681 0.3734840 0.5056756
33 0.7929485 0.0761240 0.0131047 0.0196267
4 0.5259402 0.1823390 0.0229332 0.0173176
1 0.5750829 0.1823390 0.0229333 0.0173176
13 0.6733681 0.1823390 0.0229332 0.0173176
17 0.8207960 0.1823390 0.0229332 0.0173176
19 0.5750829 0.2562277 0.0229333 0.0173176
10 0.6733681 0.2562277 0.0229332 0.0173176
9 0.5750829 0.3301163 0.0229333 0.0173176
26 0.6242255 0.3301163 0.0229332 0.0173176
34 0.6733681 0.3301163 0.0425903 0.0450259
22 0.6733681 0.3301163 0.0229332 0.0173176
18 0.7716534 0.3301163 0.0229332 0.0173176
16 0.8207960 0.3301163 0.0229332 0.0173176
31 0.5750829 0.4034278 0.0229333 0.0161631
2 0.5750829 0.4773164 0.0229333 0.0161632
20 0.7225107 0.4773164 0.0229332 0.0161632
28 0.7716534 0.4034278 0.0229332 0.0161631
17 0.6733681 0.4034278 0.0229332 0.0161631
26 0.6242255 0.2562277 0.0229332 0.0173176
27 0.5259402 0.4773164 0.0229332 0.0161632
9 0.6242255 0.4034278 0.0229332 0.0161631
4 0.5259402 0.4034278 0.0229332 0.0161631
26 0.8207960 0.4773164 0.0229332 0.0161632
17 0.7225107 0.2562277 0.0229332 0.0173176
28 0.7225107 0.4034278 0.0229332 0.0161631
12 0.5259402 0.3301163 0.0229332 0.0173176
3 0.7225107 0.1823390 0.0229332 0.0173176
22 0.8207960 0.4034278 0.0229332 0.0161631
3 0.7225107 0.3301163 0.0229332 0.0173176
7 0.6733681 0.4773164 0.0229332 0.0161632
11 0.7716534 0.1823390 0.0229332 0.0173176
21 0.6242255 0.1823390 0.0229332 0.0173176
10 0.6242255 0.4773164 0.0229332 0.0161632
10 0.7716534 0.4773164 0.0229332 0.0161632
12 0.8207960 0.2562277 0.0229332 0.0173176
