8 0.2275226 0.4492572 0.0275452 0.0172593
14 0.5079829 0.4492572 0.0275452 0.0172593
32 0.4384938 0.3192375 0.5070821 0.5074219
33 0.5129911 0.0937167 0.0100164 0.0126568
7 0.2275226 0.2007240 0.0275452 0.0172593
8 0.2976377 0.2007240 0.0275452 0.0172593
3 0.4378678 0.2007240 0.0275452 0.0172593
34 0.2976377 0.2622820 0.0651068 0.0621333
10 0.2976377 0.2622820 0.0275452 0.0161086
4 0.3677528 0.2622820 0.0275452 0.0161086
5 0.5079829 0.2622820 0.0275452 0.0161086
22 0.6482130 0.2622820 0.0275452 0.0161086
20 0.2275226 0.3249906 0.0275452 0.0172593
9 0.3677528 0.3249906 0.0275452 0.0172593
27 0.6482130 0.3249906 0.0275452 0.0172593
17 0.2976377 0.3871239 0.0275452 0.0172593
11 0.4378678 0.3871239 0.0275452 0.0172593
18 0.5079829 0.3871239 0.0275452 0.0172593
1 0.6482130 0.3871239 0.0275452 0.0172593
3 0.3677528 0.4492572 0.0275452 0.0172593
4 0.2976377 0.4492572 0.0275452 0.0172593
9 0.5079829 0.3249906 0.0275452 0.0172593
28 0.5780979 0.2007240 0.0275452 0.0172593
13 0.5780979 0.2622820 0.0275452 0.0161086
13 0.5079829 0.2007240 0.0275452 0.0172593
4 0.2275226 0.3871239 0.0275452 0.0172593
8 0.5780979 0.3871239 0.0275452 0.0172593
15 0.6482130 0.4492572 0.0275452 0.0172593
22 0.3677528 0.3871239 0.0275452 0.0172593
26 0.4378678 0.2622820 0.0275452 0.0161086
8 0.2976377 0.3249906 0.0275452 0.0172593
6 0.5780979 0.4492572 0.0275452 0.0172593
4 0.4378678 0.4492572 0.0275452 0.0172593
6 0.5780979 0.3249906 0.0275452 0.0172593
13 0.4378678 0.3249906 0.0275452 0.0172593
6 0.2275226 0.2622820 0.0275452 0.0161086
16 0.3677528 0.2007240 0.0275452 0.0172593
26 0.6482130 0.2007240 0.0275452 0.0172593
