29 0.3509902 0.3600817 0.0235181 0.0172624
16 0.2983546 0.2075973 0.0235181 0.0161116
32 0.3560298 0.2260105 0.4233247 0.3843757
33 0.5307352 0.0804311 0.0089592 0.0149607
15 0.1925234 0.1581118 0.0246379 0.0161116
12 0.4030659 0.1581118 0.0246380 0.0161116
21 0.1925234 0.2075973 0.0246379 0.0161116
8 0.2462789 0.2075973 0.0246380 0.0161116
31 0.4557014 0.2075973 0.0246380 0.0161116
7 0.5094570 0.2075973 0.0246380 0.0161116
1 0.1925234 0.2582336 0.0246379 0.0161116
35 0.4557015 0.2582336 0.0447963 0.0460330
27 0.4557014 0.2582336 0.0246380 0.0161116
22 0.5094570 0.2582336 0.0246380 0.0161116
24 0.2462789 0.3088699 0.0246380 0.0161116
3 0.3509902 0.3088699 0.0235181 0.0161116
2 0.4030659 0.3600817 0.0246380 0.0172624
28 0.4557014 0.3600817 0.0246380 0.0172624
16 0.5094570 0.3600817 0.0246380 0.0172624
12 0.3509902 0.1581118 0.0235181 0.0161116
19 0.4030659 0.3088699 0.0246380 0.0161116
15 0.5094570 0.1581118 0.0246380 0.0161116
2 0.2462789 0.3600817 0.0246380 0.0172624
23 0.2462789 0.1581118 0.0246380 0.0161116
27 0.1925234 0.3600817 0.0246379 0.0172624
21 0.4030659 0.2075973 0.0246380 0.0161116
21 0.2983546 0.3600817 0.0235181 0.0172624
11 0.2983546 0.1581118 0.0235181 0.0161116
24 0.2462789 0.2582336 0.0246380 0.0161116
6 0.2983546 0.3088699 0.0235181 0.0161116
29 0.3509902 0.2075973 0.0235181 0.0161116
21 0.1925234 0.3088699 0.0246379 0.0161116
31 0.4557014 0.1581118 0.0246380 0.0161116
23 0.4557014 0.3088699 0.0246380 0.0161116
10 0.3509902 0.2582336 0.0235181 0.0161116
31 0.5094570 0.3088699 0.0246380 0.0161116
15 0.2983546 0.2582336 0.0235181 0.0161116
11 0.4030659 0.2582336 0.0246380 0.0161116
