23 0.1431193 0.3509534 0.0249257 0.0160103
4 0.1958031 0.5527971 0.0237927 0.0171538
32 0.2513195 0.3904072 0.4226040 0.4288464
33 0.4308979 0.2234431 0.0090639 0.0125795
27 0.1431193 0.3017790 0.0249257 0.0160102
22 0.1958031 0.3017790 0.0237927 0.0160102
35 0.2490535 0.3017790 0.0441865 0.0457436
3 0.2490535 0.3017790 0.0237927 0.0160102
24 0.3017374 0.3017790 0.0249257 0.0160102
6 0.3549878 0.3017790 0.0249257 0.0160102
12 0.4093711 0.3017790 0.0249257 0.0160102
13 0.2490535 0.3509534 0.0237927 0.0160103
5 0.3549878 0.3509534 0.0249257 0.0160103
8 0.4093711 0.3509534 0.0249257 0.0160103
11 0.1431193 0.4012714 0.0249257 0.0160103
16 0.1958031 0.4012714 0.0237927 0.0160103
14 0.3549878 0.4012714 0.0249257 0.0160103
2 0.4093711 0.4012714 0.0249257 0.0160103
23 0.1431193 0.4515893 0.0249257 0.0160103
3 0.2490535 0.4515893 0.0237927 0.0160103
4 0.3549878 0.4515893 0.0249257 0.0160103
28 0.2490535 0.5024791 0.0237927 0.0171539
26 0.3549878 0.5024791 0.0249257 0.0171539
25 0.4093711 0.5024791 0.0249257 0.0171539
18 0.1431193 0.5527971 0.0249257 0.0171538
29 0.2490535 0.5527971 0.0237927 0.0171538
22 0.4093711 0.4515893 0.0249257 0.0160103
2 0.2490535 0.4012714 0.0237927 0.0160103
9 0.1958031 0.4515893 0.0237927 0.0160103
26 0.3017374 0.4515893 0.0249257 0.0160103
8 0.0887359 0.5527971 0.0249257 0.0171538
8 0.3017374 0.3509534 0.0249257 0.0160103
7 0.1958031 0.5024791 0.0237927 0.0171539
24 0.0887359 0.4012714 0.0249257 0.0160103
1 0.3549878 0.5527971 0.0249257 0.0171538
21 0.4093711 0.5527971 0.0249257 0.0171538
22 0.0887359 0.3017790 0.0249257 0.0160102
27 0.1431193 0.5024791 0.0249257 0.0171539
12 0.1958031 0.3509534 0.0237927 0.0160103
20 0.3017374 0.4012714 0.0249257 0.0160103
22 0.3017374 0.5527971 0.0249257 0.0171538
21 0.0887359 0.5024791 0.0249257 0.0171539
26 0.0887359 0.4515893 0.0249257 0.0160103
21 0.3017374 0.5024791 0.0249257 0.0171539
9 0.0887359 0.3509534 0.0249257 0.0160103
