1 0.4347784 0.4896474 0.0273634 0.0171514
6 0.4347784 0.2426675 0.0273634 0.0171514
32 0.4341565 0.3798785 0.4987605 0.4973900
33 0.5112716 0.1437613 0.0111941 0.0137211
12 0.6437354 0.2426675 0.0273634 0.0171514
26 0.2258214 0.3044125 0.0273634 0.0171514
9 0.2954737 0.3044125 0.0273634 0.0171514
8 0.6437354 0.3044125 0.0273634 0.0171514
19 0.2258214 0.3661574 0.0273634 0.0171514
17 0.5044308 0.3661574 0.0273634 0.0171514
18 0.5740831 0.3661574 0.0273634 0.0171514
34 0.6437354 0.3667292 0.0646772 0.0617450
25 0.6437354 0.3661574 0.0273634 0.0171514
6 0.2258214 0.4279024 0.0273634 0.0171514
3 0.3651261 0.4279024 0.0273634 0.0171514
31 0.5044308 0.4279024 0.0273634 0.0171514
25 0.5740831 0.4279024 0.0273634 0.0171514
5 0.6437354 0.4279024 0.0273634 0.0171514
28 0.2258214 0.4896474 0.0273634 0.0171514
5 0.2954737 0.4279024 0.0273634 0.0171514
2 0.3651261 0.4896474 0.0273634 0.0171514
25 0.5044308 0.3044125 0.0273634 0.0171514
27 0.4347784 0.3661574 0.0273634 0.0171514
27 0.5044308 0.4896474 0.0273634 0.0171514
24 0.2954737 0.3661574 0.0273634 0.0171514
31 0.5740831 0.3044125 0.0273634 0.0171514
21 0.5740831 0.4896474 0.0273634 0.0171514
3 0.5740831 0.2426675 0.0273634 0.0171514
2 0.3651261 0.2426675 0.0273634 0.0171514
7 0.3651261 0.3044125 0.0273634 0.0171514
16 0.2954737 0.4896474 0.0273634 0.0171514
13 0.2954737 0.2426675 0.0273634 0.0171514
17 0.3651261 0.3661574 0.0273634 0.0171514
28 0.4347784 0.4279024 0.0273634 0.0171514
24 0.6437354 0.4896474 0.0273634 0.0171514
24 0.4347784 0.3044125 0.0273634 0.0171514
3 0.5044308 0.2426675 0.0273634 0.0171514
4 0.2258214 0.2426675 0.0273634 0.0171514
