25 0.2656094 0.2672984 0.0272568 0.0167792
28 0.5431331 0.3277035 0.0272568 0.0167792
32 0.4731327 0.3623805 0.4968169 0.4955453
33 0.5493278 0.1285905 0.0123895 0.0145420
34 0.3349903 0.2678578 0.0644252 0.0604051
17 0.3349903 0.2672984 0.0272568 0.0167792
21 0.4043713 0.2672984 0.0272568 0.0167792
7 0.4737521 0.2672984 0.0272568 0.0167792
10 0.6125140 0.2672984 0.0272569 0.0167792
30 0.2656094 0.3277035 0.0272568 0.0167792
9 0.3349903 0.3277035 0.0272568 0.0167792
6 0.2656094 0.3881086 0.0272568 0.0167792
19 0.3349903 0.3881086 0.0272568 0.0167792
31 0.5431331 0.3881086 0.0272568 0.0167792
22 0.6818949 0.3881086 0.0272568 0.0167792
5 0.3349903 0.4485137 0.0272568 0.0167792
3 0.4737521 0.4485137 0.0272568 0.0167792
4 0.5431331 0.4485137 0.0272568 0.0167792
1 0.6125140 0.4485137 0.0272569 0.0167792
18 0.6818949 0.4485137 0.0272568 0.0167792
20 0.2656094 0.5089188 0.0272568 0.0167792
25 0.3349903 0.5089188 0.0272568 0.0167792
8 0.4043713 0.5089188 0.0272568 0.0167792
11 0.4737521 0.5089188 0.0272568 0.0167792
27 0.6125140 0.5089188 0.0272569 0.0167792
14 0.6818949 0.5693239 0.0272568 0.0167792
12 0.4043713 0.4485137 0.0272568 0.0167792
12 0.6818949 0.3277035 0.0272568 0.0167792
10 0.6818949 0.5089188 0.0272568 0.0167792
26 0.2656094 0.4485137 0.0272568 0.0167792
20 0.4043713 0.3277035 0.0272568 0.0167792
25 0.4737521 0.3277035 0.0272568 0.0167792
2 0.5431331 0.2672984 0.0272568 0.0167792
13 0.6125140 0.3881086 0.0272569 0.0167792
24 0.6125140 0.3277035 0.0272569 0.0167792
9 0.4737521 0.5693239 0.0272568 0.0167792
2 0.4043713 0.3881086 0.0272568 0.0167792
16 0.3349903 0.5693239 0.0272568 0.0167792
9 0.5431331 0.5089188 0.0272568 0.0167792
19 0.5431331 0.5693239 0.0272568 0.0167792
31 0.6125140 0.5693239 0.0272569 0.0167792
25 0.6818949 0.2672984 0.0272568 0.0167792
30 0.4737521 0.3881086 0.0272568 0.0167792
11 0.2656094 0.5693239 0.0272568 0.0167792
29 0.4043713 0.5693239 0.0272568 0.0167792
