3 0.4726857 0.5499389 0.0283417 0.0166446
26 0.2562585 0.3701769 0.0283416 0.0166446
32 0.3998992 0.4434133 0.5165912 0.4826941
33 0.4797712 0.2142723 0.0115943 0.0133157
6 0.3284009 0.3102563 0.0283416 0.0166446
23 0.4726857 0.3102563 0.0283417 0.0166446
11 0.5448281 0.3102563 0.0283417 0.0166446
29 0.6169706 0.3102563 0.0283417 0.0166446
16 0.1841161 0.3701769 0.0283417 0.0166446
26 0.6169706 0.3701769 0.0283417 0.0166446
24 0.1841161 0.4300976 0.0283417 0.0166446
5 0.3284009 0.4300976 0.0283416 0.0166446
13 0.1841161 0.4900182 0.0283417 0.0166446
21 0.4005433 0.4900182 0.0283416 0.0166446
34 0.5448281 0.4905731 0.0669894 0.0599207
15 0.5448281 0.4900182 0.0283417 0.0166446
9 0.2562585 0.5499389 0.0283416 0.0166446
12 0.3284009 0.5499389 0.0283416 0.0166446
8 0.4005433 0.5499389 0.0283416 0.0166446
28 0.1841161 0.3102563 0.0283417 0.0166446
2 0.6169706 0.5499389 0.0283417 0.0166446
20 0.2562585 0.3102563 0.0283416 0.0166446
17 0.4005433 0.3701769 0.0283416 0.0166446
14 0.3284009 0.3701769 0.0283416 0.0166446
6 0.2562585 0.4900182 0.0283416 0.0166446
27 0.1841161 0.5499389 0.0283417 0.0166446
2 0.4726857 0.4300976 0.0283417 0.0166446
17 0.5448281 0.3701769 0.0283417 0.0166446
13 0.6169706 0.4300976 0.0283417 0.0166446
5 0.4726857 0.3701769 0.0283417 0.0166446
4 0.4005433 0.3102563 0.0283416 0.0166446
4 0.5448281 0.4300976 0.0283417 0.0166446
17 0.3284009 0.4900182 0.0283416 0.0166446
24 0.2562585 0.4300976 0.0283416 0.0166446
5 0.5448281 0.5499389 0.0283417 0.0166446
29 0.4726857 0.4900182 0.0283417 0.0166446
2 0.4005433 0.4300976 0.0283416 0.0166446
28 0.6169706 0.4900182 0.0283417 0.0166446
