14 0.3929219 0.7156331 0.0271304 0.0163154
30 0.2548037 0.4806928 0.0271304 0.0163153
32 0.3935385 0.5927246 0.4994452 0.4796699
33 0.4669138 0.3795379 0.0098656 0.0119646
31 0.3238628 0.4806928 0.0271303 0.0163153
6 0.5310400 0.4806928 0.0271303 0.0163153
13 0.1857446 0.5388840 0.0271304 0.0152276
27 0.2548037 0.5388840 0.0271304 0.0152276
19 0.4619810 0.5388840 0.0271304 0.0152276
2 0.6000991 0.5388840 0.0271304 0.0152276
20 0.3238628 0.5981630 0.0271303 0.0163154
34 0.6000991 0.5976191 0.0641263 0.0587350
27 0.6000991 0.5981630 0.0271304 0.0163154
7 0.2548037 0.6568981 0.0271304 0.0163154
23 0.3929219 0.6568981 0.0271304 0.0163154
11 0.4619810 0.6568981 0.0271304 0.0163154
3 0.5310400 0.6568981 0.0271303 0.0163154
14 0.2548037 0.7156331 0.0271304 0.0163154
15 0.5310400 0.7156331 0.0271303 0.0163154
2 0.5310400 0.5981630 0.0271303 0.0163154
27 0.1857446 0.4806928 0.0271304 0.0163153
7 0.6000991 0.4806928 0.0271304 0.0163153
9 0.3929219 0.5388840 0.0271304 0.0152276
11 0.1857446 0.6568981 0.0271304 0.0163154
26 0.1857446 0.7156331 0.0271304 0.0163154
9 0.3929219 0.5981630 0.0271304 0.0163154
14 0.4619810 0.7156331 0.0271304 0.0163154
13 0.3929219 0.4806928 0.0271304 0.0163153
20 0.6000991 0.6568981 0.0271304 0.0163154
18 0.4619810 0.4806928 0.0271304 0.0163153
28 0.3238628 0.6568981 0.0271303 0.0163154
3 0.3238628 0.5388840 0.0271303 0.0152276
20 0.3238628 0.7156331 0.0271303 0.0163154
10 0.6000991 0.7156331 0.0271304 0.0163154
3 0.4619810 0.5981630 0.0271304 0.0163154
6 0.1857446 0.5981630 0.0271304 0.0163154
20 0.5310400 0.5388840 0.0271303 0.0152276
5 0.2548037 0.5981630 0.0271304 0.0163154
