16 0.2618497 0.3491645 0.0231352 0.0162772
19 0.3610005 0.2797153 0.0231352 0.0162772
32 0.3516363 0.3648991 0.3767730 0.4752929
33 0.4816340 0.1798821 0.0132201 0.0184474
34 0.2122743 0.2797153 0.0429653 0.0423206
31 0.2122743 0.2797153 0.0231352 0.0162772
19 0.4105759 0.2797153 0.0231352 0.0162772
7 0.3610005 0.3491645 0.0231352 0.0162772
14 0.2618497 0.4186137 0.0231352 0.0162772
12 0.3610005 0.4186137 0.0231352 0.0162772
6 0.4105759 0.4186137 0.0231352 0.0162772
23 0.2122743 0.4875203 0.0231352 0.0151920
4 0.3610005 0.4875203 0.0231352 0.0151920
8 0.4601513 0.4875203 0.0231352 0.0151920
29 0.5097267 0.4875203 0.0231352 0.0151920
10 0.3114252 0.5569695 0.0231352 0.0151920
25 0.3610005 0.5569695 0.0231352 0.0151920
16 0.4105759 0.5569695 0.0231352 0.0151920
21 0.2122743 0.3491645 0.0231352 0.0162772
9 0.4601513 0.4186137 0.0231352 0.0162772
2 0.2618497 0.4875203 0.0231352 0.0151920
9 0.4601513 0.2797153 0.0231352 0.0162772
9 0.5097267 0.4186137 0.0231352 0.0162772
2 0.3114252 0.4875203 0.0231352 0.0151920
15 0.4601513 0.5569695 0.0231352 0.0151920
8 0.3114252 0.3491645 0.0231352 0.0162772
28 0.2618497 0.5569695 0.0231352 0.0151920
26 0.3114252 0.4186137 0.0231352 0.0162772
30 0.2618497 0.2797153 0.0231352 0.0162772
31 0.5097267 0.5569695 0.0231352 0.0151920
26 0.4105759 0.3491645 0.0231352 0.0162772
25 0.3114252 0.2797153 0.0231352 0.0162772
22 0.5097267 0.2797153 0.0231352 0.0162772
28 0.5097267 0.3491645 0.0231352 0.0162772
17 0.4601513 0.3491645 0.0231352 0.0162772
7 0.2122743 0.4186137 0.0231352 0.0162772
25 0.4105759 0.4875203 0.0231352 0.0151920
14 0.2122743 0.5569695 0.0231352 0.0151920
