4 0.5345740 0.2867375 0.0268011 0.0148816
7 0.1934689 0.4020699 0.0268011 0.0159446
32 0.3987411 0.3393546 0.4933842 0.4687705
33 0.4712259 0.1310121 0.0097459 0.0116927
15 0.2616899 0.2298685 0.0268011 0.0159446
7 0.3299110 0.2298685 0.0268011 0.0159446
24 0.3981320 0.2298685 0.0268011 0.0159446
10 0.5345740 0.2298685 0.0268011 0.0159446
23 0.1934689 0.2867375 0.0268011 0.0148816
20 0.4663530 0.2867375 0.0268011 0.0148816
4 0.3981320 0.3446695 0.0268011 0.0159446
1 0.5345740 0.3446695 0.0268011 0.0159446
16 0.6027950 0.3446695 0.0268011 0.0159446
2 0.2616899 0.4020699 0.0268011 0.0159446
19 0.3981320 0.4020699 0.0268011 0.0159446
3 0.6027950 0.4020699 0.0268011 0.0159446
31 0.2616899 0.4594704 0.0268011 0.0159446
34 0.3981320 0.4589389 0.0633481 0.0574004
10 0.3981320 0.4594704 0.0268011 0.0159446
6 0.4663530 0.4594704 0.0268011 0.0159446
18 0.6027950 0.4594704 0.0268011 0.0159446
30 0.1934689 0.5163394 0.0268011 0.0148816
26 0.3299110 0.5163394 0.0268011 0.0148816
13 0.3981320 0.5163394 0.0268011 0.0148816
22 0.4663530 0.5163394 0.0268011 0.0148816
16 0.3299110 0.3446695 0.0268011 0.0159446
22 0.2616899 0.3446695 0.0268011 0.0159446
14 0.3299110 0.4594704 0.0268011 0.0159446
26 0.6027950 0.2298685 0.0268011 0.0159446
1 0.3299110 0.2867375 0.0268011 0.0148816
26 0.5345740 0.4020699 0.0268011 0.0159446
1 0.2616899 0.5163394 0.0268011 0.0148816
17 0.1934689 0.4594704 0.0268011 0.0159446
6 0.1934689 0.2298685 0.0268011 0.0159446
30 0.3981320 0.2867375 0.0268011 0.0148816
5 0.4663530 0.2298685 0.0268011 0.0159446
26 0.6027950 0.2867375 0.0268011 0.0148816
1 0.1934689 0.3446695 0.0268011 0.0159446
6 0.6027950 0.5163394 0.0268011 0.0148816
1 0.3299110 0.4020699 0.0268011 0.0159446
16 0.5345740 0.4594704 0.0268011 0.0159446
10 0.2616899 0.2867375 0.0268011 0.0148816
18 0.4663530 0.3446695 0.0268011 0.0159446
3 0.5345740 0.5163394 0.0268011 0.0148816
21 0.4663530 0.4020699 0.0268011 0.0159446
