12 0.4951396 0.3753623 0.0244805 0.0158504
12 0.4951396 0.4251778 0.0244805 0.0158504
32 0.4974710 0.3646067 0.4348189 0.4245635
33 0.6822400 0.1993100 0.0093258 0.0124539
19 0.3861434 0.2768636 0.0256462 0.0158504
12 0.4951396 0.2768636 0.0244805 0.0158504
25 0.5493462 0.2768636 0.0256462 0.0158504
18 0.3301882 0.3255469 0.0256462 0.0158504
23 0.3861434 0.3255469 0.0256462 0.0158504
8 0.5493462 0.3255469 0.0256462 0.0158504
24 0.6041357 0.3255469 0.0256462 0.0158504
13 0.6600910 0.3255469 0.0256462 0.0158504
30 0.3301882 0.3753623 0.0256462 0.0158504
27 0.4403501 0.3753623 0.0244804 0.0158504
4 0.4403501 0.4251778 0.0244804 0.0158504
17 0.6600910 0.4251778 0.0256462 0.0158504
6 0.3861434 0.4755593 0.0256462 0.0169825
20 0.4403501 0.4755593 0.0244804 0.0169825
11 0.5493462 0.4755593 0.0256462 0.0169825
35 0.6600910 0.4755594 0.0466294 0.0441546
12 0.6600910 0.4755593 0.0256462 0.0169825
22 0.3301882 0.5253748 0.0256462 0.0169826
31 0.3861434 0.5253748 0.0256462 0.0169826
28 0.4403501 0.5253748 0.0244804 0.0169826
15 0.6600910 0.5253748 0.0256462 0.0169826
12 0.6041357 0.4755593 0.0256462 0.0169825
24 0.4403501 0.2768636 0.0244804 0.0158504
20 0.4403501 0.3255469 0.0244804 0.0158504
17 0.4951396 0.4755593 0.0244805 0.0169825
30 0.3861434 0.4251778 0.0256462 0.0158504
9 0.6041357 0.2768636 0.0256462 0.0158504
4 0.3861434 0.3753623 0.0256462 0.0158504
7 0.6041357 0.4251778 0.0256462 0.0158504
4 0.6600910 0.3753623 0.0256462 0.0158504
17 0.6041357 0.5253748 0.0256462 0.0169826
15 0.6041357 0.3753623 0.0256462 0.0158504
5 0.5493462 0.4251778 0.0256462 0.0158504
23 0.3301882 0.4251778 0.0256462 0.0158504
25 0.3301882 0.2768636 0.0256462 0.0158504
23 0.6600910 0.2768636 0.0256462 0.0158504
7 0.5493462 0.3753623 0.0256462 0.0158504
4 0.5493462 0.5253748 0.0256462 0.0169826
31 0.3301882 0.4755593 0.0256462 0.0169825
4 0.4951396 0.5253748 0.0244805 0.0169826
16 0.4951396 0.3255469 0.0244805 0.0158504
