13 0.6121988 0.2509527 0.0266859 0.0159453
19 0.3404873 0.4231620 0.0266859 0.0159453
32 0.4084151 0.3354628 0.4900511 0.4719810
33 0.4830145 0.1106340 0.0109170 0.0138192
15 0.4763430 0.1935496 0.0266859 0.0159453
8 0.3404873 0.2509527 0.0266859 0.0159453
3 0.2046315 0.3083558 0.0266860 0.0159453
7 0.4084151 0.3083558 0.0266859 0.0159453
4 0.5442709 0.3083558 0.0266860 0.0159453
13 0.6121988 0.3083558 0.0266859 0.0159453
30 0.2725594 0.3657589 0.0266860 0.0159453
12 0.5442709 0.3657589 0.0266860 0.0159453
34 0.2046315 0.4236935 0.0630759 0.0574031
30 0.2046315 0.4231620 0.0266860 0.0159453
17 0.2725594 0.4231620 0.0266860 0.0159453
27 0.4084151 0.4231620 0.0266859 0.0159453
29 0.4763430 0.4231620 0.0266859 0.0159453
24 0.6121988 0.4231620 0.0266859 0.0159453
18 0.5442709 0.2509527 0.0266860 0.0159453
14 0.4084151 0.2509527 0.0266859 0.0159453
23 0.3404873 0.3083558 0.0266859 0.0159453
29 0.2046315 0.3657589 0.0266860 0.0159453
24 0.5442709 0.4231620 0.0266860 0.0159453
11 0.2725594 0.3083558 0.0266860 0.0159453
20 0.3404873 0.3657589 0.0266859 0.0159453
22 0.4084151 0.3657589 0.0266859 0.0159453
26 0.6121988 0.1935496 0.0266859 0.0159453
18 0.2046315 0.2509527 0.0266860 0.0159453
13 0.4763430 0.3657589 0.0266859 0.0159453
13 0.2046315 0.1935496 0.0266860 0.0159453
15 0.2725594 0.2509527 0.0266860 0.0159453
31 0.4084151 0.1935496 0.0266859 0.0159453
18 0.5442709 0.1935496 0.0266860 0.0159453
21 0.6121988 0.3657589 0.0266859 0.0159453
2 0.3404873 0.1935496 0.0266859 0.0159453
10 0.2725594 0.1935496 0.0266860 0.0159453
12 0.4763430 0.2509527 0.0266859 0.0159453
25 0.4763430 0.3083558 0.0266859 0.0159453
