10 0.4129257 0.5957076 0.0236673 0.0152570
19 0.4636414 0.4567607 0.0236673 0.0163467
32 0.5554932 0.4028166 0.3854393 0.4773236
33 0.6884810 0.2170091 0.0135242 0.0185262
15 0.4129257 0.3172689 0.0236673 0.0163467
2 0.5143571 0.3172689 0.0236673 0.0163467
18 0.5650728 0.3172689 0.0236673 0.0163467
12 0.6665042 0.3172689 0.0236673 0.0163467
1 0.7172199 0.3172689 0.0236673 0.0163467
16 0.5650728 0.3870148 0.0236673 0.0163467
17 0.6157885 0.3870148 0.0236674 0.0163467
26 0.5143571 0.4567607 0.0236673 0.0163467
23 0.6665042 0.4567607 0.0236673 0.0163467
20 0.6157885 0.5259617 0.0236674 0.0152569
34 0.7172199 0.5265066 0.0439537 0.0425014
29 0.7172199 0.5259617 0.0236673 0.0152569
7 0.6157885 0.5957076 0.0236674 0.0152570
29 0.7172199 0.5957076 0.0236673 0.0152570
4 0.5650728 0.5259617 0.0236673 0.0152569
5 0.5143571 0.5957076 0.0236673 0.0152570
12 0.6665042 0.5957076 0.0236673 0.0152570
10 0.4129257 0.3870148 0.0236673 0.0163467
3 0.4636414 0.3172689 0.0236673 0.0163467
6 0.5650728 0.4567607 0.0236673 0.0163467
24 0.7172199 0.4567607 0.0236673 0.0163467
25 0.4636414 0.3870148 0.0236673 0.0163467
31 0.5650728 0.5957076 0.0236673 0.0152570
22 0.4636414 0.5259617 0.0236673 0.0152569
23 0.6665042 0.5259617 0.0236673 0.0152569
30 0.5143571 0.5259617 0.0236673 0.0152569
23 0.4636414 0.5957076 0.0236673 0.0152570
9 0.4129257 0.4567607 0.0236673 0.0163467
29 0.4129257 0.5259617 0.0236673 0.0152569
13 0.6665042 0.3870148 0.0236673 0.0163467
3 0.6157885 0.3172689 0.0236674 0.0163467
21 0.5143571 0.3870148 0.0236673 0.0163467
2 0.7172199 0.3870148 0.0236673 0.0163467
3 0.6157885 0.4567607 0.0236674 0.0163467
