22 0.7166166 0.3308430 0.0243560 0.0152431
6 0.5078506 0.2617051 0.0243560 0.0163318
32 0.6023752 0.2236828 0.3966554 0.4451433
33 0.7392329 0.0221720 0.0139178 0.0185094
23 0.4556591 0.1223404 0.0243560 0.0163318
13 0.5600421 0.1223404 0.0243560 0.0163318
20 0.6644251 0.1223404 0.0243560 0.0163318
24 0.7166166 0.1223404 0.0243560 0.0163318
31 0.6644251 0.1920227 0.0243560 0.0163318
34 0.7688081 0.1920227 0.0452326 0.0424627
14 0.7688081 0.1920227 0.0243561 0.0163318
1 0.4556591 0.2617051 0.0243560 0.0163318
11 0.4556591 0.3308430 0.0243560 0.0152431
30 0.6122336 0.3308430 0.0243560 0.0152431
12 0.6644251 0.3308430 0.0243560 0.0152431
27 0.4556591 0.4005254 0.0243560 0.0152431
22 0.5078506 0.4005254 0.0243560 0.0152431
28 0.7166166 0.4005254 0.0243560 0.0152431
26 0.5078506 0.1223404 0.0243560 0.0163318
4 0.7166166 0.1920227 0.0243560 0.0163318
19 0.7688081 0.1223404 0.0243561 0.0163318
24 0.6122336 0.1223404 0.0243560 0.0163318
24 0.5078506 0.1920227 0.0243560 0.0163318
19 0.6644251 0.4005254 0.0243560 0.0152431
26 0.6122336 0.1920227 0.0243560 0.0163318
30 0.5078506 0.3308430 0.0243560 0.0152431
9 0.6122336 0.4005254 0.0243560 0.0152431
19 0.7688081 0.3308430 0.0243561 0.0152431
4 0.6122336 0.2617051 0.0243560 0.0163318
23 0.5600421 0.1920227 0.0243560 0.0163318
10 0.4556591 0.1920227 0.0243560 0.0163318
13 0.5600421 0.4005254 0.0243560 0.0152431
2 0.7688081 0.4005254 0.0243561 0.0152431
14 0.5600421 0.2617051 0.0243560 0.0163318
11 0.6644251 0.2617051 0.0243560 0.0163318
5 0.7688081 0.2617051 0.0243561 0.0163318
4 0.7166166 0.2617051 0.0243560 0.0163318
30 0.5600421 0.3308430 0.0243560 0.0152431
