30 0.5438435 0.4855887 0.0234685 0.0161641
7 0.5438435 0.3428057 0.0234685 0.0150865
32 0.4963733 0.3799832 0.3978969 0.4041025
33 0.6654527 0.2226526 0.0085340 0.0118537
3 0.3944988 0.2964686 0.0234685 0.0150865
28 0.4441026 0.2964686 0.0224017 0.0150865
21 0.4942398 0.2964686 0.0224017 0.0150865
12 0.5939807 0.2964686 0.0234684 0.0150865
27 0.6451846 0.2964686 0.0234684 0.0150865
4 0.3944988 0.3428057 0.0234685 0.0150865
14 0.6451846 0.3428057 0.0234684 0.0150865
2 0.3432949 0.3902204 0.0234685 0.0150865
5 0.3944988 0.3902204 0.0234685 0.0150865
11 0.5438435 0.4376351 0.0234685 0.0150865
23 0.5939807 0.4376351 0.0234684 0.0150865
25 0.6451846 0.4376351 0.0234684 0.0150865
20 0.3432949 0.4855887 0.0234685 0.0161641
35 0.3944988 0.4855887 0.0426699 0.0420267
13 0.3944988 0.4855887 0.0234685 0.0161641
1 0.4942398 0.4855887 0.0224017 0.0161641
22 0.5939807 0.4855887 0.0234684 0.0161641
24 0.3432949 0.5330033 0.0234685 0.0161641
7 0.4942398 0.5330033 0.0224017 0.0161641
15 0.5939807 0.5330033 0.0234684 0.0161641
26 0.6451846 0.5330033 0.0234684 0.0161641
17 0.4441026 0.5330033 0.0224017 0.0161641
4 0.5438435 0.2964686 0.0234685 0.0150865
14 0.4942398 0.3428057 0.0224017 0.0150865
11 0.5438435 0.5330033 0.0234685 0.0161641
5 0.4441026 0.4855887 0.0224017 0.0161641
9 0.4942398 0.4376351 0.0224017 0.0150865
25 0.4441026 0.3428057 0.0224017 0.0150865
27 0.4441026 0.4376351 0.0224017 0.0150865
15 0.6451846 0.4855887 0.0234684 0.0161641
25 0.3432949 0.4376351 0.0234685 0.0150865
5 0.3432949 0.3428057 0.0234685 0.0150865
5 0.5939807 0.3428057 0.0234684 0.0150865
23 0.4942398 0.3902204 0.0224017 0.0150865
28 0.3944988 0.5330033 0.0234685 0.0161641
24 0.5438435 0.3902204 0.0234685 0.0150865
16 0.3432949 0.2964686 0.0234685 0.0150865
22 0.5939807 0.3902204 0.0234684 0.0150865
12 0.3944988 0.4376351 0.0234685 0.0150865
24 0.6451846 0.3902204 0.0234684 0.0150865
9 0.4441026 0.3902204 0.0224017 0.0150865
