22 0.4711804 0.4106090 0.0247787 0.0151588
8 0.7899239 0.3164082 0.0247786 0.0151587
32 0.6356205 0.3802915 0.4257423 0.3616444
33 0.8113236 0.2433214 0.0090104 0.0140760
30 0.6829252 0.3164082 0.0247786 0.0151587
4 0.5252429 0.3629672 0.0247786 0.0151587
6 0.5776160 0.3629672 0.0236524 0.0151587
21 0.7358614 0.3629672 0.0247786 0.0151587
9 0.5252429 0.4106090 0.0247786 0.0151588
8 0.6305522 0.4106090 0.0236523 0.0151588
25 0.6829252 0.4106090 0.0247786 0.0151588
31 0.7358614 0.4106090 0.0247786 0.0151588
2 0.4711804 0.4582508 0.0247787 0.0151588
15 0.5252429 0.4582508 0.0247786 0.0151588
20 0.5776160 0.4582508 0.0236524 0.0151588
27 0.7358614 0.4582508 0.0247786 0.0151588
35 0.7358614 0.5064339 0.0450521 0.0422279
4 0.7358614 0.5064339 0.0247786 0.0162415
10 0.6829252 0.3629672 0.0247786 0.0151587
27 0.6829252 0.4582508 0.0247786 0.0151588
18 0.6305522 0.3629672 0.0236523 0.0151587
28 0.6305522 0.4582508 0.0236523 0.0151588
15 0.7899239 0.5064339 0.0247786 0.0162415
3 0.4711804 0.5064339 0.0247787 0.0162415
15 0.7899239 0.4582508 0.0247786 0.0151588
25 0.4711804 0.3629672 0.0247787 0.0151587
7 0.5776160 0.4106090 0.0236524 0.0151588
14 0.5252429 0.5064339 0.0247786 0.0162415
8 0.6305522 0.3164082 0.0236523 0.0151587
8 0.4711804 0.3164082 0.0247787 0.0151587
13 0.5776160 0.5064339 0.0236524 0.0162415
13 0.6305522 0.5064339 0.0236523 0.0162415
16 0.6829252 0.5064339 0.0247786 0.0162415
28 0.7899239 0.4106090 0.0247786 0.0151588
15 0.7899239 0.3629672 0.0247786 0.0151587
25 0.5252429 0.3164082 0.0247786 0.0151587
26 0.7358614 0.3164082 0.0247786 0.0151587
9 0.5776160 0.3164082 0.0236524 0.0151587
