28 0.3445174 0.5025334 0.0277365 0.0164068
1 0.5563234 0.4434690 0.0277365 0.0164068
32 0.4144890 0.4773763 0.5055605 0.4845466
33 0.4920251 0.2487753 0.0126075 0.0142192
34 0.2739155 0.3849515 0.0655590 0.0590644
20 0.2739155 0.3844046 0.0277365 0.0164068
12 0.3445174 0.3844046 0.0277365 0.0164068
22 0.4857214 0.3844046 0.0277365 0.0164068
29 0.5563234 0.3844046 0.0277365 0.0164068
7 0.4151194 0.4434690 0.0277365 0.0164068
5 0.2033135 0.5025334 0.0277365 0.0164068
23 0.2739155 0.5025334 0.0277365 0.0164068
27 0.5563234 0.5025334 0.0277365 0.0164068
14 0.6269254 0.5025334 0.0277365 0.0164068
25 0.2739155 0.5615977 0.0277365 0.0164067
24 0.3445174 0.5615977 0.0277365 0.0164067
15 0.4151194 0.5615977 0.0277365 0.0164067
13 0.4857214 0.5615977 0.0277365 0.0164067
30 0.6269254 0.5615977 0.0277365 0.0164067
4 0.4857214 0.6206621 0.0277365 0.0164068
16 0.5563234 0.6206621 0.0277365 0.0164068
3 0.6269254 0.6206621 0.0277365 0.0164068
9 0.2739155 0.6797264 0.0277365 0.0164067
28 0.3445174 0.6797264 0.0277365 0.0164067
19 0.6269254 0.6797264 0.0277365 0.0164067
23 0.4151194 0.3844046 0.0277365 0.0164068
12 0.2033135 0.3844046 0.0277365 0.0164068
4 0.4857214 0.5025334 0.0277365 0.0164068
8 0.5563234 0.5615977 0.0277365 0.0164067
3 0.3445174 0.4434690 0.0277365 0.0164068
5 0.2033135 0.6206621 0.0277365 0.0164068
16 0.4151194 0.6797264 0.0277365 0.0164067
6 0.2739155 0.4434690 0.0277365 0.0164068
24 0.2033135 0.6797264 0.0277365 0.0164067
18 0.5563234 0.6797264 0.0277365 0.0164067
15 0.3445174 0.6206621 0.0277365 0.0164068
18 0.6269254 0.4434690 0.0277365 0.0164068
8 0.2739155 0.6206621 0.0277365 0.0164068
10 0.4151194 0.5025334 0.0277365 0.0164068
11 0.4857214 0.4434690 0.0277365 0.0164068
2 0.6269254 0.3844046 0.0277365 0.0164068
21 0.4857214 0.6797264 0.0277365 0.0164067
2 0.2033135 0.4434690 0.0277365 0.0164068
28 0.2033135 0.5615977 0.0277365 0.0164067
24 0.4151194 0.6206621 0.0277365 0.0164068
