24 0.5227463 0.6675195 0.0283447 0.0167887
25 0.3784459 0.6675195 0.0283447 0.0167887
32 0.3056514 0.5208983 0.5166472 0.4958258
33 0.3848878 0.2869760 0.0128840 0.0145502
19 0.1619952 0.4257624 0.0283447 0.0167887
10 0.3784459 0.4257624 0.0283447 0.0167887
8 0.4505961 0.4257624 0.0283447 0.0167887
17 0.5227463 0.4257624 0.0283447 0.0167887
34 0.2341454 0.4867613 0.0669967 0.0604393
25 0.2341454 0.4862017 0.0283447 0.0167887
27 0.3062956 0.4862017 0.0283447 0.0167887
31 0.3784459 0.4862017 0.0283447 0.0167887
29 0.4505961 0.4862017 0.0283447 0.0167887
26 0.0898449 0.5466410 0.0283447 0.0167887
4 0.2341454 0.5466410 0.0283447 0.0167887
18 0.3062956 0.5466410 0.0283447 0.0167887
30 0.5227463 0.5466410 0.0283447 0.0167887
3 0.3784459 0.6070802 0.0283447 0.0167887
24 0.0898449 0.6675195 0.0283447 0.0167887
7 0.2341454 0.6675195 0.0283447 0.0167887
23 0.3062956 0.6675195 0.0283447 0.0167887
9 0.4505961 0.6675195 0.0283447 0.0167887
20 0.1619952 0.7279588 0.0283447 0.0167886
2 0.3062956 0.7279588 0.0283447 0.0167886
15 0.5227463 0.7279588 0.0283447 0.0167886
12 0.1619952 0.4862017 0.0283447 0.0167887
14 0.2341454 0.6070802 0.0283447 0.0167887
25 0.3784459 0.5466410 0.0283447 0.0167887
15 0.2341454 0.4257624 0.0283447 0.0167887
23 0.0898449 0.4862017 0.0283447 0.0167887
22 0.0898449 0.4257624 0.0283447 0.0167887
17 0.3784459 0.7279588 0.0283447 0.0167886
10 0.1619952 0.5466410 0.0283447 0.0167887
15 0.4505961 0.5466410 0.0283447 0.0167887
13 0.4505961 0.7279588 0.0283447 0.0167886
3 0.3062956 0.4257624 0.0283447 0.0167887
19 0.5227463 0.6070802 0.0283447 0.0167887
28 0.4505961 0.6070802 0.0283447 0.0167887
13 0.5227463 0.4862017 0.0283447 0.0167887
31 0.1619952 0.6675195 0.0283447 0.0167887
17 0.3062956 0.6070802 0.0283447 0.0167887
2 0.2341454 0.7279588 0.0283447 0.0167886
7 0.1619952 0.6070802 0.0283447 0.0167887
7 0.0898449 0.7279588 0.0283447 0.0167886
20 0.0898449 0.6070802 0.0283447 0.0167887
