3 0.3130191 0.4224644 0.0266674 0.0160002
21 0.5845415 0.7104677 0.0266674 0.0160002
32 0.3808997 0.5648660 0.4897101 0.4736053
33 0.4554472 0.3392635 0.0109094 0.0138668
23 0.2451385 0.4224644 0.0266674 0.0160002
9 0.4487803 0.4224644 0.0266674 0.0160002
17 0.5166609 0.4224644 0.0266674 0.0160002
8 0.2451385 0.4800651 0.0266674 0.0160002
31 0.5166609 0.4800651 0.0266674 0.0160002
25 0.2451385 0.5376657 0.0266674 0.0160002
7 0.3130191 0.5376657 0.0266674 0.0160002
22 0.3808997 0.5376657 0.0266674 0.0160002
20 0.4487803 0.5376657 0.0266674 0.0160002
13 0.2451385 0.5952664 0.0266674 0.0160002
34 0.3808997 0.5957997 0.0630320 0.0576006
7 0.3808997 0.5952664 0.0266674 0.0160002
1 0.4487803 0.5952664 0.0266674 0.0160002
3 0.2451385 0.6528670 0.0266674 0.0160002
4 0.3130191 0.6528670 0.0266674 0.0160002
19 0.3808997 0.6528670 0.0266674 0.0160002
21 0.5166609 0.6528670 0.0266674 0.0160002
27 0.1772578 0.7104677 0.0266674 0.0160002
11 0.2451385 0.7104677 0.0266674 0.0160002
18 0.4487803 0.7104677 0.0266674 0.0160002
14 0.5166609 0.7104677 0.0266674 0.0160002
1 0.3808997 0.4224644 0.0266674 0.0160002
16 0.1772578 0.4800651 0.0266674 0.0160002
22 0.3130191 0.5952664 0.0266674 0.0160002
23 0.5845415 0.5376657 0.0266674 0.0160002
22 0.1772578 0.6528670 0.0266674 0.0160002
13 0.5845415 0.4224644 0.0266674 0.0160002
29 0.5845415 0.6528670 0.0266674 0.0160002
18 0.1772578 0.5952664 0.0266674 0.0160002
9 0.4487803 0.6528670 0.0266674 0.0160002
23 0.1772578 0.4224644 0.0266674 0.0160002
6 0.4487803 0.4800651 0.0266674 0.0160002
24 0.1772578 0.5376657 0.0266674 0.0160002
8 0.3130191 0.7104677 0.0266674 0.0160002
28 0.3130191 0.4800651 0.0266674 0.0160002
6 0.5845415 0.5952664 0.0266674 0.0160002
31 0.5166609 0.5952664 0.0266674 0.0160002
26 0.3808997 0.4800651 0.0266674 0.0160002
29 0.5166609 0.5376657 0.0266674 0.0160002
22 0.5845415 0.4800651 0.0266674 0.0160002
15 0.3808997 0.7104677 0.0266674 0.0160002
