5 0.4155500 0.4162028 0.0277549 0.0149809
31 0.8394436 0.3589544 0.0277550 0.0160510
32 0.6281275 0.4691709 0.5109431 0.4718978
33 0.7031921 0.2594385 0.0100926 0.0117707
18 0.5568478 0.3589544 0.0277550 0.0160510
8 0.6274968 0.3589544 0.0277549 0.0160510
6 0.5568478 0.4162028 0.0277550 0.0149809
5 0.6981457 0.4162028 0.0277550 0.0149809
29 0.7687946 0.4162028 0.0277550 0.0149809
17 0.8394436 0.4162028 0.0277550 0.0149809
20 0.5568478 0.4745212 0.0277550 0.0160510
2 0.6981457 0.4745212 0.0277550 0.0160510
4 0.7687946 0.4745212 0.0277550 0.0160510
22 0.4861989 0.5323046 0.0277549 0.0160510
19 0.6981457 0.5323046 0.0277550 0.0160510
34 0.6981457 0.5895530 0.0656026 0.0577834
8 0.6981457 0.5900880 0.0277550 0.0160510
16 0.8394436 0.5900880 0.0277550 0.0160510
16 0.7687946 0.5900880 0.0277550 0.0160510
18 0.4155500 0.3589544 0.0277549 0.0160510
30 0.8394436 0.4745212 0.0277550 0.0160510
31 0.8394436 0.5323046 0.0277550 0.0160510
24 0.4155500 0.5323046 0.0277549 0.0160510
31 0.7687946 0.3589544 0.0277550 0.0160510
7 0.4155500 0.5900880 0.0277549 0.0160510
29 0.5568478 0.5323046 0.0277550 0.0160510
20 0.6274968 0.4162028 0.0277549 0.0149809
8 0.4861989 0.5900880 0.0277549 0.0160510
9 0.5568478 0.5900880 0.0277550 0.0160510
5 0.6274968 0.4745212 0.0277549 0.0160510
26 0.6981457 0.3589544 0.0277550 0.0160510
26 0.4861989 0.3589544 0.0277549 0.0160510
5 0.7687946 0.5323046 0.0277550 0.0160510
19 0.6274968 0.5323046 0.0277549 0.0160510
22 0.4861989 0.4745212 0.0277549 0.0160510
2 0.6274968 0.5900880 0.0277549 0.0160510
26 0.4861989 0.4162028 0.0277549 0.0149809
18 0.4155500 0.4745212 0.0277549 0.0160510
