11 0.7180906 0.5150283 0.0279419 0.0174129
19 0.5758409 0.5777146 0.0279419 0.0174129
32 0.6469658 0.5446302 0.5131150 0.5154209
33 0.7250761 0.2991087 0.0114308 0.0150911
27 0.4335912 0.3896556 0.0279419 0.0174129
14 0.5758409 0.3896556 0.0279419 0.0174129
8 0.7180906 0.3896556 0.0279419 0.0174129
28 0.8603403 0.3896556 0.0279419 0.0174129
24 0.7180906 0.4523420 0.0279419 0.0174129
9 0.7892154 0.4523420 0.0279419 0.0174129
20 0.8603403 0.4523420 0.0279419 0.0174129
7 0.5047161 0.5150283 0.0279419 0.0174129
30 0.8603403 0.5150283 0.0279419 0.0174129
23 0.8603403 0.5777146 0.0279419 0.0174129
34 0.6469658 0.6409814 0.0660445 0.0626864
22 0.6469658 0.6404009 0.0279419 0.0174129
13 0.7892154 0.6404009 0.0279419 0.0174129
2 0.8603403 0.6404009 0.0279419 0.0174129
15 0.6469658 0.4523420 0.0279419 0.0174129
3 0.4335912 0.6404009 0.0279419 0.0174129
18 0.5758409 0.6404009 0.0279419 0.0174129
29 0.5047161 0.4523420 0.0279419 0.0174129
3 0.7180906 0.6404009 0.0279419 0.0174129
4 0.7892154 0.5150283 0.0279419 0.0174129
4 0.6469658 0.5150283 0.0279419 0.0174129
20 0.4335912 0.5777146 0.0279419 0.0174129
7 0.5047161 0.5777146 0.0279419 0.0174129
2 0.5047161 0.6404009 0.0279419 0.0174129
29 0.7892154 0.3896556 0.0279419 0.0174129
6 0.4335912 0.4523420 0.0279419 0.0174129
14 0.5758409 0.5150283 0.0279419 0.0174129
3 0.6469658 0.3896556 0.0279419 0.0174129
8 0.7180906 0.5777146 0.0279419 0.0174129
28 0.6469658 0.5777146 0.0279419 0.0174129
31 0.5758409 0.4523420 0.0279419 0.0174129
5 0.4335912 0.5150283 0.0279419 0.0174129
21 0.5047161 0.3896556 0.0279419 0.0174129
30 0.7892154 0.5777146 0.0279419 0.0174129
