17 0.4669872 0.2071954 0.0235968 0.0160238
25 0.2149308 0.3588497 0.0235968 0.0171684
32 0.3688461 0.2060192 0.4000724 0.4098161
33 0.5388500 0.0292163 0.0085807 0.0125901
30 0.2149308 0.1076187 0.0235968 0.0160238
35 0.3168259 0.1076187 0.0429032 0.0457824
28 0.3162896 0.1076187 0.0225242 0.0160238
25 0.4669872 0.1076187 0.0235968 0.0160238
22 0.2664146 0.1568348 0.0235968 0.0160238
18 0.3162896 0.1568348 0.0225242 0.0160238
3 0.3667009 0.1568348 0.0225242 0.0160238
15 0.4165759 0.1568348 0.0235968 0.0160238
28 0.2149308 0.2071954 0.0235968 0.0160238
12 0.3162896 0.2071954 0.0225242 0.0160238
17 0.5184710 0.2071954 0.0235968 0.0160238
23 0.2149308 0.2575561 0.0235968 0.0160238
29 0.3162896 0.2575561 0.0225242 0.0160238
6 0.5184710 0.2575561 0.0235968 0.0160238
31 0.3162896 0.3084890 0.0225242 0.0171684
11 0.3667009 0.3084890 0.0225242 0.0171684
16 0.4165759 0.3084890 0.0235968 0.0171684
20 0.4669872 0.3084890 0.0235968 0.0171684
27 0.5184710 0.3084890 0.0235968 0.0171684
13 0.3162896 0.3588497 0.0225242 0.0171684
8 0.4165759 0.3588497 0.0235968 0.0171684
17 0.3667009 0.2071954 0.0225242 0.0160238
16 0.5184710 0.3588497 0.0235968 0.0171684
5 0.2664146 0.3084890 0.0235968 0.0171684
29 0.2664146 0.1076187 0.0235968 0.0160238
30 0.3667009 0.1076187 0.0225242 0.0160238
12 0.3667009 0.2575561 0.0225242 0.0160238
8 0.2149308 0.3084890 0.0235968 0.0171684
1 0.4669872 0.3588497 0.0235968 0.0171684
8 0.2149308 0.1568348 0.0235968 0.0160238
12 0.5184710 0.1568348 0.0235968 0.0160238
16 0.2664146 0.2575561 0.0235968 0.0160238
6 0.4165759 0.2575561 0.0235968 0.0160238
28 0.4165759 0.2071954 0.0235968 0.0160238
31 0.4669872 0.2575561 0.0235968 0.0160238
20 0.2664146 0.3588497 0.0235968 0.0171684
5 0.4669872 0.1568348 0.0235968 0.0160238
5 0.2664146 0.2071954 0.0235968 0.0160238
3 0.4165759 0.1076187 0.0235968 0.0160238
3 0.5184710 0.1076187 0.0235968 0.0160238
5 0.3667009 0.3588497 0.0225242 0.0171684
