18 0.2391321 0.3197752 0.0284134 0.0167279
18 0.3837820 0.3197752 0.0284134 0.0167279
32 0.4561070 0.4686538 0.5217728 0.4951469
33 0.5355353 0.2327899 0.0116236 0.0144975
25 0.3114571 0.3197752 0.0284134 0.0167279
34 0.4561070 0.3203328 0.0671589 0.0602206
1 0.4561069 0.3197752 0.0284134 0.0167279
6 0.5284319 0.3197752 0.0284134 0.0167279
14 0.3114571 0.3799958 0.0284134 0.0167279
10 0.4561069 0.3799958 0.0284134 0.0167279
17 0.6007568 0.3799958 0.0284134 0.0167279
8 0.6730818 0.3799958 0.0284134 0.0167279
3 0.2391321 0.4402163 0.0284134 0.0167280
7 0.3114571 0.4402163 0.0284134 0.0167280
16 0.4561069 0.4402163 0.0284134 0.0167280
9 0.2391321 0.5004369 0.0284134 0.0167279
11 0.3837820 0.5004369 0.0284134 0.0167279
22 0.4561069 0.5004369 0.0284134 0.0167279
31 0.5284319 0.5004369 0.0284134 0.0167279
12 0.6007568 0.5004369 0.0284134 0.0167279
2 0.3114571 0.5606575 0.0284134 0.0167280
20 0.6007568 0.5606575 0.0284134 0.0167280
4 0.6730818 0.5606575 0.0284134 0.0167280
24 0.3837820 0.6208781 0.0284134 0.0167279
21 0.4561069 0.6208781 0.0284134 0.0167279
19 0.2391321 0.5606575 0.0284134 0.0167280
14 0.5284319 0.5606575 0.0284134 0.0167280
24 0.6730818 0.4402163 0.0284134 0.0167280
21 0.4561069 0.5606575 0.0284134 0.0167280
17 0.2391321 0.6208781 0.0284134 0.0167279
30 0.5284319 0.4402163 0.0284134 0.0167280
24 0.3114571 0.6208781 0.0284134 0.0167279
25 0.2391321 0.3799958 0.0284134 0.0167279
3 0.5284319 0.6208781 0.0284134 0.0167279
13 0.3114571 0.5004369 0.0284134 0.0167279
10 0.6730818 0.3197752 0.0284134 0.0167279
4 0.3837820 0.4402163 0.0284134 0.0167280
3 0.3837820 0.5606575 0.0284134 0.0167280
26 0.3837820 0.3799958 0.0284134 0.0167279
19 0.6007568 0.6208781 0.0284134 0.0167279
13 0.6730818 0.5004369 0.0284134 0.0167279
11 0.6007568 0.3197752 0.0284134 0.0167279
10 0.5284319 0.3799958 0.0284134 0.0167279
18 0.6007568 0.4402163 0.0284134 0.0167280
12 0.6730818 0.6208781 0.0284134 0.0167279
