9 0.5994857 0.4098551 0.0233511 0.0162109
6 0.6511916 0.3142111 0.0244630 0.0151301
32 0.6044895 0.2839508 0.4203186 0.3609616
33 0.7779544 0.1472393 0.0088957 0.0140494
8 0.5472239 0.2201881 0.0233510 0.0151301
25 0.5994857 0.2201881 0.0233511 0.0151301
16 0.7568273 0.2201881 0.0244630 0.0151301
10 0.4421442 0.2666592 0.0244630 0.0151301
26 0.4955181 0.3142111 0.0244630 0.0151301
5 0.5994857 0.3142111 0.0233511 0.0151301
29 0.7034534 0.3142111 0.0244630 0.0151301
20 0.4421442 0.3617629 0.0244630 0.0151301
35 0.4421442 0.4098551 0.0444782 0.0421482
31 0.4421442 0.4098551 0.0244630 0.0162109
15 0.4955181 0.4098551 0.0244630 0.0162109
30 0.5472239 0.4098551 0.0233510 0.0162109
12 0.6511916 0.4098551 0.0244630 0.0162109
28 0.7568273 0.4098551 0.0244630 0.0162109
21 0.6511916 0.2201881 0.0244630 0.0151301
14 0.5994857 0.2666592 0.0233511 0.0151301
12 0.5472239 0.3142111 0.0233510 0.0151301
4 0.6511916 0.3617629 0.0244630 0.0151301
19 0.5472239 0.3617629 0.0233510 0.0151301
18 0.7034534 0.2201881 0.0244630 0.0151301
19 0.7034534 0.4098551 0.0244630 0.0162109
13 0.6511916 0.2666592 0.0244630 0.0151301
12 0.4421442 0.3142111 0.0244630 0.0151301
14 0.4955181 0.3617629 0.0244630 0.0151301
4 0.5472239 0.2666592 0.0233510 0.0151301
28 0.7568273 0.3617629 0.0244630 0.0151301
8 0.5994857 0.3617629 0.0233511 0.0151301
11 0.7034534 0.2666592 0.0244630 0.0151301
10 0.7568273 0.2666592 0.0244630 0.0151301
21 0.7568273 0.3142111 0.0244630 0.0151301
19 0.7034534 0.3617629 0.0244630 0.0151301
1 0.4955181 0.2201881 0.0244630 0.0151301
3 0.4955181 0.2666592 0.0244630 0.0151301
28 0.4421442 0.2201881 0.0244630 0.0151301
