7 0.4982796 0.4539494 0.0274208 0.0161770
30 0.5680779 0.3374747 0.0274208 0.0161771
32 0.4982795 0.3649757 0.5035447 0.4788403
33 0.5749330 0.1368794 0.0112176 0.0140201
12 0.2888847 0.2210000 0.0274208 0.0161771
3 0.4284813 0.2210000 0.0274208 0.0161771
22 0.7076744 0.2210000 0.0274207 0.0161771
16 0.2888847 0.2792373 0.0274208 0.0161771
10 0.4284813 0.2792373 0.0274208 0.0161771
4 0.7076744 0.2792373 0.0274207 0.0161771
7 0.3586830 0.3374747 0.0274208 0.0161771
8 0.4284813 0.3374747 0.0274208 0.0161771
34 0.3586830 0.3962513 0.0648127 0.0582374
25 0.3586830 0.3957120 0.0274208 0.0161770
1 0.4284813 0.3957120 0.0274208 0.0161770
29 0.4982796 0.3957120 0.0274208 0.0161770
15 0.7076744 0.3957120 0.0274207 0.0161770
26 0.5680779 0.4539494 0.0274208 0.0161770
8 0.7076744 0.4539494 0.0274207 0.0161770
25 0.2888847 0.3374747 0.0274208 0.0161771
31 0.5680779 0.3957120 0.0274208 0.0161770
7 0.4982796 0.2792373 0.0274208 0.0161771
7 0.6378761 0.2210000 0.0274207 0.0161771
8 0.2888847 0.3957120 0.0274208 0.0161770
12 0.7076744 0.3374747 0.0274207 0.0161771
31 0.6378761 0.2792373 0.0274207 0.0161771
23 0.3586830 0.4539494 0.0274208 0.0161770
1 0.6378761 0.3374747 0.0274207 0.0161771
13 0.5680779 0.2210000 0.0274208 0.0161771
29 0.4982796 0.2210000 0.0274208 0.0161771
30 0.3586830 0.2792373 0.0274208 0.0161771
14 0.6378761 0.4539494 0.0274207 0.0161770
6 0.4982796 0.3374747 0.0274208 0.0161771
20 0.4284813 0.4539494 0.0274208 0.0161770
28 0.6378761 0.3957120 0.0274207 0.0161770
18 0.5680779 0.2792373 0.0274208 0.0161771
5 0.3586830 0.2210000 0.0274208 0.0161771
19 0.2888847 0.4539494 0.0274208 0.0161770
