23 0.2983198 0.1725185 0.0242428 0.0150057
16 0.4542453 0.3145368 0.0231409 0.0160775
32 0.4564492 0.1822082 0.4110261 0.3621941
33 0.6311077 0.0064272 0.0088156 0.0106321
2 0.2983198 0.0792688 0.0242428 0.0150057
1 0.3512133 0.0792688 0.0242428 0.0150057
11 0.4024538 0.0792688 0.0231409 0.0150057
27 0.4542453 0.0792688 0.0231409 0.0150057
22 0.2983198 0.1253578 0.0242428 0.0150057
24 0.3512133 0.1253578 0.0242428 0.0150057
21 0.4542453 0.1253578 0.0231409 0.0150057
26 0.5572773 0.1253578 0.0242428 0.0150057
28 0.6101708 0.1253578 0.0242428 0.0150057
12 0.3512133 0.1725185 0.0242428 0.0150057
3 0.2983198 0.2196793 0.0242428 0.0150057
6 0.5572773 0.2196793 0.0242428 0.0150057
5 0.2983198 0.2673760 0.0242428 0.0160775
10 0.3512133 0.2673760 0.0242428 0.0160775
17 0.4024538 0.2673760 0.0231409 0.0160775
9 0.5054858 0.2673760 0.0242428 0.0160775
14 0.6101708 0.2673760 0.0242428 0.0160775
29 0.2983198 0.3145368 0.0242428 0.0160775
30 0.4024538 0.3145368 0.0231409 0.0160775
35 0.5572773 0.3145367 0.0440779 0.0418016
15 0.5572773 0.3145368 0.0242428 0.0160775
28 0.5054858 0.2196793 0.0242428 0.0150057
28 0.6101708 0.2196793 0.0242428 0.0150057
24 0.4024538 0.1253578 0.0231409 0.0150057
19 0.6101708 0.1725185 0.0242428 0.0150057
29 0.3512133 0.3145368 0.0242428 0.0160775
22 0.4542453 0.2673760 0.0231409 0.0160775
6 0.3512133 0.2196793 0.0242428 0.0150057
29 0.4024538 0.2196793 0.0231409 0.0150057
28 0.4024538 0.1725185 0.0231409 0.0150057
26 0.5054858 0.3145368 0.0242428 0.0160775
30 0.6101708 0.0792688 0.0242428 0.0150057
14 0.4542453 0.1725185 0.0231409 0.0150057
23 0.5572773 0.1725185 0.0242428 0.0150057
6 0.5054858 0.0792688 0.0242428 0.0150057
15 0.4542453 0.2196793 0.0231409 0.0150057
3 0.5572773 0.0792688 0.0242428 0.0150057
28 0.5054858 0.1725185 0.0242428 0.0150057
8 0.6101708 0.3145368 0.0242428 0.0160775
20 0.5054858 0.1253578 0.0242428 0.0150057
12 0.5572773 0.2673760 0.0242428 0.0160775
