14 0.3582025 0.3523527 0.0286272 0.0159400
3 0.7225481 0.4097368 0.0286272 0.0159400
32 0.5039408 0.3220667 0.5256987 0.4718246
33 0.5839667 0.0973124 0.0117111 0.0138147
12 0.3582025 0.1802005 0.0286272 0.0159400
14 0.5039408 0.1802005 0.0286272 0.0159400
9 0.7225481 0.1802005 0.0286272 0.0159400
17 0.4310717 0.2375846 0.0286272 0.0159400
6 0.5039408 0.2375846 0.0286272 0.0159400
24 0.6496790 0.2375846 0.0286271 0.0159400
20 0.7225481 0.2375846 0.0286272 0.0159400
23 0.2853334 0.2949687 0.0286272 0.0159400
22 0.3582025 0.2949687 0.0286272 0.0159400
30 0.5768099 0.2949687 0.0286272 0.0159400
1 0.2853334 0.3523527 0.0286272 0.0159400
11 0.5039408 0.3523527 0.0286272 0.0159400
19 0.5768099 0.3523527 0.0286272 0.0159400
34 0.2853334 0.4102681 0.0676642 0.0573841
19 0.2853334 0.4097368 0.0286272 0.0159400
2 0.4310717 0.4097368 0.0286272 0.0159400
26 0.5039408 0.4097368 0.0286272 0.0159400
25 0.6496790 0.4097368 0.0286271 0.0159400
8 0.2853334 0.4671209 0.0286272 0.0159400
15 0.4310717 0.4671209 0.0286272 0.0159400
27 0.7225481 0.4671209 0.0286272 0.0159400
28 0.5768099 0.1802005 0.0286272 0.0159400
11 0.6496790 0.4671209 0.0286271 0.0159400
17 0.5039408 0.2949687 0.0286272 0.0159400
31 0.5768099 0.4097368 0.0286272 0.0159400
26 0.4310717 0.1802005 0.0286272 0.0159400
27 0.6496790 0.3523527 0.0286271 0.0159400
6 0.5768099 0.2375846 0.0286272 0.0159400
6 0.7225481 0.2949687 0.0286272 0.0159400
18 0.6496790 0.2949687 0.0286271 0.0159400
25 0.4310717 0.3523527 0.0286272 0.0159400
29 0.3582025 0.2375846 0.0286272 0.0159400
19 0.2853334 0.2375846 0.0286272 0.0159400
17 0.4310717 0.2949687 0.0286272 0.0159400
8 0.3582025 0.4671209 0.0286272 0.0159400
16 0.3582025 0.4097368 0.0286272 0.0159400
21 0.7225481 0.3523527 0.0286272 0.0159400
10 0.2853334 0.1802005 0.0286272 0.0159400
2 0.5039408 0.4671209 0.0286272 0.0159400
17 0.5768099 0.4671209 0.0286272 0.0159400
22 0.6496790 0.1802005 0.0286271 0.0159400
