19 0.3781959 0.4649713 0.0270919 0.0168877
16 0.4471572 0.3433802 0.0270920 0.0168877
32 0.4465415 0.3568903 0.4938121 0.4897420
33 0.5228915 0.1244036 0.0110830 0.0135101
34 0.3781960 0.2223520 0.0640355 0.0607956
30 0.3781959 0.2217891 0.0270919 0.0168876
22 0.5850798 0.2217891 0.0270920 0.0168876
3 0.6540411 0.2217891 0.0270919 0.0168876
26 0.3092346 0.2825846 0.0270919 0.0168876
10 0.5161185 0.2825846 0.0270919 0.0168876
11 0.5850798 0.2825846 0.0270920 0.0168876
2 0.2402733 0.3433802 0.0270919 0.0168877
1 0.3092346 0.3433802 0.0270919 0.0168877
31 0.3781959 0.3433802 0.0270919 0.0168877
14 0.5161185 0.4041757 0.0270919 0.0168877
28 0.6540411 0.4041757 0.0270919 0.0168877
9 0.3092346 0.4649713 0.0270919 0.0168877
21 0.4471572 0.4649713 0.0270920 0.0168877
19 0.4471572 0.2825846 0.0270920 0.0168876
4 0.5850798 0.3433802 0.0270920 0.0168877
4 0.5161185 0.2217891 0.0270919 0.0168876
7 0.5161185 0.4649713 0.0270919 0.0168877
17 0.6540411 0.3433802 0.0270919 0.0168877
1 0.4471572 0.4041757 0.0270920 0.0168877
14 0.5850798 0.4041757 0.0270920 0.0168877
23 0.2402733 0.4649713 0.0270919 0.0168877
20 0.2402733 0.4041757 0.0270919 0.0168877
7 0.6540411 0.2825846 0.0270919 0.0168876
4 0.6540411 0.4649713 0.0270919 0.0168877
20 0.3781959 0.2825846 0.0270919 0.0168876
24 0.2402733 0.2217891 0.0270919 0.0168876
4 0.4471572 0.2217891 0.0270920 0.0168876
3 0.2402733 0.2825846 0.0270919 0.0168876
7 0.3781959 0.4041757 0.0270919 0.0168877
14 0.5161185 0.3433802 0.0270919 0.0168877
6 0.3092346 0.2217891 0.0270919 0.0168876
5 0.3092346 0.4041757 0.0270919 0.0168877
2 0.5850798 0.4649713 0.0270920 0.0168877
