4 0.5186704 0.5102812 0.0275801 0.0165366
15 0.3080589 0.2721540 0.0275801 0.0165366
32 0.3782627 0.4193298 0.5064705 0.4894838
33 0.4553616 0.1861636 0.0112828 0.0143317
27 0.2378551 0.2721540 0.0275801 0.0165366
8 0.3782627 0.2721540 0.0275801 0.0165366
28 0.5888742 0.2721540 0.0275801 0.0165366
4 0.2378551 0.3316858 0.0275801 0.0165366
34 0.5186704 0.3322370 0.0651893 0.0595318
10 0.5186704 0.3316858 0.0275801 0.0165366
7 0.5888742 0.3316858 0.0275801 0.0165366
23 0.2378551 0.3912176 0.0275801 0.0165366
13 0.5186704 0.3912176 0.0275801 0.0165366
17 0.1676512 0.4507494 0.0275801 0.0165367
14 0.4484666 0.4507494 0.0275801 0.0165367
21 0.5888742 0.4507494 0.0275801 0.0165367
10 0.2378551 0.5102812 0.0275801 0.0165366
9 0.3782627 0.5102812 0.0275801 0.0165366
21 0.1676512 0.3912176 0.0275801 0.0165366
18 0.4484666 0.5102812 0.0275801 0.0165366
25 0.3080589 0.5102812 0.0275801 0.0165366
19 0.3080589 0.3912176 0.0275801 0.0165366
28 0.3782627 0.3912176 0.0275801 0.0165366
30 0.5186704 0.4507494 0.0275801 0.0165367
8 0.5186704 0.2721540 0.0275801 0.0165366
17 0.3080589 0.3316858 0.0275801 0.0165366
25 0.5888742 0.3912176 0.0275801 0.0165366
16 0.4484666 0.3316858 0.0275801 0.0165366
6 0.3782627 0.4507494 0.0275801 0.0165367
17 0.3782627 0.3316858 0.0275801 0.0165366
25 0.4484666 0.3912176 0.0275801 0.0165366
30 0.4484666 0.2721540 0.0275801 0.0165366
10 0.5888742 0.5102812 0.0275801 0.0165366
22 0.1676512 0.3316858 0.0275801 0.0165366
3 0.1676512 0.2721540 0.0275801 0.0165366
5 0.3080589 0.4507494 0.0275801 0.0165367
21 0.2378551 0.4507494 0.0275801 0.0165367
17 0.1676512 0.5102812 0.0275801 0.0165366
