15 0.5259458 0.4289155 0.0238434 0.0158409
3 0.4748527 0.3613275 0.0238434 0.0158409
32 0.4652018 0.4442284 0.3883070 0.4625551
33 0.5991791 0.2641698 0.0136248 0.0179531
34 0.3726667 0.4289155 0.0442806 0.0411864
11 0.3726667 0.4289155 0.0238434 0.0158409
19 0.6281318 0.4289155 0.0238434 0.0158409
20 0.4237597 0.4965034 0.0238435 0.0158409
14 0.4748527 0.4965034 0.0238434 0.0158409
22 0.3215737 0.5635634 0.0238434 0.0147849
26 0.3726667 0.5635634 0.0238434 0.0147849
17 0.4748527 0.5635634 0.0238434 0.0147849
30 0.5770388 0.5635634 0.0238435 0.0147849
4 0.6281318 0.5635634 0.0238434 0.0147849
18 0.3215737 0.6311513 0.0238434 0.0147849
8 0.3726667 0.6311513 0.0238434 0.0147849
16 0.4748527 0.6311513 0.0238434 0.0147849
5 0.5770388 0.6311513 0.0238435 0.0147849
7 0.5259458 0.5635634 0.0238434 0.0147849
11 0.3215737 0.4965034 0.0238434 0.0158409
20 0.5259458 0.3613275 0.0238434 0.0158409
8 0.3726667 0.3613275 0.0238434 0.0158409
8 0.5259458 0.6311513 0.0238434 0.0147849
8 0.4748527 0.4289155 0.0238434 0.0158409
22 0.5259458 0.4965034 0.0238434 0.0158409
6 0.6281318 0.3613275 0.0238434 0.0158409
28 0.5770388 0.3613275 0.0238435 0.0158409
26 0.5770388 0.4289155 0.0238435 0.0158409
10 0.3215737 0.3613275 0.0238434 0.0158409
22 0.6281318 0.6311513 0.0238434 0.0147849
23 0.6281318 0.4965034 0.0238434 0.0158409
16 0.3726667 0.4965034 0.0238434 0.0158409
16 0.4237597 0.6311513 0.0238435 0.0147849
12 0.4237597 0.4289155 0.0238435 0.0158409
27 0.5770388 0.4965034 0.0238435 0.0158409
22 0.4237597 0.3613275 0.0238435 0.0158409
22 0.3215737 0.4289155 0.0238434 0.0158409
26 0.4237597 0.5635634 0.0238435 0.0147849
