20 0.4462137 0.6996471 0.0267718 0.0172677
16 0.5825065 0.7612355 0.0267718 0.0161166
32 0.3786757 0.5695631 0.4928446 0.5076727
33 0.4510813 0.3439308 0.0097352 0.0126630
3 0.3780672 0.4509910 0.0267718 0.0172678
9 0.4462137 0.4509910 0.0267718 0.0172678
23 0.1736280 0.5125794 0.0267718 0.0161166
18 0.3780672 0.5125794 0.0267718 0.0161166
25 0.4462137 0.5125794 0.0267718 0.0161166
31 0.3099208 0.5753190 0.0267718 0.0172678
11 0.3780672 0.5753190 0.0267718 0.0172678
27 0.5143601 0.5753190 0.0267718 0.0172678
12 0.3099208 0.6374830 0.0267718 0.0172678
19 0.4462137 0.6374830 0.0267718 0.0172678
7 0.2417744 0.6996471 0.0267718 0.0172677
21 0.3099208 0.6996471 0.0267718 0.0172677
5 0.3780672 0.6996471 0.0267718 0.0172677
16 0.5825065 0.6996471 0.0267718 0.0172677
34 0.1736280 0.7612355 0.0632788 0.0621640
9 0.1736280 0.7612355 0.0267718 0.0161166
20 0.2417744 0.7612355 0.0267718 0.0161166
6 0.3099208 0.7612355 0.0267718 0.0161166
17 0.3780672 0.7612355 0.0267718 0.0161166
26 0.4462137 0.7612355 0.0267718 0.0161166
13 0.5143601 0.7612355 0.0267718 0.0161166
17 0.1736280 0.6374830 0.0267718 0.0172678
13 0.1736280 0.4509910 0.0267718 0.0172678
8 0.3099208 0.4509910 0.0267718 0.0172678
9 0.4462137 0.5753190 0.0267718 0.0172678
8 0.2417744 0.5125794 0.0267718 0.0161166
19 0.5825065 0.5125794 0.0267718 0.0161166
30 0.2417744 0.5753190 0.0267718 0.0172678
8 0.5825065 0.4509910 0.0267718 0.0172678
14 0.2417744 0.4509910 0.0267718 0.0172678
2 0.3099208 0.5125794 0.0267718 0.0161166
31 0.1736280 0.5753190 0.0267718 0.0172678
26 0.2417744 0.6374830 0.0267718 0.0172678
20 0.3780672 0.6374830 0.0267718 0.0172678
17 0.5143601 0.4509910 0.0267718 0.0172678
31 0.1736280 0.6996471 0.0267718 0.0172677
8 0.5825065 0.5753190 0.0267718 0.0172678
26 0.5825065 0.6374830 0.0267718 0.0172678
16 0.5143601 0.6996471 0.0267718 0.0172677
31 0.5143601 0.6374830 0.0267718 0.0172678
11 0.5143601 0.5125794 0.0267718 0.0161166
