21 0.2559820 0.4762778 0.0279282 0.0163614
31 0.3270720 0.4762778 0.0279282 0.0163614
32 0.3975272 0.3715648 0.5090551 0.4744808
33 0.4762340 0.1463228 0.0114252 0.0130891
21 0.2559820 0.2406735 0.0279282 0.0163614
4 0.3981619 0.2406735 0.0279282 0.0163614
6 0.1848920 0.2995746 0.0279282 0.0163614
29 0.6114319 0.2995746 0.0279282 0.0163614
15 0.2559820 0.3584757 0.0279282 0.0163614
20 0.2559820 0.4173767 0.0279282 0.0163614
34 0.3981619 0.4179221 0.0660121 0.0589010
2 0.3981619 0.4173767 0.0279282 0.0163614
2 0.4692519 0.4173767 0.0279282 0.0163614
7 0.6114319 0.4173767 0.0279282 0.0163614
8 0.1848920 0.4762778 0.0279282 0.0163614
17 0.3981619 0.4762778 0.0279282 0.0163614
22 0.4692519 0.4762778 0.0279282 0.0163614
30 0.6114319 0.4762778 0.0279282 0.0163614
6 0.4692519 0.2406735 0.0279282 0.0163614
25 0.6114319 0.2406735 0.0279282 0.0163614
20 0.3270720 0.2995746 0.0279282 0.0163614
3 0.5403419 0.2406735 0.0279282 0.0163614
6 0.3981619 0.3584757 0.0279282 0.0163614
27 0.1848920 0.4173767 0.0279282 0.0163614
2 0.5403419 0.4762778 0.0279282 0.0163614
27 0.3270720 0.3584757 0.0279282 0.0163614
1 0.4692519 0.3584757 0.0279282 0.0163614
29 0.1848920 0.2406735 0.0279282 0.0163614
2 0.3270720 0.2406735 0.0279282 0.0163614
17 0.6114319 0.3584757 0.0279282 0.0163614
17 0.3270720 0.4173767 0.0279282 0.0163614
25 0.5403419 0.4173767 0.0279282 0.0163614
16 0.4692519 0.2995746 0.0279282 0.0163614
20 0.5403419 0.3584757 0.0279282 0.0163614
19 0.2559820 0.2995746 0.0279282 0.0163614
19 0.3981619 0.2995746 0.0279282 0.0163614
15 0.5403419 0.2995746 0.0279282 0.0163614
31 0.1848920 0.3584757 0.0279282 0.0163614
