10 0.5993055 0.4747460 0.0223800 0.0161210
19 0.4074774 0.4059632 0.0223799 0.0161210
32 0.4943329 0.4903296 0.3644733 0.4707321
33 0.6200869 0.3070880 0.0127885 0.0182704
20 0.5513485 0.4059632 0.0223800 0.0161210
34 0.6472625 0.4059632 0.0415628 0.0419145
2 0.6472625 0.4059632 0.0223799 0.0161210
15 0.4554344 0.4747460 0.0223799 0.0161210
3 0.5033915 0.4747460 0.0223799 0.0161210
17 0.5513485 0.4747460 0.0223800 0.0161210
19 0.6472625 0.4747460 0.0223799 0.0161210
12 0.4074774 0.5435288 0.0223799 0.0161210
5 0.4554344 0.5435288 0.0223799 0.0161210
8 0.5993055 0.5435288 0.0223800 0.0161210
25 0.6472625 0.5435288 0.0223799 0.0161210
4 0.6472625 0.6117742 0.0223799 0.0150463
31 0.4554344 0.6805570 0.0223799 0.0150463
29 0.6472625 0.6805570 0.0223799 0.0150463
18 0.5033915 0.4059632 0.0223799 0.0161210
30 0.5033915 0.6117742 0.0223799 0.0150463
7 0.5993055 0.6805570 0.0223800 0.0150463
12 0.3595204 0.5435288 0.0223799 0.0161210
26 0.5513485 0.5435288 0.0223800 0.0161210
17 0.4554344 0.4059632 0.0223799 0.0161210
25 0.3595204 0.6805570 0.0223799 0.0150463
26 0.5993055 0.6117742 0.0223800 0.0150463
23 0.5033915 0.6805570 0.0223799 0.0150463
30 0.5513485 0.6805570 0.0223800 0.0150463
17 0.3595204 0.4059632 0.0223799 0.0161210
8 0.4074774 0.4747460 0.0223799 0.0161210
13 0.4074774 0.6117742 0.0223799 0.0150463
19 0.4554344 0.6117742 0.0223799 0.0150463
13 0.4074774 0.6805570 0.0223799 0.0150463
9 0.3595204 0.4747460 0.0223799 0.0161210
31 0.5513485 0.6117742 0.0223800 0.0150463
25 0.5033915 0.5435288 0.0223799 0.0161210
5 0.3595204 0.6117742 0.0223799 0.0150463
17 0.5993055 0.4059632 0.0223800 0.0161210
