14 0.4536019 0.4755363 0.0226388 0.0167793
15 0.4536019 0.4039445 0.0226388 0.0167793
32 0.5414618 0.4201645 0.3686884 0.4899566
33 0.6686700 0.2294394 0.0129365 0.0190166
8 0.5506251 0.3323526 0.0226388 0.0167793
24 0.5991368 0.3323526 0.0226388 0.0167793
21 0.6476484 0.3323526 0.0226388 0.0167793
20 0.6961600 0.3323526 0.0226388 0.0167793
26 0.5021135 0.4039445 0.0226388 0.0167793
29 0.5506251 0.4039445 0.0226388 0.0167793
19 0.6476484 0.4039445 0.0226388 0.0167793
1 0.4050902 0.4755363 0.0226388 0.0167793
31 0.5021135 0.4755363 0.0226388 0.0167793
2 0.5991368 0.4755363 0.0226388 0.0167793
18 0.5021135 0.5465688 0.0226388 0.0156607
34 0.5506251 0.5471282 0.0420434 0.0436263
17 0.5506251 0.5465688 0.0226388 0.0156607
25 0.4536019 0.6181607 0.0226388 0.0156607
6 0.5021135 0.3323526 0.0226388 0.0167793
4 0.5991368 0.6181607 0.0226388 0.0156607
15 0.4050902 0.4039445 0.0226388 0.0167793
14 0.4050902 0.3323526 0.0226388 0.0167793
19 0.4536019 0.3323526 0.0226388 0.0167793
18 0.6476484 0.4755363 0.0226388 0.0167793
27 0.5021135 0.6181607 0.0226388 0.0156607
26 0.6961600 0.5465688 0.0226388 0.0156607
9 0.6961600 0.4039445 0.0226388 0.0167793
17 0.4050902 0.5465688 0.0226388 0.0156607
30 0.4536019 0.5465688 0.0226388 0.0156607
18 0.6476484 0.5465688 0.0226388 0.0156607
14 0.6961600 0.6181607 0.0226388 0.0156607
13 0.5506251 0.4755363 0.0226388 0.0167793
17 0.6961600 0.4755363 0.0226388 0.0167793
1 0.4050902 0.6181607 0.0226388 0.0156607
7 0.6476484 0.6181607 0.0226388 0.0156607
12 0.5991368 0.5465688 0.0226388 0.0156607
13 0.5506251 0.6181607 0.0226388 0.0156607
31 0.5991368 0.4039445 0.0226388 0.0167793
