22 0.2630035 0.3425467 0.0270819 0.0166455
23 0.5387460 0.4623945 0.0270819 0.0166455
32 0.3313236 0.3170236 0.4936282 0.4915978
33 0.4070296 0.0850959 0.0123099 0.0144261
17 0.1251323 0.2226989 0.0270819 0.0166455
11 0.1940679 0.2226989 0.0270818 0.0166455
9 0.4698103 0.2826228 0.0270819 0.0166455
34 0.1940679 0.3431015 0.0640116 0.0599239
29 0.1940679 0.3425467 0.0270818 0.0166455
8 0.4698103 0.3425467 0.0270819 0.0166455
16 0.5387460 0.3425467 0.0270819 0.0166455
15 0.1940679 0.4024706 0.0270818 0.0166456
20 0.2630035 0.4024706 0.0270819 0.0166456
4 0.1251323 0.4623945 0.0270819 0.0166455
13 0.1940679 0.4623945 0.0270818 0.0166455
18 0.2630035 0.4623945 0.0270819 0.0166455
30 0.3319391 0.4623945 0.0270819 0.0166455
7 0.4008747 0.4623945 0.0270818 0.0166455
3 0.4698103 0.4623945 0.0270819 0.0166455
30 0.2630035 0.2226989 0.0270819 0.0166455
7 0.1251323 0.4024706 0.0270819 0.0166456
17 0.1940679 0.2826228 0.0270818 0.0166455
11 0.5387460 0.2826228 0.0270819 0.0166455
22 0.5387460 0.4024706 0.0270819 0.0166456
24 0.4698103 0.2226989 0.0270819 0.0166455
1 0.4008747 0.2826228 0.0270818 0.0166455
1 0.1251323 0.2826228 0.0270819 0.0166455
6 0.3319391 0.3425467 0.0270819 0.0166455
25 0.3319391 0.2226989 0.0270819 0.0166455
21 0.2630035 0.2826228 0.0270819 0.0166455
15 0.4008747 0.3425467 0.0270818 0.0166455
2 0.5387460 0.2226989 0.0270819 0.0166455
12 0.4698103 0.4024706 0.0270819 0.0166456
12 0.4008747 0.2226989 0.0270818 0.0166455
14 0.1251323 0.3425467 0.0270819 0.0166455
14 0.3319391 0.4024706 0.0270819 0.0166456
15 0.4008747 0.4024706 0.0270818 0.0166456
27 0.3319391 0.2826228 0.0270819 0.0166455
