14 0.6955002 0.5181099 0.0244241 0.0162340
8 0.3814763 0.3795801 0.0244241 0.0162340
32 0.5286023 0.4645379 0.3977636 0.4740316
33 0.6658424 0.2800118 0.0139566 0.0183985
23 0.4861510 0.3795801 0.0244241 0.0162340
22 0.6431630 0.3795801 0.0244240 0.0162340
34 0.5384883 0.4488450 0.0453590 0.0422083
20 0.5384883 0.4488450 0.0244241 0.0162340
9 0.4861510 0.5181099 0.0244241 0.0162340
14 0.6431630 0.5181099 0.0244240 0.0162340
16 0.4338137 0.5868337 0.0244241 0.0151518
18 0.5908256 0.5868337 0.0244241 0.0151518
7 0.3814763 0.6560986 0.0244241 0.0151516
15 0.4338137 0.6560986 0.0244241 0.0151516
31 0.4861510 0.6560986 0.0244241 0.0151516
11 0.5384883 0.6560986 0.0244241 0.0151516
21 0.6431630 0.6560986 0.0244240 0.0151516
2 0.6955002 0.6560986 0.0244241 0.0151516
2 0.6955002 0.5868337 0.0244241 0.0151518
6 0.6955002 0.3795801 0.0244241 0.0162340
21 0.6431630 0.5868337 0.0244240 0.0151518
27 0.5384883 0.3795801 0.0244241 0.0162340
29 0.4338137 0.4488450 0.0244241 0.0162340
11 0.5384883 0.5181099 0.0244241 0.0162340
5 0.5908256 0.5181099 0.0244241 0.0162340
29 0.5908256 0.3795801 0.0244241 0.0162340
25 0.5908256 0.6560986 0.0244241 0.0151516
23 0.5908256 0.4488450 0.0244241 0.0162340
14 0.3814763 0.5868337 0.0244241 0.0151518
6 0.4861510 0.5868337 0.0244241 0.0151518
29 0.5384883 0.5868337 0.0244241 0.0151518
6 0.3814763 0.4488450 0.0244241 0.0162340
11 0.6955002 0.4488450 0.0244241 0.0162340
2 0.6431630 0.4488450 0.0244240 0.0162340
23 0.4338137 0.5181099 0.0244241 0.0162340
13 0.4338137 0.3795801 0.0244241 0.0162340
24 0.4861510 0.4488450 0.0244241 0.0162340
26 0.3814763 0.5181099 0.0244241 0.0162340
