27 0.5734332 0.5588498 0.0275838 0.0163875
10 0.8542871 0.4408599 0.0275839 0.0163875
32 0.6430198 0.4747274 0.5027787 0.4839773
33 0.7201292 0.2463950 0.0125381 0.0142025
27 0.5032197 0.3818649 0.0275838 0.0163875
16 0.5734332 0.3818649 0.0275838 0.0163875
9 0.6436467 0.3818649 0.0275839 0.0163875
4 0.7138602 0.3818649 0.0275839 0.0163875
29 0.6436467 0.4408599 0.0275839 0.0163875
30 0.7840736 0.4408599 0.0275839 0.0163875
34 0.5734332 0.5004011 0.0651982 0.0589950
8 0.5734332 0.4998549 0.0275838 0.0163875
14 0.7138602 0.4998549 0.0275839 0.0163875
13 0.5032197 0.6178448 0.0275838 0.0163875
11 0.6436467 0.6178448 0.0275839 0.0163875
5 0.7138602 0.6178448 0.0275839 0.0163875
12 0.7840736 0.6178448 0.0275839 0.0163875
28 0.8542871 0.6178448 0.0275839 0.0163875
1 0.7840736 0.4998549 0.0275839 0.0163875
1 0.4330062 0.5588498 0.0275838 0.0163875
24 0.4330062 0.6178448 0.0275838 0.0163875
10 0.8542871 0.4998549 0.0275839 0.0163875
4 0.5032197 0.4408599 0.0275838 0.0163875
6 0.7840736 0.3818649 0.0275839 0.0163875
16 0.6436467 0.4998549 0.0275839 0.0163875
24 0.8542871 0.3818649 0.0275839 0.0163875
9 0.5734332 0.6178448 0.0275838 0.0163875
28 0.4330062 0.4998549 0.0275838 0.0163875
27 0.6436467 0.5588498 0.0275839 0.0163875
29 0.4330062 0.3818649 0.0275838 0.0163875
1 0.7138602 0.5588498 0.0275839 0.0163875
11 0.5032197 0.4998549 0.0275838 0.0163875
24 0.7840736 0.5588498 0.0275839 0.0163875
5 0.8542871 0.5588498 0.0275839 0.0163875
24 0.4330062 0.4408599 0.0275838 0.0163875
19 0.5032197 0.5588498 0.0275838 0.0163875
12 0.5734332 0.4408599 0.0275838 0.0163875
21 0.7138602 0.4408599 0.0275839 0.0163875
