11 0.1425183 0.4715020 0.0286571 0.0170007
29 0.5072452 0.3490970 0.0286571 0.0170007
32 0.2877577 0.4454343 0.5223410 0.5020872
33 0.3678674 0.2085580 0.0130259 0.0147339
19 0.2884090 0.3490970 0.0286571 0.0170007
8 0.3613544 0.3490970 0.0286571 0.0170007
17 0.4342998 0.3490970 0.0286571 0.0170007
23 0.0695729 0.4102995 0.0286571 0.0170007
26 0.1425183 0.4102995 0.0286571 0.0170007
16 0.3613544 0.4102995 0.0286571 0.0170007
24 0.4342998 0.4102995 0.0286571 0.0170007
1 0.2154636 0.4715020 0.0286571 0.0170007
31 0.2884090 0.4715020 0.0286571 0.0170007
15 0.1425183 0.5327045 0.0286571 0.0170007
9 0.2154636 0.5327045 0.0286571 0.0170007
13 0.5072452 0.5327045 0.0286571 0.0170007
4 0.2154636 0.5939070 0.0286571 0.0170007
7 0.2884090 0.5939070 0.0286571 0.0170007
25 0.5072452 0.5939070 0.0286571 0.0170007
11 0.0695729 0.6551095 0.0286571 0.0170007
34 0.1425183 0.6556762 0.0677350 0.0612025
12 0.1425183 0.6551095 0.0286571 0.0170007
10 0.2154636 0.6551095 0.0286571 0.0170007
14 0.4342998 0.6551095 0.0286571 0.0170007
2 0.5072452 0.6551095 0.0286571 0.0170007
20 0.5072452 0.4715020 0.0286571 0.0170007
1 0.0695729 0.5327045 0.0286571 0.0170007
7 0.3613544 0.5939070 0.0286571 0.0170007
17 0.5072452 0.4102995 0.0286571 0.0170007
12 0.0695729 0.5939070 0.0286571 0.0170007
12 0.4342998 0.5939070 0.0286571 0.0170007
16 0.3613544 0.5327045 0.0286571 0.0170007
21 0.2884090 0.4102995 0.0286571 0.0170007
11 0.2884090 0.5327045 0.0286571 0.0170007
13 0.0695729 0.4715020 0.0286571 0.0170007
12 0.4342998 0.5327045 0.0286571 0.0170007
20 0.2884090 0.6551095 0.0286571 0.0170007
13 0.1425183 0.5939070 0.0286571 0.0170007
28 0.4342998 0.4715020 0.0286571 0.0170007
20 0.2154636 0.4102995 0.0286571 0.0170007
31 0.2154636 0.3490970 0.0286571 0.0170007
8 0.1425183 0.3490970 0.0286571 0.0170007
10 0.0695729 0.3490970 0.0286571 0.0170007
20 0.3613544 0.4715020 0.0286571 0.0170007
23 0.3613544 0.6551095 0.0286571 0.0170007
