21 0.7619613 0.4485553 0.0276070 0.0171398
20 0.4106000 0.2017420 0.0276070 0.0171398
32 0.6220442 0.3194354 0.5082190 0.5039103
33 0.6967085 0.0954752 0.0100389 0.0125692
34 0.6916891 0.2011707 0.0652528 0.0617033
8 0.6916891 0.2017420 0.0276070 0.0171398
9 0.4808723 0.2628740 0.0276069 0.0159971
26 0.5511445 0.2628740 0.0276070 0.0159971
6 0.5511445 0.3251487 0.0276070 0.0171398
8 0.6916891 0.3251487 0.0276070 0.0171398
25 0.7619613 0.3251487 0.0276070 0.0171398
11 0.5511445 0.3868520 0.0276070 0.0171398
15 0.6916891 0.3868520 0.0276070 0.0171398
17 0.7619613 0.3868520 0.0276070 0.0171398
2 0.8322335 0.3868520 0.0276070 0.0171398
23 0.4808723 0.4485553 0.0276069 0.0171398
16 0.6916891 0.4485553 0.0276070 0.0171398
27 0.8322335 0.4485553 0.0276070 0.0171398
30 0.4808723 0.3251487 0.0276069 0.0171398
16 0.4106000 0.3251487 0.0276070 0.0171398
5 0.6214168 0.4485553 0.0276070 0.0171398
15 0.7619613 0.2017420 0.0276070 0.0171398
11 0.4808723 0.3868520 0.0276069 0.0171398
13 0.4808723 0.2017420 0.0276069 0.0171398
12 0.7619613 0.2628740 0.0276070 0.0159971
8 0.8322335 0.3251487 0.0276070 0.0171398
12 0.6214168 0.2017420 0.0276070 0.0171398
2 0.4106000 0.4485553 0.0276070 0.0171398
18 0.4106000 0.3868520 0.0276070 0.0171398
17 0.6214168 0.3868520 0.0276070 0.0171398
14 0.5511445 0.2017420 0.0276070 0.0171398
21 0.8322335 0.2628740 0.0276070 0.0159971
26 0.5511445 0.4485553 0.0276070 0.0171398
18 0.6916891 0.2628740 0.0276070 0.0159971
17 0.4106000 0.2628740 0.0276070 0.0159971
14 0.8322335 0.2017420 0.0276070 0.0171398
26 0.6214168 0.3251487 0.0276070 0.0171398
20 0.6214168 0.2628740 0.0276070 0.0159971
