2 0.5490531 0.2550346 0.0251194 0.0160297
15 0.3874900 0.3054138 0.0239776 0.0160297
32 0.3897736 0.2441573 0.4258871 0.4293674
33 0.5707471 0.0769903 0.0091343 0.0125948
6 0.2259270 0.1554214 0.0251194 0.0160297
28 0.2807328 0.1554214 0.0251194 0.0160297
21 0.4405832 0.1554214 0.0251194 0.0160297
29 0.5490531 0.1554214 0.0251194 0.0160297
31 0.2259270 0.2046555 0.0251194 0.0160297
5 0.3874900 0.2046555 0.0239776 0.0160297
26 0.4405832 0.2046555 0.0251194 0.0160297
27 0.5490531 0.2046555 0.0251194 0.0160297
24 0.2807328 0.2550346 0.0251194 0.0160297
12 0.3338260 0.2550346 0.0239776 0.0160297
16 0.4405832 0.2550346 0.0251194 0.0160297
15 0.4942473 0.2550346 0.0251194 0.0160297
35 0.2259270 0.3054138 0.0456715 0.0457992
11 0.2259270 0.3054138 0.0251194 0.0160297
2 0.2807328 0.3054138 0.0251194 0.0160297
19 0.4405832 0.3054138 0.0251194 0.0160297
1 0.2807328 0.3563653 0.0251194 0.0171747
9 0.4942473 0.3563653 0.0251194 0.0171747
14 0.2259270 0.4067444 0.0251194 0.0171747
25 0.4405832 0.4067444 0.0251194 0.0171747
23 0.5490531 0.4067444 0.0251194 0.0171747
10 0.3874900 0.2550346 0.0239776 0.0160297
20 0.3874900 0.4067444 0.0239776 0.0171747
2 0.2807328 0.4067444 0.0251194 0.0171747
21 0.3874900 0.3563653 0.0239776 0.0171747
6 0.3338260 0.2046555 0.0239776 0.0160297
11 0.4942473 0.4067444 0.0251194 0.0171747
10 0.5490531 0.3054138 0.0251194 0.0160297
4 0.3338260 0.4067444 0.0239776 0.0171747
28 0.2259270 0.3563653 0.0251194 0.0171747
16 0.5490531 0.3563653 0.0251194 0.0171747
25 0.3338260 0.3563653 0.0239776 0.0171747
23 0.4942473 0.1554214 0.0251194 0.0160297
11 0.4942473 0.2046555 0.0251194 0.0160297
3 0.3338260 0.3054138 0.0239776 0.0160297
16 0.3874900 0.1554214 0.0239776 0.0160297
21 0.2259270 0.2550346 0.0251194 0.0160297
12 0.4942473 0.3054138 0.0251194 0.0160297
9 0.2807328 0.2046555 0.0251194 0.0160297
29 0.3338260 0.1554214 0.0239776 0.0160297
14 0.4405832 0.3563653 0.0251194 0.0171747
