8 0.7537543 0.3038423 0.0242051 0.0169195
1 0.8142670 0.5378947 0.0253577 0.0157915
32 0.6926653 0.4070510 0.4160965 0.4308820
33 0.8811191 0.2090934 0.0115262 0.0169195
10 0.5145853 0.3038423 0.0253577 0.0169195
8 0.5145853 0.3624964 0.0253577 0.0169195
14 0.6938180 0.3624964 0.0242051 0.0169195
11 0.7537543 0.3624964 0.0242051 0.0169195
30 0.8142670 0.3624964 0.0253577 0.0169195
4 0.5145853 0.4217144 0.0253577 0.0157915
23 0.5745216 0.4217144 0.0253577 0.0157915
22 0.6333053 0.4217144 0.0253577 0.0157915
15 0.6938180 0.4217144 0.0242051 0.0157915
20 0.5145853 0.4803686 0.0253577 0.0157915
34 0.8730507 0.4803686 0.0507154 0.0496303
11 0.8730507 0.4803686 0.0253577 0.0157915
26 0.5145853 0.5378947 0.0253577 0.0157915
2 0.7537543 0.5378947 0.0242051 0.0157915
27 0.5145853 0.5971128 0.0253577 0.0169194
29 0.5745216 0.5971128 0.0253577 0.0169194
6 0.6938180 0.5971128 0.0242051 0.0169194
12 0.7537543 0.5971128 0.0242051 0.0169194
17 0.8142670 0.5971128 0.0253577 0.0169194
13 0.8730507 0.5971128 0.0253577 0.0169194
8 0.8142670 0.4803686 0.0253577 0.0157915
11 0.6938180 0.3038423 0.0242051 0.0169195
16 0.5745216 0.4803686 0.0253577 0.0157915
27 0.5745216 0.3038423 0.0253577 0.0169195
21 0.6333053 0.5378947 0.0253577 0.0157915
15 0.8730507 0.5378947 0.0253577 0.0157915
7 0.8730507 0.3038423 0.0253577 0.0169195
6 0.5745216 0.5378947 0.0253577 0.0157915
9 0.6333053 0.3038423 0.0253577 0.0169195
21 0.7537543 0.4217144 0.0242051 0.0157915
6 0.6333053 0.3624964 0.0253577 0.0169195
19 0.6333053 0.4803686 0.0253577 0.0157915
16 0.8142670 0.4217144 0.0253577 0.0157915
11 0.8730507 0.3624964 0.0253577 0.0169195
25 0.7537543 0.4803686 0.0242051 0.0157915
7 0.6333053 0.5971128 0.0253577 0.0169194
4 0.5745216 0.3624964 0.0253577 0.0169195
3 0.8730507 0.4217144 0.0253577 0.0157915
6 0.6938180 0.5378947 0.0242051 0.0157915
20 0.6938180 0.4803686 0.0242051 0.0157915
17 0.8142670 0.3038423 0.0253577 0.0169195
