13 0.1973656 0.4029339 0.0280726 0.0167012
28 0.1259081 0.3428097 0.0280726 0.0167012
32 0.3396428 0.4162949 0.5116873 0.4843342
33 0.4187566 0.1863753 0.0114843 0.0133609
24 0.2688232 0.2826854 0.0280726 0.0167012
12 0.3402808 0.2826854 0.0280726 0.0167012
22 0.4831960 0.3428097 0.0280726 0.0167012
13 0.1259081 0.4029339 0.0280726 0.0167012
7 0.4831960 0.4029339 0.0280726 0.0167012
14 0.1259081 0.4630582 0.0280726 0.0167012
3 0.1973656 0.4630582 0.0280726 0.0167012
34 0.4117384 0.4636148 0.0663535 0.0601242
15 0.4117384 0.4630582 0.0280726 0.0167012
23 0.5546535 0.4630582 0.0280726 0.0167012
8 0.2688232 0.5231824 0.0280726 0.0167012
19 0.4117384 0.5231824 0.0280726 0.0167012
4 0.4831960 0.5231824 0.0280726 0.0167012
2 0.2688232 0.3428097 0.0280726 0.0167012
15 0.1259081 0.2826854 0.0280726 0.0167012
27 0.5546535 0.5231824 0.0280726 0.0167012
25 0.3402808 0.4630582 0.0280726 0.0167012
30 0.1259081 0.5231824 0.0280726 0.0167012
18 0.1973656 0.5231824 0.0280726 0.0167012
25 0.2688232 0.4029339 0.0280726 0.0167012
1 0.5546535 0.3428097 0.0280726 0.0167012
1 0.4117384 0.3428097 0.0280726 0.0167012
4 0.4831960 0.4630582 0.0280726 0.0167012
16 0.1973656 0.3428097 0.0280726 0.0167012
6 0.4117384 0.4029339 0.0280726 0.0167012
25 0.4831960 0.2826854 0.0280726 0.0167012
24 0.5546535 0.2826854 0.0280726 0.0167012
20 0.3402808 0.5231824 0.0280726 0.0167012
25 0.5546535 0.4029339 0.0280726 0.0167012
30 0.1973656 0.2826854 0.0280726 0.0167012
5 0.4117384 0.2826854 0.0280726 0.0167012
31 0.3402808 0.3428097 0.0280726 0.0167012
17 0.3402808 0.4029339 0.0280726 0.0167012
6 0.2688232 0.4630582 0.0280726 0.0167012
