27 0.2684848 0.4354183 0.0286014 0.0161052
13 0.4140922 0.4928602 0.0286014 0.0150315
32 0.4147422 0.5460074 0.5265266 0.4734930
33 0.4920961 0.3355661 0.0104005 0.0118105
22 0.1956812 0.4354183 0.0286015 0.0161052
3 0.5596996 0.4354183 0.0286014 0.0161052
17 0.2684848 0.4928602 0.0286014 0.0150315
20 0.5596996 0.4928602 0.0286014 0.0150315
34 0.6325032 0.4928602 0.0676034 0.0579787
19 0.6325032 0.4928602 0.0286014 0.0150315
23 0.1956812 0.5513758 0.0286015 0.0161052
25 0.2684848 0.5513758 0.0286014 0.0161052
30 0.3412885 0.5513758 0.0286015 0.0161052
27 0.4140922 0.5513758 0.0286014 0.0161052
11 0.5596996 0.5513758 0.0286014 0.0161052
26 0.6325032 0.5513758 0.0286014 0.0161052
21 0.1956812 0.6093545 0.0286015 0.0161051
7 0.2684848 0.6093545 0.0286014 0.0161051
13 0.4140922 0.6093545 0.0286014 0.0161051
2 0.5596996 0.6093545 0.0286014 0.0161051
10 0.6325032 0.6093545 0.0286014 0.0161051
14 0.1956812 0.6673332 0.0286015 0.0161053
16 0.2684848 0.7247752 0.0286014 0.0150316
15 0.4140922 0.7247752 0.0286014 0.0150316
17 0.6325032 0.4354183 0.0286014 0.0161052
14 0.2684848 0.6673332 0.0286014 0.0161053
9 0.3412885 0.6673332 0.0286015 0.0161053
14 0.4868959 0.4354183 0.0286015 0.0161052
29 0.3412885 0.6093545 0.0286015 0.0161051
13 0.4868959 0.6093545 0.0286015 0.0161051
15 0.6325032 0.7247752 0.0286014 0.0150316
9 0.4868959 0.4928602 0.0286015 0.0150315
25 0.5596996 0.6673332 0.0286014 0.0161053
10 0.3412885 0.7247752 0.0286015 0.0150316
5 0.5596996 0.7247752 0.0286014 0.0150316
11 0.6325032 0.6673332 0.0286014 0.0161053
24 0.4868959 0.5513758 0.0286015 0.0161052
2 0.1956812 0.4928602 0.0286015 0.0150315
16 0.4140922 0.6673332 0.0286014 0.0161053
26 0.4868959 0.6673332 0.0286015 0.0161053
26 0.1956812 0.7247752 0.0286015 0.0150316
12 0.4140922 0.4354183 0.0286014 0.0161052
2 0.3412885 0.4354183 0.0286015 0.0161052
1 0.3412885 0.4928602 0.0286015 0.0150315
15 0.4868959 0.7247752 0.0286015 0.0150316
