21 0.3290562 0.3820328 0.0266995 0.0174159
21 0.4649809 0.3820328 0.0266995 0.0174159
32 0.2604871 0.5213599 0.4866587 0.5050607
33 0.3357311 0.2816012 0.0109225 0.0139327
4 0.0572070 0.3820328 0.0266995 0.0174159
15 0.1251693 0.3820328 0.0266995 0.0174159
11 0.1931316 0.3820328 0.0266995 0.0174159
18 0.1931316 0.4447300 0.0266995 0.0174159
17 0.2610939 0.4447300 0.0266995 0.0174159
10 0.3290562 0.4447300 0.0266995 0.0174159
34 0.1931316 0.5080077 0.0631079 0.0626971
4 0.1931316 0.5074272 0.0266995 0.0174158
2 0.1251693 0.5701244 0.0266995 0.0174159
7 0.4649809 0.5701244 0.0266995 0.0174159
6 0.1251693 0.6328216 0.0266995 0.0174159
16 0.1931316 0.6328216 0.0266995 0.0174159
20 0.3290562 0.6328216 0.0266995 0.0174159
2 0.1251693 0.5074272 0.0266995 0.0174158
4 0.4649809 0.4447300 0.0266995 0.0174159
30 0.2610939 0.6328216 0.0266995 0.0174159
1 0.4649809 0.5074272 0.0266995 0.0174158
31 0.1931316 0.5701244 0.0266995 0.0174159
16 0.1251693 0.4447300 0.0266995 0.0174159
5 0.0572070 0.4447300 0.0266995 0.0174159
28 0.3970186 0.5701244 0.0266995 0.0174159
13 0.0572070 0.5701244 0.0266995 0.0174159
20 0.0572070 0.6328216 0.0266995 0.0174159
4 0.3970186 0.5074272 0.0266995 0.0174158
31 0.2610939 0.5074272 0.0266995 0.0174158
25 0.0572070 0.5074272 0.0266995 0.0174158
6 0.2610939 0.5701244 0.0266995 0.0174159
23 0.3970186 0.3820328 0.0266995 0.0174159
15 0.3970186 0.6328216 0.0266995 0.0174159
3 0.3290562 0.5701244 0.0266995 0.0174159
25 0.3290562 0.5074272 0.0266995 0.0174158
27 0.3970186 0.4447300 0.0266995 0.0174159
21 0.4649809 0.6328216 0.0266995 0.0174159
5 0.2610939 0.3820328 0.0266995 0.0174159
