1 0.3571592 0.3920486 0.0278803 0.0160816
8 0.7119997 0.6236243 0.0278804 0.0160817
32 0.5706971 0.5024759 0.5132514 0.4728004
33 0.6461008 0.2923424 0.0101382 0.0117932
6 0.4281273 0.3920486 0.0278803 0.0160816
18 0.4990954 0.3920486 0.0278803 0.0160816
17 0.7829678 0.3920486 0.0278802 0.0160816
14 0.5700635 0.4494065 0.0278803 0.0150096
13 0.7119997 0.4494065 0.0278804 0.0150096
24 0.7829678 0.4494065 0.0278802 0.0150096
2 0.6410316 0.5078365 0.0278803 0.0160817
34 0.7829678 0.5073004 0.0658990 0.0578939
13 0.7829678 0.5078365 0.0278802 0.0160817
22 0.3571592 0.5657304 0.0278803 0.0160816
9 0.3571592 0.6236243 0.0278803 0.0160817
21 0.5700635 0.6236243 0.0278803 0.0160817
12 0.7829678 0.6236243 0.0278802 0.0160817
24 0.6410316 0.6236243 0.0278803 0.0160817
12 0.4281273 0.4494065 0.0278803 0.0150096
9 0.4990954 0.5078365 0.0278803 0.0160817
8 0.3571592 0.5078365 0.0278803 0.0160817
4 0.4990954 0.5657304 0.0278803 0.0160816
27 0.5700635 0.5078365 0.0278803 0.0160817
29 0.5700635 0.5657304 0.0278803 0.0160816
26 0.6410316 0.5657304 0.0278803 0.0160816
6 0.5700635 0.3920486 0.0278803 0.0160816
21 0.4281273 0.5078365 0.0278803 0.0160817
8 0.4990954 0.4494065 0.0278803 0.0150096
7 0.3571592 0.4494065 0.0278803 0.0150096
15 0.7119997 0.5657304 0.0278804 0.0160816
21 0.4281273 0.5657304 0.0278803 0.0160816
25 0.4281273 0.6236243 0.0278803 0.0160817
24 0.7119997 0.5078365 0.0278804 0.0160817
26 0.7829678 0.5657304 0.0278802 0.0160816
4 0.6410316 0.3920486 0.0278803 0.0160816
4 0.7119997 0.3920486 0.0278804 0.0160816
21 0.6410316 0.4494065 0.0278803 0.0150096
24 0.4990954 0.6236243 0.0278803 0.0160817
