24 0.4604808 0.3168013 0.0284281 0.0167191
17 0.5328434 0.4371789 0.0284282 0.0167191
32 0.5328434 0.4656013 0.5220444 0.4948853
33 0.6123130 0.2298620 0.0116297 0.0144899
24 0.3881181 0.3168013 0.0284282 0.0167191
9 0.3157556 0.3769901 0.0284282 0.0167191
30 0.4604808 0.3769901 0.0284281 0.0167191
21 0.5328434 0.3769901 0.0284282 0.0167191
28 0.6052060 0.3769901 0.0284282 0.0167191
13 0.6775686 0.3769901 0.0284282 0.0167191
34 0.7499312 0.3775474 0.0671939 0.0601888
10 0.7499312 0.3769901 0.0284282 0.0167191
18 0.3881181 0.4371789 0.0284282 0.0167191
20 0.6775686 0.4371789 0.0284282 0.0167191
22 0.7499312 0.4371789 0.0284282 0.0167191
3 0.6775686 0.4973676 0.0284282 0.0167191
2 0.7499312 0.4973676 0.0284282 0.0167191
27 0.6052060 0.5575563 0.0284282 0.0167191
15 0.6052060 0.4371789 0.0284282 0.0167191
8 0.3881181 0.5575563 0.0284282 0.0167191
6 0.5328434 0.5575563 0.0284282 0.0167191
30 0.5328434 0.3168013 0.0284282 0.0167191
22 0.3157556 0.4371789 0.0284282 0.0167191
16 0.6052060 0.4973676 0.0284282 0.0167191
11 0.6052060 0.3168013 0.0284282 0.0167191
11 0.6775686 0.3168013 0.0284282 0.0167191
17 0.7499312 0.3168013 0.0284282 0.0167191
6 0.4604808 0.5575563 0.0284281 0.0167191
14 0.5328434 0.4973676 0.0284282 0.0167191
6 0.6775686 0.5575563 0.0284282 0.0167191
16 0.3881181 0.4973676 0.0284282 0.0167191
16 0.7499312 0.5575563 0.0284282 0.0167191
21 0.3157556 0.5575563 0.0284282 0.0167191
10 0.3881181 0.3769901 0.0284282 0.0167191
14 0.4604808 0.4371789 0.0284281 0.0167191
5 0.4604808 0.4973676 0.0284281 0.0167191
26 0.3157556 0.3168013 0.0284282 0.0167191
10 0.3157556 0.4973676 0.0284282 0.0167191
