22 0.8466975 0.3014422 0.0238177 0.0159565
10 0.5100012 0.1823380 0.0238177 0.0170963
32 0.6729361 0.2666797 0.3908275 0.3909354
33 0.8558997 0.0854589 0.0097437 0.0148168
25 0.7346457 0.1823380 0.0227351 0.0170963
23 0.6783493 0.2416051 0.0227351 0.0170963
34 0.7914836 0.2416052 0.0476355 0.0512889
10 0.7914836 0.2416051 0.0238177 0.0170963
30 0.5662976 0.3014422 0.0238177 0.0159565
8 0.6783493 0.3014422 0.0227351 0.0159565
20 0.7346457 0.3014422 0.0227351 0.0159565
12 0.7914836 0.3014422 0.0238177 0.0159565
24 0.6783493 0.3607094 0.0227351 0.0159565
21 0.7346457 0.3607094 0.0227351 0.0159565
4 0.5100012 0.4188368 0.0238177 0.0159566
9 0.6215115 0.4188368 0.0238177 0.0159566
2 0.6783493 0.4188368 0.0227351 0.0159566
25 0.7914836 0.1823380 0.0238177 0.0170963
14 0.7914836 0.4188368 0.0238177 0.0159566
14 0.5100012 0.3014422 0.0238177 0.0159565
14 0.8466975 0.1823380 0.0238177 0.0170963
22 0.7914836 0.3607094 0.0238177 0.0159565
22 0.8466975 0.2416051 0.0238177 0.0170963
31 0.6215115 0.1823380 0.0238177 0.0170963
13 0.6783493 0.1823380 0.0227351 0.0170963
23 0.6215115 0.3014422 0.0238177 0.0159565
20 0.6215115 0.3607094 0.0238177 0.0159565
4 0.8466975 0.4188368 0.0238177 0.0159566
21 0.5662976 0.2416051 0.0238177 0.0170963
23 0.5100012 0.3607094 0.0238177 0.0159565
30 0.7346457 0.2416051 0.0227351 0.0170963
16 0.5662976 0.4188368 0.0238177 0.0159566
28 0.8466975 0.3607094 0.0238177 0.0159565
1 0.5662976 0.1823380 0.0238177 0.0170963
22 0.5662976 0.3607094 0.0238177 0.0159565
25 0.7346457 0.4188368 0.0227351 0.0159566
18 0.5100012 0.2416051 0.0238177 0.0170963
28 0.6215115 0.2416051 0.0238177 0.0170963
