18 0.7589402 0.4330430 0.0273784 0.0169143
23 0.7589402 0.2503686 0.0273784 0.0169143
32 0.5498685 0.4009058 0.5027674 0.5006632
33 0.6264037 0.1624142 0.0112003 0.0146591
9 0.3407970 0.2503686 0.0273784 0.0169143
12 0.4801780 0.3112600 0.0273785 0.0169143
1 0.5498686 0.3112600 0.0273785 0.0169143
4 0.4801780 0.3721515 0.0273785 0.0169143
8 0.6892496 0.3721515 0.0273784 0.0169143
25 0.7589402 0.3721515 0.0273784 0.0169143
27 0.3407970 0.4330430 0.0273784 0.0169143
11 0.5498686 0.4330430 0.0273785 0.0169143
28 0.6195591 0.4330430 0.0273784 0.0169143
18 0.6892496 0.4330430 0.0273784 0.0169143
34 0.4104875 0.4944983 0.0647126 0.0608915
21 0.4104875 0.4939345 0.0273784 0.0169143
2 0.6892496 0.4939345 0.0273784 0.0169143
18 0.6195591 0.2503686 0.0273784 0.0169143
12 0.7589402 0.3112600 0.0273784 0.0169143
5 0.4104875 0.4330430 0.0273784 0.0169143
26 0.6892496 0.2503686 0.0273784 0.0169143
28 0.4801780 0.2503686 0.0273785 0.0169143
11 0.6892496 0.3112600 0.0273784 0.0169143
6 0.3407970 0.4939345 0.0273784 0.0169143
31 0.4104875 0.3112600 0.0273784 0.0169143
3 0.4801780 0.4939345 0.0273785 0.0169143
20 0.4104875 0.3721515 0.0273784 0.0169143
24 0.4104875 0.2503686 0.0273784 0.0169143
22 0.6195591 0.3721515 0.0273784 0.0169143
1 0.6195591 0.3112600 0.0273784 0.0169143
25 0.6195591 0.4939345 0.0273784 0.0169143
11 0.3407970 0.3112600 0.0273784 0.0169143
3 0.7589402 0.4939345 0.0273784 0.0169143
30 0.5498686 0.2503686 0.0273785 0.0169143
1 0.3407970 0.3721515 0.0273784 0.0169143
7 0.5498686 0.4939345 0.0273785 0.0169143
11 0.5498686 0.3721515 0.0273785 0.0169143
24 0.4801780 0.4330430 0.0273785 0.0169143
