20 0.2791000 0.5122864 0.0271113 0.0164783
15 0.4861314 0.6309304 0.0271112 0.0164783
32 0.4861314 0.5996216 0.4978612 0.4877590
33 0.5619197 0.3672770 0.0110910 0.0142812
15 0.2791000 0.4529644 0.0271113 0.0164783
26 0.3481105 0.4529644 0.0271112 0.0164783
22 0.4171210 0.4529644 0.0271112 0.0164783
21 0.6241523 0.4529644 0.0271113 0.0164783
12 0.6931628 0.4529644 0.0271113 0.0164783
29 0.4861314 0.5122864 0.0271112 0.0164783
7 0.3481105 0.5716085 0.0271112 0.0164783
27 0.2791000 0.6309304 0.0271113 0.0164783
31 0.5551419 0.6309304 0.0271112 0.0164783
34 0.6931628 0.6314798 0.0640812 0.0593220
5 0.6931628 0.6309304 0.0271113 0.0164783
13 0.2791000 0.6902525 0.0271113 0.0164783
30 0.3481105 0.6902525 0.0271112 0.0164783
8 0.4171210 0.6902525 0.0271112 0.0164783
25 0.5551419 0.6902525 0.0271112 0.0164783
2 0.6241523 0.6902525 0.0271113 0.0164783
19 0.2791000 0.7495745 0.0271113 0.0164783
10 0.4171210 0.7495745 0.0271112 0.0164783
24 0.5551419 0.7495745 0.0271112 0.0164783
14 0.6931628 0.7495745 0.0271113 0.0164783
2 0.6931628 0.5122864 0.0271113 0.0164783
18 0.3481105 0.7495745 0.0271112 0.0164783
8 0.5551419 0.5122864 0.0271112 0.0164783
31 0.4861314 0.4529644 0.0271112 0.0164783
12 0.3481105 0.5122864 0.0271112 0.0164783
7 0.6931628 0.6902525 0.0271113 0.0164783
28 0.4861314 0.7495745 0.0271112 0.0164783
21 0.6241523 0.5122864 0.0271113 0.0164783
25 0.6241523 0.7495745 0.0271113 0.0164783
28 0.4171210 0.5122864 0.0271112 0.0164783
14 0.4171210 0.6309304 0.0271112 0.0164783
28 0.4861314 0.5716085 0.0271112 0.0164783
26 0.3481105 0.6309304 0.0271112 0.0164783
9 0.6241523 0.6309304 0.0271113 0.0164783
19 0.6931628 0.5716085 0.0271113 0.0164783
27 0.5551419 0.5716085 0.0271112 0.0164783
18 0.2791000 0.5716085 0.0271113 0.0164783
31 0.4861314 0.6902525 0.0271112 0.0164783
20 0.5551419 0.4529644 0.0271112 0.0164783
10 0.6241523 0.5716085 0.0271113 0.0164783
9 0.4171210 0.5716085 0.0271112 0.0164783
