1 0.8331644 0.6234246 0.0235079 0.0149799
28 0.7215017 0.5116100 0.0224394 0.0160500
32 0.7204331 0.5538749 0.3857437 0.4087388
33 0.8951398 0.3660904 0.0106854 0.0160499
1 0.5553434 0.4559701 0.0235079 0.0160499
30 0.6654032 0.4559701 0.0235080 0.0160499
28 0.7215017 0.4559701 0.0224394 0.0160499
5 0.7770659 0.4559701 0.0224394 0.0160499
8 0.8876600 0.4559701 0.0235079 0.0160499
2 0.5553434 0.5116100 0.0235079 0.0160500
4 0.6109076 0.5116100 0.0235079 0.0160500
26 0.6109076 0.5677848 0.0235079 0.0149800
6 0.6654032 0.5677848 0.0235080 0.0149800
21 0.7770659 0.5677848 0.0224394 0.0149800
16 0.5553434 0.6234246 0.0235079 0.0149799
12 0.7215017 0.6234246 0.0224394 0.0149799
31 0.8876600 0.6234246 0.0235079 0.0149799
25 0.6654032 0.6779945 0.0235080 0.0149801
34 0.7776002 0.6779945 0.0470159 0.0470799
27 0.7770659 0.6779945 0.0224394 0.0149801
14 0.8331644 0.6779945 0.0235079 0.0149801
17 0.5553434 0.7341693 0.0235079 0.0160499
9 0.8331644 0.7341693 0.0235079 0.0160499
10 0.8876600 0.7341693 0.0235079 0.0160499
14 0.5553434 0.5677848 0.0235079 0.0149800
12 0.7215017 0.7341693 0.0224394 0.0160499
17 0.8876600 0.5116100 0.0235079 0.0160500
20 0.5553434 0.6779945 0.0235079 0.0149801
24 0.7770659 0.6234246 0.0224394 0.0149799
24 0.6109076 0.7341693 0.0235079 0.0160499
27 0.7770659 0.7341693 0.0224394 0.0160499
15 0.6654032 0.7341693 0.0235080 0.0160499
13 0.6109076 0.6234246 0.0235079 0.0149799
5 0.8331644 0.5116100 0.0235079 0.0160500
4 0.6109076 0.6779945 0.0235079 0.0149801
1 0.7215017 0.5677848 0.0224394 0.0149800
10 0.6109076 0.4559701 0.0235079 0.0160499
7 0.6654032 0.6234246 0.0235080 0.0149799
20 0.7770659 0.5116100 0.0224394 0.0160500
30 0.8876600 0.5677848 0.0235079 0.0149800
25 0.8331644 0.4559701 0.0235079 0.0160499
30 0.8876600 0.6779945 0.0235079 0.0149801
16 0.8331644 0.5677848 0.0235079 0.0149800
17 0.7215017 0.6779945 0.0224394 0.0149801
16 0.6654032 0.5116100 0.0235080 0.0160500
