6 0.2390133 0.4344768 0.0282190 0.0170446
3 0.2390133 0.7412797 0.0282190 0.0170446
32 0.3820325 0.5310629 0.5143559 0.5033841
33 0.4609175 0.2935747 0.0128268 0.0147720
14 0.3826739 0.4344768 0.0282190 0.0170446
17 0.5263344 0.4344768 0.0282190 0.0170446
15 0.1671831 0.4958374 0.0282190 0.0170446
28 0.5263344 0.4958374 0.0282190 0.0170446
20 0.3108436 0.5571979 0.0282190 0.0170445
18 0.3826739 0.5571979 0.0282190 0.0170445
19 0.5263344 0.5571979 0.0282190 0.0170445
12 0.1671831 0.6185585 0.0282190 0.0170446
6 0.2390133 0.6185585 0.0282190 0.0170446
10 0.3108436 0.6185585 0.0282190 0.0170446
30 0.3826739 0.6185585 0.0282190 0.0170446
16 0.1671831 0.6799192 0.0282190 0.0170446
26 0.3108436 0.6799192 0.0282190 0.0170446
22 0.3826739 0.6799192 0.0282190 0.0170446
4 0.4545041 0.6799192 0.0282190 0.0170446
3 0.1671831 0.7412797 0.0282190 0.0170446
34 0.3108436 0.7418479 0.0666995 0.0613606
5 0.3108436 0.7412797 0.0282190 0.0170446
1 0.4545041 0.7412797 0.0282190 0.0170446
11 0.5981646 0.7412797 0.0282190 0.0170446
23 0.3108436 0.4958374 0.0282190 0.0170446
11 0.5263344 0.6799192 0.0282190 0.0170446
9 0.5981646 0.5571979 0.0282190 0.0170445
16 0.5981646 0.6185585 0.0282190 0.0170446
30 0.5981646 0.4344768 0.0282190 0.0170446
18 0.4545041 0.5571979 0.0282190 0.0170445
6 0.3826739 0.7412797 0.0282190 0.0170446
26 0.4545041 0.6185585 0.0282190 0.0170446
14 0.1671831 0.5571979 0.0282190 0.0170445
29 0.5981646 0.6799192 0.0282190 0.0170446
3 0.4545041 0.4958374 0.0282190 0.0170446
28 0.2390133 0.5571979 0.0282190 0.0170445
29 0.1671831 0.4344768 0.0282190 0.0170446
8 0.3108436 0.4344768 0.0282190 0.0170446
11 0.4545041 0.4344768 0.0282190 0.0170446
3 0.3826739 0.4958374 0.0282190 0.0170446
10 0.2390133 0.4958374 0.0282190 0.0170446
2 0.5263344 0.6185585 0.0282190 0.0170446
13 0.5981646 0.4958374 0.0282190 0.0170446
19 0.5263344 0.7412797 0.0282190 0.0170446
5 0.2390133 0.6799192 0.0282190 0.0170446
