24 0.2577888 0.4347207 0.0272328 0.0170982
25 0.1884689 0.3731671 0.0272328 0.0170983
32 0.2571699 0.3868457 0.4963802 0.4958483
33 0.3339169 0.1514602 0.0111407 0.0136786
10 0.1191489 0.2500600 0.0272328 0.0170982
19 0.1884689 0.2500600 0.0272328 0.0170982
30 0.2577888 0.2500600 0.0272328 0.0170982
8 0.3271087 0.2500600 0.0272328 0.0170982
25 0.0498290 0.3116135 0.0272328 0.0170982
31 0.1884689 0.3116135 0.0272328 0.0170982
1 0.2577888 0.3116135 0.0272328 0.0170982
2 0.3271087 0.3116135 0.0272328 0.0170982
18 0.4657486 0.3116135 0.0272329 0.0170982
13 0.4657486 0.3731671 0.0272329 0.0170983
7 0.1191489 0.4347207 0.0272328 0.0170982
22 0.1884689 0.4347207 0.0272328 0.0170982
14 0.3271087 0.4347207 0.0272328 0.0170982
21 0.4657486 0.4347207 0.0272329 0.0170982
12 0.1191489 0.4962743 0.0272328 0.0170983
26 0.1884689 0.4962743 0.0272328 0.0170983
17 0.2577888 0.4962743 0.0272328 0.0170983
11 0.0498290 0.5578279 0.0272328 0.0170982
34 0.3964287 0.5583978 0.0643685 0.0615536
11 0.3964287 0.5578279 0.0272328 0.0170982
15 0.4657486 0.5578279 0.0272329 0.0170982
4 0.1191489 0.3116135 0.0272328 0.0170982
14 0.3964287 0.3116135 0.0272328 0.0170982
31 0.0498290 0.2500600 0.0272328 0.0170982
29 0.3964287 0.4347207 0.0272328 0.0170982
30 0.3964287 0.2500600 0.0272328 0.0170982
28 0.1884689 0.5578279 0.0272328 0.0170982
23 0.2577888 0.5578279 0.0272328 0.0170982
19 0.3271087 0.5578279 0.0272328 0.0170982
18 0.3964287 0.3731671 0.0272328 0.0170983
30 0.4657486 0.2500600 0.0272329 0.0170982
5 0.2577888 0.3731671 0.0272328 0.0170983
20 0.1191489 0.5578279 0.0272328 0.0170982
26 0.1191489 0.3731671 0.0272328 0.0170983
30 0.4657486 0.4962743 0.0272329 0.0170983
29 0.3964287 0.4962743 0.0272328 0.0170983
31 0.3271087 0.3731671 0.0272328 0.0170983
17 0.3271087 0.4962743 0.0272328 0.0170983
1 0.0498290 0.3731671 0.0272328 0.0170983
23 0.0498290 0.4347207 0.0272328 0.0170982
30 0.0498290 0.4962743 0.0272328 0.0170983
