16 0.4180661 0.3153035 0.0284182 0.0173364
17 0.2010548 0.5025371 0.0284182 0.0173365
32 0.2727460 0.3511321 0.5179853 0.5120029
33 0.3521877 0.1095777 0.0129173 0.0150249
8 0.1287177 0.2528923 0.0284181 0.0173364
4 0.2010548 0.2528923 0.0284182 0.0173364
15 0.0563806 0.3153035 0.0284181 0.0173364
26 0.2010548 0.3153035 0.0284182 0.0173364
10 0.4904032 0.3153035 0.0284182 0.0173364
6 0.2010548 0.3777147 0.0284182 0.0173365
2 0.2733919 0.3777147 0.0284181 0.0173365
31 0.3457290 0.3777147 0.0284181 0.0173365
5 0.4904032 0.3777147 0.0284182 0.0173365
11 0.3457290 0.4401259 0.0284181 0.0173364
34 0.0563806 0.5031149 0.0671702 0.0624112
5 0.0563806 0.5025371 0.0284181 0.0173365
3 0.4904032 0.5025371 0.0284182 0.0173365
3 0.1287177 0.5025371 0.0284181 0.0173365
15 0.4180661 0.2528923 0.0284182 0.0173364
6 0.3457290 0.2528923 0.0284181 0.0173364
30 0.2733919 0.5025371 0.0284181 0.0173365
19 0.1287177 0.3153035 0.0284181 0.0173364
10 0.4904032 0.2528923 0.0284182 0.0173364
29 0.0563806 0.3777147 0.0284181 0.0173365
27 0.2733919 0.4401259 0.0284181 0.0173364
24 0.2010548 0.4401259 0.0284182 0.0173364
12 0.2733919 0.2528923 0.0284181 0.0173364
17 0.4180661 0.3777147 0.0284182 0.0173365
3 0.1287177 0.4401259 0.0284181 0.0173364
3 0.3457290 0.3153035 0.0284181 0.0173364
24 0.2733919 0.3153035 0.0284181 0.0173364
13 0.4180661 0.4401259 0.0284182 0.0173364
14 0.1287177 0.3777147 0.0284181 0.0173365
2 0.4904032 0.4401259 0.0284182 0.0173364
26 0.4180661 0.5025371 0.0284182 0.0173365
21 0.0563806 0.4401259 0.0284181 0.0173364
21 0.0563806 0.2528923 0.0284181 0.0173364
15 0.3457290 0.5025371 0.0284181 0.0173365
