26 0.5755916 0.3560926 0.0243981 0.0162119
28 0.3664653 0.4252635 0.0243981 0.0162119
32 0.4088715 0.3717641 0.3973399 0.4733884
33 0.5459654 0.1874885 0.0139418 0.0183735
12 0.3664653 0.2869217 0.0243981 0.0162120
3 0.4710284 0.2869217 0.0243981 0.0162120
34 0.5755916 0.2869217 0.0453107 0.0421510
18 0.5755916 0.2869217 0.0243981 0.0162120
7 0.3141838 0.3560926 0.0243981 0.0162119
16 0.5233100 0.3560926 0.0243981 0.0162119
18 0.4187469 0.4252635 0.0243981 0.0162119
15 0.2619022 0.4938940 0.0243981 0.0151312
10 0.3141838 0.4938940 0.0243981 0.0151312
14 0.3664653 0.4938940 0.0243981 0.0151312
6 0.2619022 0.5630649 0.0243981 0.0151312
23 0.3664653 0.5630649 0.0243981 0.0151312
2 0.4710284 0.5630649 0.0243981 0.0151312
6 0.5755916 0.5630649 0.0243981 0.0151312
17 0.5755916 0.4252635 0.0243981 0.0162119
5 0.4187469 0.2869217 0.0243981 0.0162120
19 0.4710284 0.3560926 0.0243981 0.0162119
25 0.5233100 0.2869217 0.0243981 0.0162120
22 0.3141838 0.4252635 0.0243981 0.0162119
7 0.2619022 0.2869217 0.0243981 0.0162120
7 0.2619022 0.4252635 0.0243981 0.0162119
19 0.5755916 0.4938940 0.0243981 0.0151312
7 0.3141838 0.5630649 0.0243981 0.0151312
17 0.3664653 0.3560926 0.0243981 0.0162119
6 0.4187469 0.4938940 0.0243981 0.0151312
11 0.4710284 0.4938940 0.0243981 0.0151312
1 0.5233100 0.4938940 0.0243981 0.0151312
19 0.5233100 0.4252635 0.0243981 0.0162119
14 0.2619022 0.3560926 0.0243981 0.0162119
26 0.4187469 0.3560926 0.0243981 0.0162119
26 0.4710284 0.4252635 0.0243981 0.0162119
17 0.5233100 0.5630649 0.0243981 0.0151312
4 0.3141838 0.2869217 0.0243981 0.0162120
21 0.4187469 0.5630649 0.0243981 0.0151312
