29 0.4823559 0.3033349 0.0264336 0.0174931
1 0.0786422 0.3033349 0.0264336 0.0174931
32 0.2804991 0.3330731 0.4854176 0.5177948
33 0.3543931 0.0864209 0.0108138 0.0151607
3 0.0786422 0.1773848 0.0264336 0.0174931
30 0.1459278 0.2403599 0.0264336 0.0174931
5 0.4150703 0.2403599 0.0264336 0.0174931
10 0.1459278 0.3033349 0.0264336 0.0174931
19 0.0786422 0.3663100 0.0264336 0.0174931
1 0.2132134 0.3663100 0.0264336 0.0174931
9 0.3477847 0.3663100 0.0264336 0.0174931
16 0.4150703 0.3663100 0.0264336 0.0174931
18 0.0786422 0.4292850 0.0264336 0.0174931
7 0.1459278 0.4292850 0.0264336 0.0174931
34 0.2804990 0.4298681 0.0624795 0.0629751
9 0.2804991 0.4292850 0.0264336 0.0174931
17 0.3477847 0.4292850 0.0264336 0.0174931
4 0.2804991 0.1773848 0.0264336 0.0174931
27 0.3477847 0.2403599 0.0264336 0.0174931
27 0.0786422 0.2403599 0.0264336 0.0174931
17 0.4150703 0.4292850 0.0264336 0.0174931
25 0.4823559 0.3663100 0.0264336 0.0174931
1 0.2132134 0.1773848 0.0264336 0.0174931
1 0.2132134 0.3033349 0.0264336 0.0174931
19 0.3477847 0.1773848 0.0264336 0.0174931
10 0.4150703 0.1773848 0.0264336 0.0174931
30 0.4150703 0.3033349 0.0264336 0.0174931
25 0.3477847 0.3033349 0.0264336 0.0174931
18 0.2132134 0.2403599 0.0264336 0.0174931
11 0.2132134 0.4292850 0.0264336 0.0174931
31 0.1459278 0.3663100 0.0264336 0.0174931
22 0.2804991 0.2403599 0.0264336 0.0174931
21 0.1459278 0.1773848 0.0264336 0.0174931
13 0.2804991 0.3663100 0.0264336 0.0174931
24 0.2804991 0.3033349 0.0264336 0.0174931
30 0.4823559 0.1773848 0.0264336 0.0174931
25 0.4823559 0.4292850 0.0264336 0.0174931
14 0.4823559 0.2403599 0.0264336 0.0174931
