7 0.4278945 0.3009721 0.0251607 0.0165986
12 0.6657772 0.4741512 0.0251607 0.0154921
32 0.5405457 0.3828587 0.4128637 0.3795555
33 0.7338254 0.2069132 0.0102930 0.0143855
31 0.5462640 0.3009721 0.0240170 0.0165986
20 0.6057347 0.3009721 0.0240170 0.0165986
2 0.7241042 0.3009721 0.0251607 0.0165986
10 0.3684238 0.3585141 0.0251607 0.0165986
4 0.6057347 0.3585141 0.0240170 0.0165986
23 0.3684238 0.4166093 0.0251607 0.0154921
34 0.6657772 0.4166093 0.0503213 0.0486893
24 0.6657772 0.4166093 0.0251607 0.0154921
9 0.3684238 0.4741512 0.0251607 0.0154921
27 0.4278945 0.4741512 0.0251607 0.0154921
26 0.5462640 0.4741512 0.0240170 0.0154921
1 0.6057347 0.4741512 0.0240170 0.0154921
21 0.3684238 0.5305866 0.0251607 0.0154920
7 0.6057347 0.4166093 0.0240170 0.0154921
29 0.4278945 0.3585141 0.0251607 0.0165986
14 0.7241042 0.3585141 0.0251607 0.0165986
7 0.6657772 0.3585141 0.0251607 0.0165986
13 0.4278945 0.4166093 0.0251607 0.0154921
19 0.4862215 0.4166093 0.0251607 0.0154921
13 0.6657772 0.5305866 0.0251607 0.0154920
23 0.4862215 0.3585141 0.0251607 0.0165986
26 0.7241042 0.4741512 0.0251607 0.0154921
10 0.4862215 0.4741512 0.0251607 0.0154921
9 0.6657772 0.3009721 0.0251607 0.0165986
7 0.5462640 0.5305866 0.0240170 0.0154920
7 0.3684238 0.3009721 0.0251607 0.0165986
1 0.7241042 0.5305866 0.0251607 0.0154920
25 0.5462640 0.4166093 0.0240170 0.0154921
3 0.4278945 0.5305866 0.0251607 0.0154920
7 0.4862215 0.5305866 0.0251607 0.0154920
24 0.6057347 0.5305866 0.0240170 0.0154920
1 0.7241042 0.4166093 0.0251607 0.0154921
20 0.5462640 0.3585141 0.0240170 0.0165986
14 0.4862215 0.3009721 0.0251607 0.0165986
