23 0.3279647 0.3498456 0.0234321 0.0158644
20 0.3780242 0.4495646 0.0234321 0.0158644
32 0.2832307 0.3679763 0.4026059 0.3784790
33 0.4493855 0.2246302 0.0085207 0.0147312
35 0.1277268 0.3011192 0.0426038 0.0453268
4 0.1277268 0.3011192 0.0234321 0.0158644
3 0.2283783 0.3011192 0.0223670 0.0158644
6 0.1277268 0.3498456 0.0234321 0.0158644
20 0.1788514 0.3498456 0.0234321 0.0158644
21 0.1277268 0.3997051 0.0234321 0.0158644
22 0.3780242 0.3997051 0.0234321 0.0158644
19 0.4291487 0.3997051 0.0234321 0.0158644
14 0.1788514 0.4495646 0.0234321 0.0158644
13 0.2283783 0.4495646 0.0223670 0.0158644
26 0.2784378 0.4495646 0.0223670 0.0158644
10 0.2283783 0.4999907 0.0223670 0.0169975
4 0.3780242 0.4999907 0.0234321 0.0169975
31 0.1788514 0.4999907 0.0234321 0.0169975
17 0.4291487 0.3498456 0.0234321 0.0158644
2 0.1788514 0.3997051 0.0234321 0.0158644
6 0.2784378 0.4999907 0.0223670 0.0169975
2 0.3279647 0.4999907 0.0234321 0.0169975
15 0.2784378 0.3997051 0.0223670 0.0158644
8 0.4291487 0.3011192 0.0234321 0.0158644
3 0.2283783 0.3498456 0.0223670 0.0158644
10 0.3279647 0.4495646 0.0234321 0.0158644
31 0.3279647 0.3011192 0.0234321 0.0158644
8 0.2784378 0.3011192 0.0223670 0.0158644
24 0.1277268 0.4495646 0.0234321 0.0158644
20 0.3780242 0.3498456 0.0234321 0.0158644
30 0.4291487 0.4999907 0.0234321 0.0169975
23 0.3780242 0.3011192 0.0234321 0.0158644
14 0.2784378 0.3498456 0.0223670 0.0158644
31 0.1277268 0.4999907 0.0234321 0.0169975
25 0.4291487 0.4495646 0.0234321 0.0158644
2 0.3279647 0.3997051 0.0234321 0.0158644
24 0.1788514 0.3011192 0.0234321 0.0158644
27 0.2283783 0.3997051 0.0223670 0.0158644
