4 0.4154882 0.1476091 0.0252029 0.0156460
28 0.5237461 0.3437425 0.0240573 0.0167635
32 0.5827439 0.2135457 0.4330317 0.3732682
33 0.7614553 0.0721731 0.0091647 0.0145284
14 0.5237461 0.1476091 0.0240573 0.0156460
27 0.6847011 0.1476091 0.0252029 0.0156460
5 0.7396891 0.1476091 0.0252028 0.0156460
23 0.6847011 0.1956646 0.0252029 0.0156460
19 0.7396891 0.1956646 0.0252028 0.0156460
29 0.5775887 0.2448376 0.0240573 0.0156460
21 0.6847011 0.2448376 0.0252029 0.0156460
16 0.7396891 0.2448376 0.0252028 0.0156460
20 0.4154882 0.2940107 0.0252029 0.0156460
18 0.4704763 0.2940107 0.0252029 0.0156460
35 0.6847010 0.3437425 0.0458234 0.0435852
23 0.6847011 0.3437425 0.0252029 0.0167635
17 0.7396891 0.3437425 0.0252028 0.0167635
18 0.4704763 0.3437425 0.0252029 0.0167635
17 0.5237461 0.2448376 0.0240573 0.0156460
26 0.4154882 0.2448376 0.0252029 0.0156460
18 0.5237461 0.1956646 0.0240573 0.0156460
6 0.5775887 0.1956646 0.0240573 0.0156460
18 0.4154882 0.1956646 0.0252029 0.0156460
7 0.6308584 0.1476091 0.0252029 0.0156460
22 0.4704763 0.1956646 0.0252029 0.0156460
21 0.4704763 0.2448376 0.0252029 0.0156460
4 0.6308584 0.2448376 0.0252029 0.0156460
15 0.6847011 0.2940107 0.0252029 0.0156460
28 0.4154882 0.3437425 0.0252029 0.0167635
31 0.6308584 0.2940107 0.0252029 0.0156460
4 0.5237461 0.2940107 0.0240573 0.0156460
6 0.7396891 0.2940107 0.0252028 0.0156460
19 0.5775887 0.2940107 0.0240573 0.0156460
22 0.6308584 0.1956646 0.0252029 0.0156460
11 0.4704763 0.1476091 0.0252029 0.0156460
12 0.6308584 0.3437425 0.0252029 0.0167635
22 0.5775887 0.3437425 0.0240573 0.0167635
15 0.5775887 0.1476091 0.0240573 0.0156460
