28 0.7912249 0.3823728 0.0243212 0.0162530
27 0.4783660 0.5872761 0.0243212 0.0174139
32 0.6370064 0.4224247 0.4123547 0.4353471
33 0.8122295 0.2529296 0.0088441 0.0127702
17 0.4783660 0.3324529 0.0243212 0.0162530
24 0.5828365 0.3324529 0.0232157 0.0162530
5 0.6347955 0.3324529 0.0232157 0.0162530
10 0.7381605 0.3324529 0.0243212 0.0162530
28 0.7912249 0.3324529 0.0243212 0.0162530
19 0.4783660 0.3823728 0.0243212 0.0162530
18 0.5828365 0.3823728 0.0232157 0.0162530
30 0.6347955 0.3823728 0.0232157 0.0162530
1 0.5828365 0.4334535 0.0232157 0.0162530
2 0.7381605 0.4334535 0.0243212 0.0162530
4 0.7912249 0.4334535 0.0243212 0.0162530
13 0.5828365 0.4845342 0.0232157 0.0162530
14 0.6347955 0.4845342 0.0232157 0.0162530
9 0.6862016 0.4845342 0.0243212 0.0162530
25 0.5828365 0.5361954 0.0232157 0.0174139
12 0.7381605 0.5361954 0.0243212 0.0174139
21 0.7912249 0.5361954 0.0243212 0.0174139
35 0.6862016 0.5872761 0.0442204 0.0452761
22 0.6862016 0.5872761 0.0243212 0.0174139
23 0.7912249 0.5872761 0.0243212 0.0174139
31 0.5314304 0.3324529 0.0243212 0.0162530
6 0.7381605 0.4845342 0.0243212 0.0162530
29 0.6347955 0.4334535 0.0232157 0.0162530
15 0.7912249 0.4845342 0.0243212 0.0162530
28 0.4783660 0.4845342 0.0243212 0.0162530
21 0.7381605 0.5872761 0.0243212 0.0174139
4 0.6862016 0.3823728 0.0243212 0.0162530
15 0.6862016 0.4334535 0.0243212 0.0162530
10 0.4783660 0.5361954 0.0243212 0.0174139
12 0.5314304 0.4334535 0.0243212 0.0162530
6 0.6347955 0.5872761 0.0232157 0.0174139
31 0.7381605 0.3823728 0.0243212 0.0162530
13 0.4783660 0.4334535 0.0243212 0.0162530
27 0.6862016 0.3324529 0.0243212 0.0162530
20 0.5314304 0.5361954 0.0243212 0.0174139
21 0.5314304 0.3823728 0.0243212 0.0162530
19 0.5314304 0.5872761 0.0243212 0.0174139
8 0.5314304 0.4845342 0.0243212 0.0162530
18 0.6347955 0.5361954 0.0232157 0.0174139
6 0.6862016 0.5361954 0.0243212 0.0174139
10 0.5828365 0.5872761 0.0232157 0.0174139
