4 0.5221545 0.4881174 0.0267804 0.0163137
19 0.3858181 0.3119301 0.0267803 0.0163136
32 0.4533777 0.3456450 0.4881331 0.4817962
33 0.5282410 0.1183416 0.0121729 0.0141385
29 0.4539864 0.2532010 0.0267804 0.0163136
34 0.5221545 0.2537448 0.0632991 0.0587291
21 0.5221545 0.2532010 0.0267804 0.0163136
2 0.5903228 0.2532010 0.0267804 0.0163136
10 0.6584910 0.2532010 0.0267804 0.0163136
20 0.2494817 0.3119301 0.0267804 0.0163136
27 0.5903228 0.3119301 0.0267804 0.0163136
4 0.6584910 0.3119301 0.0267804 0.0163136
28 0.2494817 0.3706592 0.0267804 0.0163136
21 0.5221545 0.3706592 0.0267804 0.0163136
5 0.4539864 0.4293883 0.0267804 0.0163137
22 0.6584910 0.4293883 0.0267804 0.0163137
30 0.3858181 0.4881174 0.0267803 0.0163137
23 0.4539864 0.4881174 0.0267804 0.0163137
15 0.5903228 0.4881174 0.0267804 0.0163137
25 0.2494817 0.5468466 0.0267804 0.0163137
7 0.3176499 0.5468466 0.0267804 0.0163137
24 0.4539864 0.5468466 0.0267804 0.0163137
31 0.5221545 0.5468466 0.0267804 0.0163137
8 0.6584910 0.5468466 0.0267804 0.0163137
26 0.3176499 0.4293883 0.0267804 0.0163137
26 0.2494817 0.2532010 0.0267804 0.0163136
17 0.3858181 0.3706592 0.0267803 0.0163136
9 0.3176499 0.3706592 0.0267804 0.0163136
14 0.4539864 0.3706592 0.0267804 0.0163136
25 0.5903228 0.5468466 0.0267804 0.0163137
2 0.3858181 0.2532010 0.0267803 0.0163136
3 0.5903228 0.4293883 0.0267804 0.0163137
7 0.5221545 0.4293883 0.0267804 0.0163137
1 0.3176499 0.3119301 0.0267804 0.0163136
30 0.2494817 0.4881174 0.0267804 0.0163137
22 0.3858181 0.4293883 0.0267803 0.0163137
28 0.5221545 0.3119301 0.0267804 0.0163136
28 0.4539864 0.3119301 0.0267804 0.0163136
16 0.2494817 0.4293883 0.0267804 0.0163137
13 0.6584910 0.4881174 0.0267804 0.0163137
4 0.3176499 0.4881174 0.0267804 0.0163137
26 0.3858181 0.5468466 0.0267803 0.0163137
1 0.3176499 0.2532010 0.0267804 0.0163136
18 0.5903228 0.3706592 0.0267804 0.0163136
26 0.6584910 0.3706592 0.0267804 0.0163136
