18 0.2180693 0.4225917 0.0279219 0.0168549
13 0.5023647 0.4832692 0.0279219 0.0168549
32 0.4312909 0.3905675 0.5127470 0.4989041
33 0.5093452 0.1529138 0.0114226 0.0146076
16 0.2180693 0.2405591 0.0279219 0.0168549
22 0.2891432 0.2405591 0.0279219 0.0168549
5 0.3602170 0.2405591 0.0279218 0.0168549
19 0.4312909 0.2405591 0.0279219 0.0168549
25 0.5734386 0.2405591 0.0279219 0.0168549
34 0.2891432 0.3017985 0.0659971 0.0606775
6 0.2891432 0.3012366 0.0279219 0.0168549
12 0.3602170 0.3012366 0.0279218 0.0168549
9 0.5023647 0.3012366 0.0279219 0.0168549
17 0.3602170 0.3619142 0.0279218 0.0168549
3 0.4312909 0.3619142 0.0279219 0.0168549
10 0.5023647 0.3619142 0.0279219 0.0168549
15 0.5734386 0.3619142 0.0279219 0.0168549
7 0.6445124 0.3619142 0.0279219 0.0168549
13 0.3602170 0.4225917 0.0279218 0.0168549
31 0.4312909 0.4225917 0.0279219 0.0168549
11 0.2891432 0.4832692 0.0279219 0.0168549
28 0.3602170 0.4832692 0.0279218 0.0168549
18 0.4312909 0.4832692 0.0279219 0.0168549
6 0.6445124 0.4832692 0.0279219 0.0168549
24 0.2891432 0.3619142 0.0279219 0.0168549
11 0.2891432 0.5439468 0.0279219 0.0168549
6 0.6445124 0.3012366 0.0279219 0.0168549
9 0.5023647 0.2405591 0.0279219 0.0168549
28 0.6445124 0.2405591 0.0279219 0.0168549
5 0.5023647 0.5439468 0.0279219 0.0168549
7 0.5734386 0.5439468 0.0279219 0.0168549
18 0.5734386 0.4832692 0.0279219 0.0168549
11 0.5734386 0.4225917 0.0279219 0.0168549
5 0.3602170 0.5439468 0.0279218 0.0168549
5 0.6445124 0.4225917 0.0279219 0.0168549
26 0.5734386 0.3012366 0.0279219 0.0168549
26 0.6445124 0.5439468 0.0279219 0.0168549
29 0.2180693 0.3619142 0.0279219 0.0168549
28 0.2180693 0.5439468 0.0279219 0.0168549
31 0.4312909 0.3012366 0.0279219 0.0168549
27 0.4312909 0.5439468 0.0279219 0.0168549
7 0.2891432 0.4225917 0.0279219 0.0168549
16 0.2180693 0.3012366 0.0279219 0.0168549
17 0.2180693 0.4832692 0.0279219 0.0168549
7 0.5023647 0.4225917 0.0279219 0.0168549
