2 0.4085181 0.4048275 0.0224966 0.0151171
16 0.3603109 0.2671534 0.0224966 0.0161970
32 0.4958264 0.2828105 0.3663739 0.4729510
33 0.6222361 0.0987051 0.0128552 0.0183565
34 0.4085181 0.1980464 0.0417795 0.0421121
12 0.4085181 0.1980464 0.0224966 0.0161969
16 0.5049323 0.1980464 0.0224966 0.0161969
22 0.6013464 0.1980464 0.0224967 0.0161969
31 0.4567251 0.2671534 0.0224966 0.0161970
3 0.6495535 0.2671534 0.0224967 0.0161970
30 0.5531393 0.3362604 0.0224966 0.0161970
21 0.6495535 0.3362604 0.0224967 0.0161970
23 0.6495535 0.4048275 0.0224967 0.0151171
6 0.4085181 0.4739345 0.0224966 0.0151172
8 0.5531393 0.4739345 0.0224966 0.0151172
9 0.6013464 0.4739345 0.0224967 0.0151172
25 0.6495535 0.4739345 0.0224967 0.0151172
4 0.4085181 0.3362604 0.0224966 0.0161970
19 0.5531393 0.2671534 0.0224966 0.0161970
23 0.5049323 0.2671534 0.0224966 0.0161970
3 0.6013464 0.3362604 0.0224967 0.0161970
26 0.4567251 0.4048275 0.0224966 0.0151171
29 0.4085181 0.2671534 0.0224966 0.0161970
4 0.5531393 0.4048275 0.0224966 0.0151171
12 0.5049323 0.3362604 0.0224966 0.0161970
14 0.3603109 0.1980464 0.0224966 0.0161969
13 0.3603109 0.3362604 0.0224966 0.0161970
29 0.6013464 0.4048275 0.0224967 0.0151171
14 0.3603109 0.4739345 0.0224966 0.0151172
13 0.5049323 0.4739345 0.0224966 0.0151172
8 0.4567251 0.4739345 0.0224966 0.0151172
2 0.6495535 0.1980464 0.0224967 0.0161969
5 0.6013464 0.2671534 0.0224967 0.0161970
22 0.4567251 0.1980464 0.0224966 0.0161969
12 0.4567251 0.3362604 0.0224966 0.0161970
17 0.5049323 0.4048275 0.0224966 0.0151171
13 0.5531393 0.1980464 0.0224966 0.0161969
25 0.3603109 0.4048275 0.0224966 0.0151171
