25 0.7359532 0.3638692 0.0234996 0.0166189
8 0.7863093 0.4347767 0.0234995 0.0166190
32 0.6257292 0.4508417 0.3827066 0.4852733
33 0.7577743 0.2619396 0.0134283 0.0188348
34 0.4841725 0.3638692 0.0436420 0.0432093
14 0.4841725 0.3638692 0.0234996 0.0166189
29 0.6352410 0.3638692 0.0234995 0.0166189
17 0.7359532 0.4347767 0.0234996 0.0166190
25 0.5345287 0.5056842 0.0234995 0.0166190
30 0.6855971 0.5056842 0.0234996 0.0166190
7 0.5848848 0.5760377 0.0234996 0.0155110
8 0.6352410 0.5760377 0.0234995 0.0155110
12 0.6855971 0.5760377 0.0234996 0.0155110
21 0.7359532 0.5760377 0.0234996 0.0155110
11 0.4841725 0.6469453 0.0234996 0.0155111
24 0.6352410 0.6469453 0.0234995 0.0155111
22 0.7359532 0.6469453 0.0234996 0.0155111
22 0.7863093 0.6469453 0.0234995 0.0155111
4 0.5345287 0.5760377 0.0234995 0.0155110
24 0.4841725 0.5760377 0.0234996 0.0155110
1 0.7863093 0.3638692 0.0234995 0.0166189
26 0.7863093 0.5056842 0.0234995 0.0166190
5 0.5345287 0.3638692 0.0234995 0.0166189
28 0.6855971 0.6469453 0.0234996 0.0155111
28 0.6855971 0.3638692 0.0234996 0.0166189
1 0.5848848 0.5056842 0.0234996 0.0166190
16 0.7863093 0.5760377 0.0234995 0.0155110
7 0.4841725 0.4347767 0.0234996 0.0166190
4 0.5848848 0.6469453 0.0234996 0.0155111
31 0.4841725 0.5056842 0.0234996 0.0166190
3 0.6855971 0.4347767 0.0234996 0.0166190
15 0.5345287 0.4347767 0.0234995 0.0166190
13 0.6352410 0.4347767 0.0234995 0.0166190
10 0.7359532 0.5056842 0.0234996 0.0166190
24 0.5848848 0.4347767 0.0234996 0.0166190
12 0.6352410 0.5056842 0.0234995 0.0166190
20 0.5345287 0.6469453 0.0234995 0.0155111
31 0.5848848 0.3638692 0.0234996 0.0166189
