19 0.4839718 0.4649118 0.0234984 0.0165547
11 0.3832642 0.6056266 0.0234984 0.0154510
32 0.3737530 0.4102814 0.3826886 0.4833966
33 0.5057917 0.2221099 0.0134277 0.0187620
18 0.2322029 0.3236453 0.0234984 0.0165547
6 0.3329105 0.3236453 0.0234984 0.0165547
4 0.3832642 0.3236453 0.0234984 0.0165547
12 0.5343256 0.3236453 0.0234984 0.0165547
22 0.2322029 0.3942786 0.0234984 0.0165547
16 0.2825567 0.3942786 0.0234984 0.0165547
29 0.4839718 0.3942786 0.0234984 0.0165547
8 0.2322029 0.4649118 0.0234984 0.0165547
1 0.2825567 0.4649118 0.0234984 0.0165547
34 0.3832642 0.4649118 0.0436399 0.0430421
9 0.3832642 0.4649118 0.0234984 0.0165547
25 0.5343256 0.4649118 0.0234984 0.0165547
5 0.4336180 0.6056266 0.0234984 0.0154510
5 0.3329105 0.3942786 0.0234984 0.0165547
26 0.4336180 0.3942786 0.0234984 0.0165547
6 0.5343256 0.5349933 0.0234984 0.0154510
30 0.2825567 0.5349933 0.0234984 0.0154510
22 0.3329105 0.5349933 0.0234984 0.0154510
30 0.4839718 0.6056266 0.0234984 0.0154510
5 0.3832642 0.3942786 0.0234984 0.0165547
28 0.3329105 0.6056266 0.0234984 0.0154510
11 0.3832642 0.5349933 0.0234984 0.0154510
10 0.4839718 0.3236453 0.0234984 0.0165547
12 0.4839718 0.5349933 0.0234984 0.0154510
24 0.2322029 0.5349933 0.0234984 0.0154510
10 0.3329105 0.4649118 0.0234984 0.0165547
3 0.4336180 0.5349933 0.0234984 0.0154510
30 0.4336180 0.3236453 0.0234984 0.0165547
20 0.5343256 0.3942786 0.0234984 0.0165547
13 0.4336180 0.4649118 0.0234984 0.0165547
12 0.2825567 0.3236453 0.0234984 0.0165547
7 0.2825567 0.6056266 0.0234984 0.0154510
8 0.5343256 0.6056266 0.0234984 0.0154510
16 0.2322029 0.6056266 0.0234984 0.0154510
