9 0.8663563 0.4838061 0.0254553 0.0155968
23 0.5065111 0.5417371 0.0254553 0.0155968
32 0.6852766 0.4693233 0.4176981 0.4255701
33 0.8744557 0.2738062 0.0115706 0.0167109
13 0.7466007 0.3673870 0.0242982 0.0167108
27 0.8073463 0.3673870 0.0254553 0.0167108
5 0.8663563 0.3673870 0.0254553 0.0167108
21 0.6256881 0.4253180 0.0254553 0.0167109
7 0.6864336 0.4253180 0.0242982 0.0167109
24 0.7466007 0.4253180 0.0242982 0.0167109
29 0.8073463 0.4253180 0.0254553 0.0167109
34 0.5666781 0.4838061 0.0509105 0.0490186
15 0.5666781 0.4838061 0.0254553 0.0155968
6 0.6256881 0.4838061 0.0254553 0.0155968
28 0.7466007 0.4838061 0.0242982 0.0155968
10 0.6864336 0.5417371 0.0242982 0.0155968
1 0.7466007 0.5417371 0.0242982 0.0155968
17 0.5065111 0.5985540 0.0254553 0.0155968
12 0.6256881 0.5985540 0.0254553 0.0155968
30 0.8073463 0.5985540 0.0254553 0.0155968
2 0.8663563 0.5985540 0.0254553 0.0155968
20 0.5666781 0.6570420 0.0254553 0.0167109
22 0.6256881 0.6570420 0.0254553 0.0167109
9 0.8073463 0.6570420 0.0254553 0.0167109
30 0.7466007 0.5985540 0.0242982 0.0155968
25 0.6256881 0.5417371 0.0254553 0.0155968
6 0.5666781 0.5985540 0.0254553 0.0155968
16 0.8073463 0.4838061 0.0254553 0.0155968
17 0.6864336 0.4838061 0.0242982 0.0155968
13 0.6256881 0.3673870 0.0254553 0.0167108
10 0.6864336 0.6570420 0.0242982 0.0167109
8 0.8663563 0.4253180 0.0254553 0.0167109
29 0.5666781 0.4253180 0.0254553 0.0167109
4 0.8663563 0.5417371 0.0254553 0.0155968
27 0.5666781 0.3673870 0.0254553 0.0167108
27 0.6864336 0.3673870 0.0242982 0.0167108
3 0.5065111 0.3673870 0.0254553 0.0167108
4 0.8663563 0.6570420 0.0254553 0.0167109
1 0.6864336 0.5985540 0.0242982 0.0155968
12 0.5065111 0.4253180 0.0254553 0.0167109
17 0.5065111 0.4838061 0.0254553 0.0155968
21 0.5065111 0.6570420 0.0254553 0.0167109
27 0.7466007 0.6570420 0.0242982 0.0167109
10 0.8073463 0.5417371 0.0254553 0.0155968
3 0.5666781 0.5417371 0.0254553 0.0155968
