19 0.4919071 0.2720585 0.0241853 0.0174630
1 0.5437328 0.4950034 0.0241853 0.0162988
32 0.6375947 0.2889394 0.3938747 0.5099209
33 0.7734930 0.0904428 0.0138201 0.0197915
18 0.4919071 0.1975495 0.0241853 0.0174630
15 0.6992097 0.1975495 0.0241853 0.0174630
17 0.7510353 0.2720585 0.0241853 0.0174630
34 0.4919071 0.3465675 0.0449155 0.0454039
23 0.4919071 0.3465675 0.0241853 0.0174630
20 0.6473840 0.3465675 0.0241853 0.0174630
4 0.5437328 0.4204944 0.0241853 0.0162988
8 0.5955584 0.4204944 0.0241853 0.0162988
9 0.6473840 0.4204944 0.0241853 0.0162988
10 0.7510353 0.4204944 0.0241853 0.0162988
1 0.4919071 0.4950034 0.0241853 0.0162988
21 0.6473840 0.4950034 0.0241853 0.0162988
26 0.6992097 0.4950034 0.0241853 0.0162988
7 0.6992097 0.4204944 0.0241853 0.0162988
23 0.5437328 0.1975495 0.0241853 0.0174630
12 0.4919071 0.4204944 0.0241853 0.0162988
7 0.8028609 0.2720585 0.0241853 0.0174630
10 0.8028609 0.3465675 0.0241853 0.0174630
30 0.7510353 0.4950034 0.0241853 0.0162988
23 0.5437328 0.2720585 0.0241853 0.0174630
24 0.5437328 0.3465675 0.0241853 0.0174630
9 0.5955584 0.2720585 0.0241853 0.0174630
8 0.8028609 0.4204944 0.0241853 0.0162988
11 0.8028609 0.4950034 0.0241853 0.0162988
15 0.7510353 0.1975495 0.0241853 0.0174630
4 0.6473840 0.1975495 0.0241853 0.0174630
17 0.8028609 0.1975495 0.0241853 0.0174630
1 0.6473840 0.2720585 0.0241853 0.0174630
28 0.5955584 0.4950034 0.0241853 0.0162988
17 0.5955584 0.1975495 0.0241853 0.0174630
29 0.7510353 0.3465675 0.0241853 0.0174630
1 0.6992097 0.3465675 0.0241853 0.0174630
4 0.5955584 0.3465675 0.0241853 0.0174630
24 0.6992097 0.2720585 0.0241853 0.0174630
