31 0.3831031 0.4621109 0.0266627 0.0149280
24 0.5188403 0.6353819 0.0266627 0.0159943
32 0.3158404 0.5148919 0.4908356 0.4702312
33 0.3879508 0.3059003 0.0096955 0.0117291
13 0.3152345 0.4050647 0.0266627 0.0159943
20 0.4509717 0.4050647 0.0266627 0.0159943
16 0.5188403 0.4050647 0.0266627 0.0159943
12 0.1116286 0.4621109 0.0266627 0.0149280
5 0.2473658 0.4621109 0.0266627 0.0149280
15 0.3152345 0.4621109 0.0266627 0.0149280
10 0.1116286 0.5202234 0.0266627 0.0159943
4 0.2473658 0.5202234 0.0266627 0.0159943
19 0.3152345 0.5202234 0.0266627 0.0159943
6 0.3831031 0.5202234 0.0266627 0.0159943
31 0.4509717 0.5202234 0.0266627 0.0159943
9 0.1116286 0.5778027 0.0266627 0.0159942
7 0.3152345 0.5778027 0.0266627 0.0159942
24 0.3831031 0.5778027 0.0266627 0.0159942
1 0.1794972 0.6353819 0.0266627 0.0159943
34 0.3831031 0.6348488 0.0630209 0.0575793
12 0.3831031 0.6353819 0.0266627 0.0159943
17 0.1116286 0.6924282 0.0266627 0.0149280
18 0.1794972 0.6924282 0.0266627 0.0149280
27 0.4509717 0.6924282 0.0266627 0.0149280
2 0.1794972 0.5202234 0.0266627 0.0159943
16 0.2473658 0.4050647 0.0266627 0.0159943
12 0.2473658 0.6924282 0.0266627 0.0149280
1 0.4509717 0.6353819 0.0266627 0.0159943
22 0.5188403 0.5202234 0.0266627 0.0159943
22 0.5188403 0.4621109 0.0266627 0.0149280
25 0.4509717 0.4621109 0.0266627 0.0149280
11 0.1794972 0.4621109 0.0266627 0.0149280
9 0.3831031 0.6924282 0.0266627 0.0149280
27 0.3152345 0.6353819 0.0266627 0.0159943
30 0.5188403 0.6924282 0.0266627 0.0149280
13 0.1116286 0.4050647 0.0266627 0.0159943
18 0.1116286 0.6353819 0.0266627 0.0159943
17 0.1794972 0.4050647 0.0266627 0.0159943
9 0.1794972 0.5778027 0.0266627 0.0159942
13 0.2473658 0.5778027 0.0266627 0.0159942
24 0.3152345 0.6924282 0.0266627 0.0149280
4 0.3831031 0.4050647 0.0266627 0.0159943
20 0.2473658 0.6353819 0.0266627 0.0159943
15 0.4509717 0.5778027 0.0266627 0.0159942
31 0.5188403 0.5778027 0.0266627 0.0159942
