9 0.6772335 0.6471889 0.0253338 0.0173183
30 0.8580244 0.3470049 0.0253337 0.0173183
32 0.7365375 0.4526466 0.4157039 0.4410394
33 0.9248134 0.2500225 0.0115154 0.0173183
30 0.5586255 0.3470049 0.0253337 0.0173183
21 0.6772335 0.3470049 0.0253338 0.0173183
20 0.7975688 0.3470049 0.0241823 0.0173183
6 0.5586255 0.4070417 0.0253337 0.0173183
28 0.9167527 0.4070417 0.0253338 0.0173183
1 0.5586255 0.4676558 0.0253337 0.0161637
2 0.6772335 0.4676558 0.0253338 0.0161637
15 0.7376891 0.4676558 0.0241821 0.0161637
27 0.8580244 0.4676558 0.0253337 0.0161637
14 0.6185052 0.5276925 0.0253338 0.0161637
13 0.6772335 0.5276925 0.0253338 0.0161637
29 0.7376891 0.5276925 0.0241821 0.0161637
19 0.8580244 0.5276925 0.0253337 0.0161637
5 0.9167527 0.5276925 0.0253338 0.0161637
31 0.5586255 0.6471889 0.0253337 0.0173183
34 0.6185053 0.6466116 0.0506675 0.0508003
29 0.6185052 0.6471889 0.0253338 0.0173183
7 0.7376891 0.6471889 0.0241821 0.0173183
24 0.8580244 0.6471889 0.0253337 0.0173183
22 0.9167527 0.6471889 0.0253338 0.0173183
19 0.6772335 0.5865748 0.0253338 0.0161637
15 0.6185052 0.3470049 0.0253338 0.0173183
14 0.7975688 0.5276925 0.0241823 0.0161637
18 0.9167527 0.4676558 0.0253338 0.0161637
15 0.7376891 0.5865748 0.0241821 0.0161637
12 0.6185052 0.5865748 0.0253338 0.0161637
20 0.6185052 0.4070417 0.0253338 0.0173183
28 0.7975688 0.4676558 0.0241823 0.0161637
23 0.5586255 0.5276925 0.0253337 0.0161637
10 0.7376891 0.3470049 0.0241821 0.0173183
6 0.6185052 0.4676558 0.0253338 0.0161637
20 0.9167527 0.5865748 0.0253338 0.0161637
24 0.7376891 0.4070417 0.0241821 0.0173183
25 0.9167527 0.3470049 0.0253338 0.0173183
28 0.7975688 0.5865748 0.0241823 0.0161637
27 0.7975688 0.6471889 0.0241823 0.0173183
20 0.5586255 0.5865748 0.0253337 0.0161637
31 0.8580244 0.5865748 0.0253337 0.0161637
18 0.6772335 0.4070417 0.0253338 0.0173183
1 0.7975688 0.4070417 0.0241823 0.0173183
17 0.8580244 0.4070417 0.0253337 0.0173183
