4 0.3083337 0.5109974 0.0232771 0.0148219
12 0.4080928 0.2404966 0.0232771 0.0158807
32 0.4485507 0.3236054 0.3790846 0.4637157
33 0.5793460 0.1430951 0.0133013 0.0179981
7 0.4579724 0.2404966 0.0232771 0.0158807
16 0.5078520 0.2404966 0.0232771 0.0158807
21 0.3083337 0.3082541 0.0232771 0.0158807
13 0.3083337 0.3760117 0.0232771 0.0158807
34 0.3582133 0.3760117 0.0432290 0.0412897
29 0.3582133 0.3760117 0.0232771 0.0158807
11 0.4080928 0.3760117 0.0232771 0.0158807
20 0.5078520 0.3760117 0.0232771 0.0158807
12 0.3083337 0.4432398 0.0232771 0.0148220
10 0.5577315 0.4432398 0.0232772 0.0148220
26 0.3582133 0.5109974 0.0232771 0.0148219
29 0.5078520 0.5109974 0.0232771 0.0148219
22 0.6076111 0.5109974 0.0232772 0.0148219
3 0.6076111 0.3082541 0.0232772 0.0158807
14 0.3582133 0.4432398 0.0232771 0.0148220
4 0.6076111 0.2404966 0.0232772 0.0158807
29 0.5078520 0.3082541 0.0232771 0.0158807
15 0.4080928 0.3082541 0.0232771 0.0158807
28 0.4579724 0.4432398 0.0232771 0.0148220
12 0.4579724 0.5109974 0.0232771 0.0148219
10 0.5078520 0.4432398 0.0232771 0.0148220
22 0.5577315 0.3082541 0.0232772 0.0158807
17 0.3582133 0.3082541 0.0232771 0.0158807
8 0.3083337 0.2404966 0.0232771 0.0158807
23 0.5577315 0.5109974 0.0232772 0.0148219
28 0.6076111 0.4432398 0.0232772 0.0148220
13 0.4579724 0.3082541 0.0232771 0.0158807
1 0.5577315 0.3760117 0.0232772 0.0158807
24 0.4080928 0.4432398 0.0232771 0.0148220
20 0.5577315 0.2404966 0.0232772 0.0158807
8 0.4579724 0.3760117 0.0232771 0.0158807
13 0.3582133 0.2404966 0.0232771 0.0158807
17 0.6076111 0.3760117 0.0232772 0.0158807
25 0.4080928 0.5109974 0.0232771 0.0148219
