20 0.0992985 0.4721611 0.0271805 0.0164964
6 0.1684852 0.1752268 0.0271805 0.0164963
32 0.3068587 0.3220443 0.4991327 0.4882920
33 0.3828405 0.0894457 0.0111193 0.0142968
34 0.0992985 0.1757767 0.0642448 0.0593869
14 0.0992985 0.1752268 0.0271805 0.0164963
11 0.3760454 0.1752268 0.0271805 0.0164963
4 0.4452321 0.1752268 0.0271805 0.0164963
7 0.0992985 0.2346136 0.0271805 0.0164964
10 0.1684852 0.2346136 0.0271805 0.0164964
15 0.4452321 0.2346136 0.0271805 0.0164964
12 0.0992985 0.2940005 0.0271805 0.0164963
29 0.2376719 0.2940005 0.0271805 0.0164963
9 0.2376719 0.3533873 0.0271805 0.0164964
16 0.3068587 0.3533873 0.0271805 0.0164964
20 0.3760454 0.3533873 0.0271805 0.0164964
28 0.1684852 0.4127742 0.0271805 0.0164964
22 0.2376719 0.4127742 0.0271805 0.0164964
24 0.3068587 0.4127742 0.0271805 0.0164964
14 0.5144188 0.4127742 0.0271805 0.0164964
26 0.1684852 0.4721611 0.0271805 0.0164964
17 0.2376719 0.4721611 0.0271805 0.0164964
19 0.3068587 0.4721611 0.0271805 0.0164964
1 0.3760454 0.4721611 0.0271805 0.0164964
12 0.3068587 0.2940005 0.0271805 0.0164963
31 0.3068587 0.2346136 0.0271805 0.0164964
15 0.0992985 0.3533873 0.0271805 0.0164964
22 0.1684852 0.3533873 0.0271805 0.0164964
18 0.0992985 0.4127742 0.0271805 0.0164964
1 0.2376719 0.2346136 0.0271805 0.0164964
30 0.4452321 0.4127742 0.0271805 0.0164964
8 0.5144188 0.3533873 0.0271805 0.0164964
6 0.3068587 0.1752268 0.0271805 0.0164963
24 0.3760454 0.4127742 0.0271805 0.0164964
13 0.5144188 0.1752268 0.0271805 0.0164963
3 0.2376719 0.1752268 0.0271805 0.0164963
24 0.4452321 0.2940005 0.0271805 0.0164963
12 0.4452321 0.3533873 0.0271805 0.0164964
30 0.5144188 0.2346136 0.0271805 0.0164964
3 0.3760454 0.2940005 0.0271805 0.0164963
5 0.4452321 0.4721611 0.0271805 0.0164964
11 0.1684852 0.2940005 0.0271805 0.0164963
13 0.3760454 0.2346136 0.0271805 0.0164964
26 0.5144188 0.4721611 0.0271805 0.0164964
2 0.5144188 0.2940005 0.0271805 0.0164963
