7 0.8410786 0.2941376 0.0237253 0.0166223
15 0.6717657 0.5246340 0.0237254 0.0166223
32 0.7273046 0.3379098 0.3893117 0.4233155
33 0.9036273 0.1434285 0.0107842 0.0166223
4 0.6167660 0.2365135 0.0237254 0.0166223
8 0.7283830 0.2365135 0.0226469 0.0166223
24 0.8410786 0.2365135 0.0237253 0.0166223
18 0.8960783 0.2365135 0.0237253 0.0166223
15 0.6167660 0.2941376 0.0237254 0.0166223
34 0.7278438 0.2941376 0.0474507 0.0498670
25 0.7283830 0.2941376 0.0226469 0.0166223
5 0.6717657 0.3523158 0.0237254 0.0155142
26 0.7844612 0.3523158 0.0226469 0.0155142
28 0.5606879 0.4099399 0.0237254 0.0155142
2 0.6167660 0.4099399 0.0237254 0.0155142
19 0.6717657 0.4099399 0.0237254 0.0155142
14 0.7844612 0.4099399 0.0226469 0.0155142
23 0.8960783 0.4099399 0.0237253 0.0155142
3 0.6167660 0.4664558 0.0237254 0.0155142
11 0.7283830 0.4664558 0.0226469 0.0155142
27 0.8410786 0.4664558 0.0237253 0.0155142
25 0.7283830 0.5246340 0.0226469 0.0166223
7 0.8960783 0.5246340 0.0237253 0.0166223
15 0.5606879 0.3523158 0.0237254 0.0155142
7 0.5606879 0.4664558 0.0237254 0.0155142
18 0.8960783 0.4664558 0.0237253 0.0155142
25 0.8410786 0.5246340 0.0237253 0.0166223
3 0.6717657 0.2365135 0.0237254 0.0166223
24 0.5606879 0.2941376 0.0237254 0.0166223
8 0.8410786 0.4099399 0.0237253 0.0155142
19 0.8410786 0.3523158 0.0237253 0.0155142
15 0.6717657 0.2941376 0.0237254 0.0166223
1 0.8960783 0.2941376 0.0237253 0.0166223
1 0.5606879 0.2365135 0.0237254 0.0166223
15 0.7844612 0.5246340 0.0226469 0.0166223
28 0.6167660 0.5246340 0.0237254 0.0166223
21 0.8960783 0.3523158 0.0237253 0.0155142
22 0.6717657 0.4664558 0.0237254 0.0155142
2 0.7283830 0.3523158 0.0226469 0.0155142
19 0.7844612 0.2941376 0.0226469 0.0166223
28 0.7844612 0.2365135 0.0226469 0.0166223
1 0.7283830 0.4099399 0.0226469 0.0155142
13 0.6167660 0.3523158 0.0237254 0.0155142
4 0.5606879 0.5246340 0.0237254 0.0166223
10 0.7844612 0.4664558 0.0226469 0.0155142
