31 0.3832754 0.6040419 0.0240199 0.0157927
21 0.4957324 0.6040419 0.0240199 0.0157927
32 0.5475936 0.5109779 0.3941453 0.3869210
33 0.7321104 0.3316180 0.0098263 0.0146646
13 0.4400498 0.4275022 0.0240199 0.0169207
18 0.5530527 0.4861608 0.0229281 0.0169207
34 0.6103730 0.4861608 0.0480398 0.0507622
31 0.6098271 0.4861608 0.0229281 0.0169207
12 0.7228300 0.4861608 0.0240199 0.0169207
4 0.4957324 0.5453834 0.0240199 0.0157926
23 0.5530527 0.5453834 0.0229281 0.0157926
14 0.6098271 0.6040419 0.0229281 0.0157927
22 0.5530527 0.6615725 0.0229281 0.0157926
24 0.6098271 0.6615725 0.0229281 0.0157926
1 0.6671474 0.6615725 0.0240199 0.0157926
10 0.7228300 0.6615725 0.0240199 0.0157926
29 0.6098271 0.4275022 0.0229281 0.0169207
26 0.4957324 0.4861608 0.0240199 0.0169207
28 0.7228300 0.6040419 0.0240199 0.0157927
29 0.6671474 0.5453834 0.0240199 0.0157926
20 0.3832754 0.4861608 0.0240199 0.0169207
9 0.7228300 0.5453834 0.0240199 0.0157926
21 0.3832754 0.4275022 0.0240199 0.0169207
4 0.5530527 0.4275022 0.0229281 0.0169207
26 0.6671474 0.6040419 0.0240199 0.0157927
14 0.4400498 0.4861608 0.0240199 0.0169207
29 0.7228300 0.4275022 0.0240199 0.0169207
12 0.4400498 0.6040419 0.0240199 0.0157927
16 0.4400498 0.5453834 0.0240199 0.0157926
24 0.6671474 0.4861608 0.0240199 0.0169207
27 0.4400498 0.6615725 0.0240199 0.0157926
7 0.6098271 0.5453834 0.0229281 0.0157926
10 0.6671474 0.4275022 0.0240199 0.0169207
30 0.4957324 0.6615725 0.0240199 0.0157926
16 0.5530527 0.6040419 0.0229281 0.0157927
8 0.4957324 0.4275022 0.0240199 0.0169207
11 0.3832754 0.6615725 0.0240199 0.0157926
21 0.3832754 0.5453834 0.0240199 0.0157926
