20 0.3279900 0.3043451 0.0250101 0.0154135
1 0.5951432 0.4017804 0.0250101 0.0165144
32 0.4365565 0.2454435 0.4240346 0.4128617
33 0.6167428 0.0847026 0.0090946 0.0121106
20 0.3279900 0.1601187 0.0250101 0.0154135
8 0.4871451 0.1601187 0.0250101 0.0154135
30 0.5951432 0.1601187 0.0250101 0.0154135
12 0.3808523 0.2074602 0.0238733 0.0154135
29 0.4342829 0.2074602 0.0238732 0.0154135
17 0.4871451 0.2074602 0.0250101 0.0154135
23 0.5405757 0.2074602 0.0250101 0.0154135
6 0.5951432 0.2074602 0.0250101 0.0154135
14 0.2734226 0.2559026 0.0250101 0.0154135
24 0.3279900 0.2559026 0.0250101 0.0154135
26 0.5405757 0.2559026 0.0250101 0.0154135
28 0.5951432 0.2559026 0.0250101 0.0154135
21 0.2734226 0.3043451 0.0250101 0.0154135
11 0.2734226 0.3533380 0.0250101 0.0165145
7 0.4342829 0.3533380 0.0238732 0.0165145
13 0.4871451 0.3533380 0.0250101 0.0165145
35 0.5951432 0.3533380 0.0454729 0.0429376
14 0.5951432 0.3533380 0.0250101 0.0165145
27 0.5405757 0.4017804 0.0250101 0.0165144
3 0.5405757 0.3043451 0.0250101 0.0154135
7 0.3808523 0.4017804 0.0238733 0.0165144
7 0.4871451 0.2559026 0.0250101 0.0154135
30 0.4871451 0.3043451 0.0250101 0.0154135
4 0.3808523 0.3533380 0.0238733 0.0165145
26 0.3808523 0.2559026 0.0238733 0.0154135
7 0.3808523 0.3043451 0.0238733 0.0154135
6 0.4342829 0.4017804 0.0238732 0.0165144
26 0.2734226 0.4017804 0.0250101 0.0165144
11 0.2734226 0.1601187 0.0250101 0.0154135
7 0.4342829 0.1601187 0.0238732 0.0154135
7 0.3279900 0.4017804 0.0250101 0.0165144
9 0.3808523 0.1601187 0.0238733 0.0154135
8 0.5405757 0.3533380 0.0250101 0.0165145
6 0.4871451 0.4017804 0.0250101 0.0165144
22 0.5951432 0.3043451 0.0250101 0.0154135
26 0.3279900 0.2074602 0.0250101 0.0154135
25 0.3279900 0.3533380 0.0250101 0.0165145
8 0.2734226 0.2074602 0.0250101 0.0154135
14 0.4342829 0.3043451 0.0238732 0.0154135
9 0.4342829 0.2559026 0.0238732 0.0154135
21 0.5405757 0.1601187 0.0250101 0.0154135
