31 0.7425772 0.5335003 0.0236610 0.0160838
11 0.9177808 0.4737605 0.0247877 0.0160838
32 0.7369436 0.4387209 0.4067426 0.3940528
33 0.9273578 0.2560550 0.0101404 0.0149350
3 0.6259626 0.3537066 0.0247877 0.0172326
21 0.6834249 0.3537066 0.0247876 0.0172326
20 0.8603185 0.3537066 0.0247877 0.0172326
24 0.9177808 0.3537066 0.0247877 0.0172326
10 0.9177808 0.4134463 0.0247877 0.0172326
5 0.8603185 0.4737605 0.0247877 0.0160838
34 0.8017295 0.5335003 0.0495753 0.0505490
8 0.8011662 0.5335003 0.0236609 0.0160838
6 0.8603185 0.5335003 0.0247877 0.0160838
28 0.9177808 0.5335003 0.0247877 0.0160838
22 0.7425772 0.5920912 0.0236610 0.0160838
27 0.9177808 0.5920912 0.0247877 0.0160838
17 0.5673737 0.5920912 0.0247876 0.0160838
11 0.8011662 0.5920912 0.0236609 0.0160838
29 0.5673737 0.4737605 0.0247876 0.0160838
14 0.6259626 0.4134463 0.0247877 0.0172326
12 0.8011662 0.4134463 0.0236609 0.0172326
3 0.7425772 0.3537066 0.0236610 0.0172326
25 0.8011662 0.3537066 0.0236609 0.0172326
19 0.7425772 0.4134463 0.0236610 0.0172326
26 0.8603185 0.4134463 0.0247877 0.0172326
19 0.6259626 0.5920912 0.0247877 0.0160838
18 0.6834249 0.4737605 0.0247876 0.0160838
10 0.6834249 0.5920912 0.0247876 0.0160838
5 0.6834249 0.5335003 0.0247876 0.0160838
10 0.5673737 0.5335003 0.0247876 0.0160838
1 0.5673737 0.3537066 0.0247876 0.0172326
17 0.6259626 0.5335003 0.0247877 0.0160838
10 0.7425772 0.4737605 0.0236610 0.0160838
11 0.8603185 0.5920912 0.0247877 0.0160838
4 0.8011662 0.4737605 0.0236609 0.0160838
18 0.6834249 0.4134463 0.0247876 0.0172326
12 0.5673737 0.4134463 0.0247876 0.0172326
19 0.6259626 0.4737605 0.0247877 0.0160838
