30 0.5742285 0.5146218 0.0253198 0.0157536
18 0.8136148 0.5736981 0.0253197 0.0168789
32 0.6921954 0.3840915 0.4154734 0.4298498
33 0.8803668 0.1866081 0.0115089 0.0168789
27 0.5143819 0.2811301 0.0253197 0.0168789
18 0.6933462 0.2811301 0.0241688 0.0168789
14 0.7531928 0.2811301 0.0241688 0.0168789
3 0.5143819 0.3396437 0.0253197 0.0168789
22 0.6329242 0.3396437 0.0253197 0.0168789
16 0.8136148 0.3396437 0.0253197 0.0168789
9 0.8723106 0.3396437 0.0253197 0.0168789
19 0.5742285 0.3987199 0.0253198 0.0157537
4 0.6933462 0.3987199 0.0241688 0.0157537
34 0.8136149 0.3987199 0.0506394 0.0495114
30 0.8136148 0.3987199 0.0253197 0.0157537
26 0.5742285 0.4572335 0.0253198 0.0157537
8 0.7531928 0.4572335 0.0241688 0.0157537
20 0.8136148 0.4572335 0.0253197 0.0157537
2 0.5143819 0.5146218 0.0253197 0.0157536
21 0.7531928 0.5146218 0.0241688 0.0157536
15 0.6933462 0.5736981 0.0241688 0.0168789
10 0.7531928 0.5736981 0.0241688 0.0168789
11 0.8723106 0.5736981 0.0253197 0.0168789
30 0.7531928 0.3987199 0.0241688 0.0157537
1 0.6329242 0.4572335 0.0253197 0.0157537
8 0.6933462 0.3396437 0.0241688 0.0168789
11 0.6933462 0.5146218 0.0241688 0.0157536
18 0.8723106 0.4572335 0.0253197 0.0157537
24 0.8136148 0.2811301 0.0253197 0.0168789
2 0.6933462 0.4572335 0.0241688 0.0157537
6 0.6329242 0.2811301 0.0253197 0.0168789
19 0.8723106 0.5146218 0.0253197 0.0157536
22 0.6329242 0.5736981 0.0253197 0.0168789
22 0.5143819 0.5736981 0.0253197 0.0168789
18 0.5143819 0.4572335 0.0253197 0.0157537
18 0.8723106 0.3987199 0.0253197 0.0157537
5 0.5742285 0.3396437 0.0253198 0.0168789
4 0.7531928 0.3396437 0.0241688 0.0168789
16 0.6329242 0.5146218 0.0253197 0.0157536
31 0.8136148 0.5146218 0.0253197 0.0157536
24 0.5742285 0.2811301 0.0253198 0.0168789
27 0.8723106 0.2811301 0.0253197 0.0168789
6 0.6329242 0.3987199 0.0253197 0.0157537
24 0.5143819 0.3987199 0.0253197 0.0157537
28 0.5742285 0.5736981 0.0253198 0.0168789
