26 0.4616746 0.2201948 0.0227559 0.0162346
4 0.5591998 0.2201948 0.0227559 0.0162346
32 0.5012265 0.2370125 0.3705958 0.4718028
33 0.6290929 0.0513545 0.0130033 0.0183993
34 0.3641494 0.1509270 0.0422609 0.0422100
11 0.3641494 0.1509270 0.0227559 0.0162346
12 0.4129120 0.1509270 0.0227559 0.0162346
13 0.5104372 0.1509270 0.0227559 0.0162346
22 0.6079624 0.1509270 0.0227559 0.0162346
18 0.6079624 0.2201948 0.0227559 0.0162346
2 0.6567251 0.2201948 0.0227559 0.0162346
24 0.5104372 0.2894626 0.0227559 0.0162346
8 0.5591998 0.2894626 0.0227559 0.0162346
14 0.6567251 0.2894626 0.0227559 0.0162346
7 0.3641494 0.3581892 0.0227559 0.0151523
4 0.5104372 0.3581892 0.0227559 0.0151523
22 0.6567251 0.1509270 0.0227559 0.0162346
30 0.6567251 0.3581892 0.0227559 0.0151523
21 0.3641494 0.2894626 0.0227559 0.0162346
29 0.4129120 0.4274569 0.0227559 0.0151523
10 0.6079624 0.4274569 0.0227559 0.0151523
17 0.4616746 0.4274569 0.0227559 0.0151523
4 0.5104372 0.4274569 0.0227559 0.0151523
4 0.6079624 0.3581892 0.0227559 0.0151523
13 0.4616746 0.1509270 0.0227559 0.0162346
29 0.6567251 0.4274569 0.0227559 0.0151523
8 0.4616746 0.2894626 0.0227559 0.0162346
15 0.3641494 0.2201948 0.0227559 0.0162346
7 0.6079624 0.2894626 0.0227559 0.0162346
26 0.4616746 0.3581892 0.0227559 0.0151523
3 0.4129120 0.2894626 0.0227559 0.0162346
4 0.5591998 0.3581892 0.0227559 0.0151523
28 0.4129120 0.3581892 0.0227559 0.0151523
6 0.5591998 0.4274569 0.0227559 0.0151523
17 0.4129120 0.2201948 0.0227559 0.0162346
25 0.5104372 0.2201948 0.0227559 0.0162346
24 0.3641494 0.4274569 0.0227559 0.0151523
4 0.5591998 0.1509270 0.0227559 0.0162346
