13 0.7794934 0.3452845 0.0274363 0.0174178
24 0.6398174 0.4079886 0.0274364 0.0174179
32 0.6391939 0.3812813 0.5000898 0.5144062
33 0.7158910 0.1385930 0.0124710 0.0150955
18 0.4303035 0.2825803 0.0274363 0.0174178
5 0.5699795 0.2825803 0.0274363 0.0174178
17 0.7096554 0.2825803 0.0274364 0.0174178
31 0.8493314 0.2825803 0.0274364 0.0174178
29 0.8493314 0.3452845 0.0274364 0.0174178
2 0.5699795 0.4079886 0.0274363 0.0174179
7 0.7096554 0.4079886 0.0274364 0.0174179
34 0.5001415 0.4712733 0.0648495 0.0627041
10 0.5001414 0.4706927 0.0274363 0.0174178
8 0.5699795 0.4706927 0.0274363 0.0174178
13 0.6398174 0.4706927 0.0274364 0.0174178
25 0.4303035 0.5333969 0.0274363 0.0174178
11 0.7096554 0.4706927 0.0274364 0.0174178
13 0.7794934 0.4706927 0.0274363 0.0174178
29 0.6398174 0.3452845 0.0274364 0.0174178
1 0.4303035 0.4706927 0.0274363 0.0174178
21 0.7096554 0.3452845 0.0274364 0.0174178
10 0.5001414 0.5333969 0.0274363 0.0174178
5 0.5001414 0.2825803 0.0274363 0.0174178
21 0.4303035 0.4079886 0.0274363 0.0174179
27 0.6398174 0.2825803 0.0274364 0.0174178
22 0.7794934 0.4079886 0.0274363 0.0174179
15 0.5699795 0.5333969 0.0274363 0.0174178
6 0.6398174 0.5333969 0.0274364 0.0174178
12 0.8493314 0.4079886 0.0274364 0.0174179
24 0.7794934 0.2825803 0.0274363 0.0174178
31 0.5001414 0.3452845 0.0274363 0.0174178
4 0.5699795 0.3452845 0.0274363 0.0174178
7 0.8493314 0.5333969 0.0274364 0.0174178
24 0.7794934 0.5333969 0.0274363 0.0174178
27 0.5001414 0.4079886 0.0274363 0.0174179
27 0.8493314 0.4706927 0.0274364 0.0174178
5 0.4303035 0.3452845 0.0274363 0.0174178
3 0.7096554 0.5333969 0.0274364 0.0174178
