4 0.3542037 0.2359010 0.0271539 0.0169642
3 0.5615605 0.4191149 0.0271539 0.0169642
32 0.4233226 0.3258115 0.4986437 0.5021417
33 0.4992300 0.0866156 0.0111084 0.0147024
26 0.2850848 0.1748297 0.0271539 0.0169642
34 0.3542037 0.1753952 0.0641819 0.0610713
17 0.3542037 0.1748297 0.0271539 0.0169642
24 0.4924416 0.1748297 0.0271539 0.0169642
31 0.2159658 0.2359010 0.0271539 0.0169642
6 0.2850848 0.2359010 0.0271539 0.0169642
23 0.4924416 0.2359010 0.0271539 0.0169642
16 0.6306794 0.2359010 0.0271539 0.0169642
18 0.2159658 0.2969723 0.0271539 0.0169642
7 0.2850848 0.2969723 0.0271539 0.0169642
12 0.3542037 0.2969723 0.0271539 0.0169642
17 0.4233226 0.2969723 0.0271539 0.0169642
11 0.2159658 0.3580436 0.0271539 0.0169642
27 0.4233226 0.3580436 0.0271539 0.0169642
8 0.5615605 0.3580436 0.0271539 0.0169642
20 0.3542037 0.4191149 0.0271539 0.0169642
14 0.4924416 0.4191149 0.0271539 0.0169642
21 0.6306794 0.4191149 0.0271539 0.0169642
13 0.6306794 0.4801862 0.0271539 0.0169642
24 0.3542037 0.4801862 0.0271539 0.0169642
18 0.2850848 0.4191149 0.0271539 0.0169642
3 0.2159658 0.1748297 0.0271539 0.0169642
31 0.2159658 0.4191149 0.0271539 0.0169642
17 0.4924416 0.3580436 0.0271539 0.0169642
2 0.4924416 0.2969723 0.0271539 0.0169642
29 0.4233226 0.2359010 0.0271539 0.0169642
3 0.3542037 0.3580436 0.0271539 0.0169642
26 0.5615605 0.1748297 0.0271539 0.0169642
2 0.2850848 0.3580436 0.0271539 0.0169642
31 0.4233226 0.1748297 0.0271539 0.0169642
25 0.5615605 0.2359010 0.0271539 0.0169642
16 0.4924416 0.4801862 0.0271539 0.0169642
21 0.5615605 0.2969723 0.0271539 0.0169642
6 0.6306794 0.1748297 0.0271539 0.0169642
28 0.5615605 0.4801862 0.0271539 0.0169642
5 0.6306794 0.2969723 0.0271539 0.0169642
8 0.2850848 0.4801862 0.0271539 0.0169642
6 0.2159658 0.4801862 0.0271539 0.0169642
30 0.4233226 0.4801862 0.0271539 0.0169642
30 0.6306794 0.3580436 0.0271539 0.0169642
22 0.4233226 0.4191149 0.0271539 0.0169642
