20 0.1779757 0.5145377 0.0275784 0.0174175
24 0.3885740 0.4518348 0.0275784 0.0174175
32 0.3177477 0.4030658 0.5026781 0.5051071
33 0.3954685 0.1632850 0.0112820 0.0139340
9 0.1077762 0.2637259 0.0275783 0.0174175
11 0.3885740 0.2637259 0.0275784 0.0174175
7 0.5289728 0.2637259 0.0275783 0.0174175
21 0.1077762 0.3264288 0.0275783 0.0174175
5 0.1779757 0.3264288 0.0275784 0.0174175
19 0.2481751 0.3264288 0.0275784 0.0174175
1 0.3885740 0.3264288 0.0275784 0.0174175
28 0.1077762 0.3891318 0.0275783 0.0174175
18 0.1779757 0.3891318 0.0275784 0.0174175
29 0.3885740 0.3891318 0.0275784 0.0174175
16 0.4587734 0.3891318 0.0275784 0.0174175
34 0.2481751 0.4524153 0.0651852 0.0627030
26 0.2481751 0.4518348 0.0275784 0.0174175
26 0.5289728 0.4518348 0.0275783 0.0174175
6 0.3183745 0.5145377 0.0275784 0.0174175
27 0.4587734 0.5145377 0.0275784 0.0174175
17 0.5289728 0.5145377 0.0275783 0.0174175
25 0.2481751 0.5772407 0.0275784 0.0174175
15 0.5289728 0.5772407 0.0275783 0.0174175
14 0.5289728 0.3891318 0.0275783 0.0174175
31 0.3183745 0.3891318 0.0275784 0.0174175
7 0.1779757 0.5772407 0.0275784 0.0174175
30 0.3183745 0.5772407 0.0275784 0.0174175
30 0.3183745 0.2637259 0.0275784 0.0174175
26 0.3183745 0.3264288 0.0275784 0.0174175
6 0.4587734 0.4518348 0.0275784 0.0174175
21 0.5289728 0.3264288 0.0275783 0.0174175
3 0.1779757 0.4518348 0.0275784 0.0174175
29 0.2481751 0.2637259 0.0275784 0.0174175
6 0.1077762 0.5145377 0.0275783 0.0174175
28 0.4587734 0.5772407 0.0275784 0.0174175
20 0.3885740 0.5145377 0.0275784 0.0174175
17 0.1077762 0.4518348 0.0275783 0.0174175
27 0.3183745 0.4518348 0.0275784 0.0174175
20 0.3885740 0.5772407 0.0275784 0.0174175
26 0.4587734 0.2637259 0.0275784 0.0174175
16 0.1077762 0.5772407 0.0275783 0.0174175
23 0.1779757 0.2637259 0.0275784 0.0174175
26 0.2481751 0.5145377 0.0275784 0.0174175
28 0.2481751 0.3891318 0.0275784 0.0174175
1 0.4587734 0.3264288 0.0275784 0.0174175
