19 0.5595043 0.3785237 0.0275506 0.0163251
2 0.7698907 0.4960643 0.0275506 0.0163251
32 0.5595043 0.3475060 0.5059292 0.4832226
33 0.6365207 0.1173223 0.0112707 0.0141484
25 0.4192467 0.2022127 0.0275506 0.0163251
18 0.7698907 0.2022127 0.0275506 0.0163251
29 0.4192467 0.2609830 0.0275506 0.0163251
28 0.4893755 0.2609830 0.0275506 0.0163251
34 0.5595043 0.2615272 0.0651196 0.0587703
7 0.5595043 0.2609830 0.0275506 0.0163251
16 0.7698907 0.2609830 0.0275506 0.0163251
15 0.3491179 0.3785237 0.0275506 0.0163251
20 0.4192467 0.3785237 0.0275506 0.0163251
30 0.6296331 0.3785237 0.0275506 0.0163251
7 0.3491179 0.4372939 0.0275506 0.0163251
3 0.4192467 0.4372939 0.0275506 0.0163251
22 0.4893755 0.4372939 0.0275506 0.0163251
17 0.5595043 0.4372939 0.0275506 0.0163251
12 0.6997619 0.4372939 0.0275505 0.0163251
27 0.7698907 0.4372939 0.0275506 0.0163251
5 0.3491179 0.4960643 0.0275506 0.0163251
31 0.4192467 0.4960643 0.0275506 0.0163251
1 0.4893755 0.4960643 0.0275506 0.0163251
16 0.5595043 0.4960643 0.0275506 0.0163251
20 0.6997619 0.2609830 0.0275505 0.0163251
10 0.6296331 0.4372939 0.0275506 0.0163251
25 0.6997619 0.4960643 0.0275505 0.0163251
27 0.6296331 0.3197533 0.0275506 0.0163251
16 0.6997619 0.3785237 0.0275505 0.0163251
24 0.4893755 0.3197533 0.0275506 0.0163251
17 0.7698907 0.3785237 0.0275506 0.0163251
1 0.3491179 0.2022127 0.0275506 0.0163251
7 0.6997619 0.2022127 0.0275505 0.0163251
17 0.5595043 0.3197533 0.0275506 0.0163251
2 0.4192467 0.3197533 0.0275506 0.0163251
20 0.3491179 0.2609830 0.0275506 0.0163251
10 0.7698907 0.3197533 0.0275506 0.0163251
27 0.6296331 0.2022127 0.0275506 0.0163251
8 0.6997619 0.3197533 0.0275505 0.0163251
8 0.4893755 0.3785237 0.0275506 0.0163251
14 0.6296331 0.2609830 0.0275506 0.0163251
3 0.6296331 0.4960643 0.0275506 0.0163251
2 0.3491179 0.3197533 0.0275506 0.0163251
21 0.4893755 0.2022127 0.0275506 0.0163251
18 0.5595043 0.2022127 0.0275506 0.0163251
