14 0.7292565 0.5984532 0.0223316 0.0162808
18 0.6814030 0.6728796 0.0223316 0.0162808
32 0.6245108 0.4670440 0.3636855 0.5093557
33 0.7499928 0.2687675 0.0127609 0.0197695
2 0.5856963 0.3757554 0.0223315 0.0174437
34 0.6335497 0.3757554 0.0414729 0.0453536
12 0.6335497 0.3757554 0.0223315 0.0174437
23 0.7292565 0.3757554 0.0223316 0.0174437
7 0.5378430 0.4501818 0.0223315 0.0174437
10 0.6335497 0.4501818 0.0223315 0.0174437
22 0.5856963 0.5246082 0.0223315 0.0174437
11 0.6814030 0.5246082 0.0223316 0.0174437
28 0.7292565 0.5246082 0.0223316 0.0174437
20 0.6335497 0.5984532 0.0223315 0.0162808
27 0.6814030 0.5984532 0.0223316 0.0162808
15 0.7771098 0.5984532 0.0223315 0.0162808
3 0.4899897 0.6728796 0.0223316 0.0162808
29 0.7292565 0.4501818 0.0223316 0.0174437
26 0.4899897 0.5246082 0.0223316 0.0174437
2 0.7771098 0.5246082 0.0223315 0.0174437
7 0.4899897 0.3757554 0.0223316 0.0174437
25 0.5378430 0.6728796 0.0223315 0.0162808
6 0.5378430 0.5246082 0.0223315 0.0174437
10 0.5378430 0.5984532 0.0223315 0.0162808
26 0.7771098 0.3757554 0.0223315 0.0174437
20 0.5856963 0.5984532 0.0223315 0.0162808
18 0.6814030 0.3757554 0.0223316 0.0174437
3 0.6814030 0.4501818 0.0223316 0.0174437
5 0.5856963 0.4501818 0.0223315 0.0174437
26 0.5856963 0.6728796 0.0223315 0.0162808
19 0.7292565 0.6728796 0.0223316 0.0162808
10 0.6335497 0.5246082 0.0223315 0.0174437
26 0.4899897 0.5984532 0.0223316 0.0162808
10 0.4899897 0.4501818 0.0223316 0.0174437
9 0.7771098 0.4501818 0.0223315 0.0174437
22 0.6335497 0.6728796 0.0223315 0.0162808
4 0.7771098 0.6728796 0.0223315 0.0162808
23 0.5378430 0.3757554 0.0223315 0.0174437
