22 0.4614178 0.1550437 0.0224568 0.0160736
15 0.4614178 0.3071685 0.0224568 0.0172217
32 0.4635566 0.1802593 0.3988763 0.3582964
17 0.3614314 0.0551580 0.0235262 0.0160735
5 0.5111437 0.0551580 0.0235262 0.0160735
10 0.5614043 0.0551580 0.0235262 0.0160735
21 0.3101015 0.1045268 0.0235262 0.0160735
6 0.4614178 0.1045268 0.0224568 0.0160735
20 0.6127342 0.1045268 0.0235262 0.0160735
27 0.3101015 0.1550437 0.0235262 0.0160736
35 0.5111437 0.1550437 0.0427749 0.0459244
10 0.5111437 0.1550437 0.0235262 0.0160736
18 0.5614043 0.1550437 0.0235262 0.0160736
3 0.3614314 0.2055606 0.0235262 0.0160736
19 0.4614178 0.2055606 0.0224568 0.0160736
2 0.5111437 0.2055606 0.0235262 0.0160736
8 0.5614043 0.2055606 0.0235262 0.0160736
28 0.3614314 0.2566516 0.0235262 0.0172217
23 0.4614178 0.2566516 0.0224568 0.0172217
9 0.5111437 0.2566516 0.0235262 0.0172217
26 0.5614043 0.2566516 0.0235262 0.0172217
15 0.5614043 0.3071685 0.0235262 0.0172217
4 0.6127342 0.0551580 0.0235262 0.0160735
27 0.6127342 0.2566516 0.0235262 0.0172217
25 0.6127342 0.2055606 0.0235262 0.0160736
30 0.4111573 0.1550437 0.0224568 0.0160736
27 0.5111437 0.3071685 0.0235262 0.0172217
1 0.3614314 0.3071685 0.0235262 0.0172217
31 0.4111573 0.0551580 0.0224568 0.0160735
24 0.3614314 0.1045268 0.0235262 0.0160735
7 0.4111573 0.2055606 0.0224568 0.0160736
5 0.4614178 0.0551580 0.0224568 0.0160735
28 0.5111437 0.1045268 0.0235262 0.0160735
21 0.3101015 0.0551580 0.0235262 0.0160735
19 0.3614314 0.1550437 0.0235262 0.0160736
25 0.3101015 0.3071685 0.0235262 0.0172217
7 0.3101015 0.2566516 0.0235262 0.0172217
18 0.4111573 0.3071685 0.0224568 0.0172217
3 0.5614043 0.1045268 0.0235262 0.0160735
17 0.6127342 0.3071685 0.0235262 0.0172217
4 0.4111573 0.2566516 0.0224568 0.0172217
28 0.3101015 0.2055606 0.0235262 0.0160736
17 0.6127342 0.1550437 0.0235262 0.0160736
16 0.4111573 0.1045268 0.0224568 0.0160735
