26 0.5018150 0.4154951 0.0279698 0.0165097
19 0.7154027 0.3555096 0.0279699 0.0154091
32 0.6448425 0.4099918 0.5148991 0.4853864
33 0.7204881 0.1942645 0.0101709 0.0121071
9 0.5018150 0.2966249 0.0279698 0.0165097
16 0.5018150 0.3555096 0.0279698 0.0154091
17 0.5730109 0.3555096 0.0279698 0.0154091
4 0.6442068 0.3555096 0.0279698 0.0154091
11 0.7865986 0.3555096 0.0279698 0.0154091
1 0.5730109 0.4154951 0.0279698 0.0165097
8 0.8577946 0.4154951 0.0279698 0.0165097
27 0.4306190 0.4749301 0.0279698 0.0165097
34 0.5730109 0.4743798 0.0661105 0.0594351
8 0.5730109 0.4749301 0.0279698 0.0165097
7 0.6442068 0.4749301 0.0279698 0.0165097
23 0.7865986 0.4749301 0.0279698 0.0165097
31 0.8577946 0.4749301 0.0279698 0.0165097
25 0.5018150 0.5343652 0.0279698 0.0165097
29 0.6442068 0.5343652 0.0279698 0.0165097
3 0.4306190 0.5932499 0.0279698 0.0154091
30 0.5018150 0.5932499 0.0279698 0.0154091
6 0.7154027 0.5932499 0.0279699 0.0154091
22 0.8577946 0.5932499 0.0279698 0.0154091
1 0.5730109 0.5932499 0.0279698 0.0154091
26 0.7865986 0.5932499 0.0279698 0.0154091
19 0.6442068 0.5932499 0.0279698 0.0154091
17 0.7154027 0.2966249 0.0279699 0.0165097
25 0.7154027 0.4749301 0.0279699 0.0165097
5 0.5730109 0.2966249 0.0279698 0.0165097
22 0.4306190 0.2966249 0.0279698 0.0165097
9 0.6442068 0.2966249 0.0279698 0.0165097
15 0.5018150 0.4749301 0.0279698 0.0165097
9 0.7865986 0.5343652 0.0279698 0.0165097
20 0.7865986 0.4154951 0.0279698 0.0165097
29 0.4306190 0.5343652 0.0279698 0.0165097
29 0.7154027 0.4154951 0.0279699 0.0165097
9 0.8577946 0.2966249 0.0279698 0.0165097
13 0.4306190 0.3555096 0.0279698 0.0154091
17 0.7865986 0.2966249 0.0279698 0.0165097
31 0.6442068 0.4154951 0.0279698 0.0165097
22 0.5730109 0.5343652 0.0279698 0.0165097
10 0.8577946 0.3555096 0.0279698 0.0154091
24 0.7154027 0.5343652 0.0279699 0.0165097
30 0.8577946 0.5343652 0.0279698 0.0165097
14 0.4306190 0.4154951 0.0279698 0.0165097
