23 0.2062391 0.3915248 0.0262007 0.0161067
29 0.2729318 0.5654778 0.0262007 0.0161068
32 0.2723363 0.4623945 0.4775673 0.4670960
33 0.3461747 0.2406582 0.0107185 0.0128854
29 0.2062391 0.3335405 0.0262007 0.0161068
10 0.2729318 0.3335405 0.0262007 0.0161068
4 0.3396245 0.3335405 0.0262007 0.0161068
3 0.4730099 0.3335405 0.0262007 0.0161068
34 0.4063172 0.3920617 0.0619289 0.0579843
3 0.4063172 0.3915248 0.0262007 0.0161067
8 0.4730099 0.3915248 0.0262007 0.0161067
30 0.2062391 0.4495091 0.0262007 0.0161068
11 0.2729318 0.4495091 0.0262007 0.0161068
20 0.3396245 0.4495091 0.0262007 0.0161068
21 0.4063172 0.4495091 0.0262007 0.0161068
31 0.4730099 0.4495091 0.0262007 0.0161068
13 0.2729318 0.5074935 0.0262007 0.0161068
26 0.4730099 0.5074935 0.0262007 0.0161068
14 0.1395464 0.5654778 0.0262007 0.0161068
24 0.2062391 0.5654778 0.0262007 0.0161068
18 0.1395464 0.6234621 0.0262007 0.0161068
6 0.3396245 0.6234621 0.0262007 0.0161068
23 0.4063172 0.6234621 0.0262007 0.0161068
30 0.0728537 0.6234621 0.0262007 0.0161068
4 0.4063172 0.5654778 0.0262007 0.0161068
16 0.0728537 0.3915248 0.0262007 0.0161067
30 0.3396245 0.5074935 0.0262007 0.0161068
29 0.3396245 0.5654778 0.0262007 0.0161068
18 0.2062391 0.6234621 0.0262007 0.0161068
25 0.2729318 0.3915248 0.0262007 0.0161067
30 0.1395464 0.4495091 0.0262007 0.0161068
17 0.1395464 0.3915248 0.0262007 0.0161067
30 0.3396245 0.3915248 0.0262007 0.0161067
4 0.2729318 0.6234621 0.0262007 0.0161068
17 0.4730099 0.5654778 0.0262007 0.0161068
25 0.4730099 0.6234621 0.0262007 0.0161068
14 0.0728537 0.5074935 0.0262007 0.0161068
13 0.0728537 0.4495091 0.0262007 0.0161068
25 0.2062391 0.5074935 0.0262007 0.0161068
14 0.4063172 0.3335405 0.0262007 0.0161068
14 0.4063172 0.5074935 0.0262007 0.0161068
18 0.1395464 0.3335405 0.0262007 0.0161068
31 0.0728537 0.5654778 0.0262007 0.0161068
29 0.1395464 0.5074935 0.0262007 0.0161068
29 0.0728537 0.3335405 0.0262007 0.0161068
