2 0.6696737 0.6664213 0.0283492 0.0172344
3 0.5253507 0.4182446 0.0283492 0.0172345
32 0.5247065 0.4940764 0.5167275 0.4998002
33 0.6045995 0.2568149 0.0115974 0.0137876
13 0.3810278 0.3562005 0.0283492 0.0172345
16 0.5975122 0.3562005 0.0283491 0.0172345
6 0.6696737 0.3562005 0.0283492 0.0172345
24 0.3088664 0.4182446 0.0283491 0.0172345
22 0.3810278 0.4182446 0.0283492 0.0172345
7 0.6696737 0.4182446 0.0283492 0.0172345
8 0.3810278 0.4802888 0.0283492 0.0172345
18 0.4531893 0.4802888 0.0283492 0.0172345
10 0.5975122 0.4802888 0.0283491 0.0172345
12 0.3088664 0.5423330 0.0283491 0.0172345
26 0.4531893 0.5423330 0.0283492 0.0172345
34 0.5253508 0.5429074 0.0670071 0.0620441
30 0.5253507 0.5423330 0.0283492 0.0172345
30 0.3810278 0.6043772 0.0283492 0.0172345
27 0.5253507 0.6043772 0.0283492 0.0172345
17 0.3088664 0.6664213 0.0283491 0.0172344
29 0.4531893 0.6664213 0.0283492 0.0172344
11 0.5975122 0.6664213 0.0283491 0.0172344
5 0.7418351 0.6664213 0.0283492 0.0172344
14 0.3088664 0.6043772 0.0283491 0.0172345
30 0.6696737 0.5423330 0.0283492 0.0172345
7 0.5253507 0.6664213 0.0283492 0.0172344
19 0.3088664 0.4802888 0.0283491 0.0172345
6 0.4531893 0.4182446 0.0283492 0.0172345
28 0.3088664 0.3562005 0.0283491 0.0172345
24 0.7418351 0.4182446 0.0283492 0.0172345
7 0.7418351 0.3562005 0.0283492 0.0172345
16 0.7418351 0.4802888 0.0283492 0.0172345
16 0.6696737 0.4802888 0.0283492 0.0172345
21 0.6696737 0.6043772 0.0283492 0.0172345
7 0.5253507 0.4802888 0.0283492 0.0172345
19 0.5975122 0.4182446 0.0283491 0.0172345
23 0.4531893 0.3562005 0.0283492 0.0172345
13 0.7418351 0.5423330 0.0283492 0.0172345
20 0.3810278 0.6664213 0.0283492 0.0172344
13 0.5975122 0.5423330 0.0283491 0.0172345
21 0.7418351 0.6043772 0.0283492 0.0172345
3 0.5253507 0.3562005 0.0283492 0.0172345
15 0.4531893 0.6043772 0.0283492 0.0172345
13 0.3810278 0.5423330 0.0283492 0.0172345
6 0.5975122 0.6043772 0.0283491 0.0172345
