21 0.4771181 0.6300642 0.0267476 0.0167477
31 0.4771181 0.5697724 0.0267476 0.0167477
32 0.2722561 0.5228788 0.4875351 0.4856840
33 0.3476356 0.2923184 0.0109422 0.0133982
18 0.0686099 0.3888969 0.0267476 0.0167477
34 0.2047792 0.4497470 0.0632215 0.0602918
22 0.2047792 0.4491887 0.0267476 0.0167477
20 0.2728640 0.4491887 0.0267476 0.0167477
22 0.2047792 0.5094806 0.0267476 0.0167477
10 0.0686099 0.5697724 0.0267476 0.0167477
13 0.2047792 0.5697724 0.0267476 0.0167477
8 0.2728640 0.5697724 0.0267476 0.0167477
21 0.3409486 0.5697724 0.0267476 0.0167477
1 0.4090334 0.5697724 0.0267476 0.0167477
15 0.2728640 0.6300642 0.0267476 0.0167477
30 0.3409486 0.6300642 0.0267476 0.0167477
4 0.3409486 0.5094806 0.0267476 0.0167477
23 0.2728640 0.3888969 0.0267476 0.0167477
14 0.4771181 0.3888969 0.0267476 0.0167477
21 0.1366946 0.4491887 0.0267476 0.0167477
27 0.4771181 0.4491887 0.0267476 0.0167477
13 0.0686099 0.6300642 0.0267476 0.0167477
21 0.1366946 0.3888969 0.0267476 0.0167477
19 0.4090334 0.5094806 0.0267476 0.0167477
23 0.2728640 0.5094806 0.0267476 0.0167477
4 0.4090334 0.4491887 0.0267476 0.0167477
20 0.1366946 0.5094806 0.0267476 0.0167477
14 0.0686099 0.4491887 0.0267476 0.0167477
1 0.2047792 0.6300642 0.0267476 0.0167477
6 0.1366946 0.5697724 0.0267476 0.0167477
3 0.3409486 0.3888969 0.0267476 0.0167477
31 0.2047792 0.3888969 0.0267476 0.0167477
6 0.0686099 0.5094806 0.0267476 0.0167477
24 0.4090334 0.6300642 0.0267476 0.0167477
25 0.4090334 0.3888969 0.0267476 0.0167477
19 0.4771181 0.5094806 0.0267476 0.0167477
18 0.3409486 0.4491887 0.0267476 0.0167477
17 0.1366946 0.6300642 0.0267476 0.0167477
