22 0.3832055 0.2665508 0.0237767 0.0162595
9 0.2813054 0.2665508 0.0237767 0.0162595
32 0.3735816 0.3516423 0.3872202 0.4747781
33 0.5071839 0.1668258 0.0135867 0.0184275
27 0.2303554 0.2665508 0.0237767 0.0162595
30 0.4341555 0.2665508 0.0237767 0.0162595
6 0.4851055 0.2665508 0.0237767 0.0162595
28 0.2303554 0.3359248 0.0237767 0.0162595
11 0.4341555 0.3359248 0.0237767 0.0162595
13 0.3322555 0.4052987 0.0237767 0.0162595
4 0.4851055 0.4052987 0.0237767 0.0162595
21 0.2303554 0.4741307 0.0237767 0.0151755
7 0.3322555 0.4741307 0.0237767 0.0151755
34 0.3832055 0.4746727 0.0441567 0.0422747
20 0.3832055 0.4741307 0.0237767 0.0151755
1 0.2813054 0.5435047 0.0237767 0.0151756
7 0.3832055 0.4052987 0.0237767 0.0162595
19 0.2813054 0.4741307 0.0237767 0.0151755
13 0.2813054 0.4052987 0.0237767 0.0162595
22 0.4341555 0.4052987 0.0237767 0.0162595
18 0.3322555 0.3359248 0.0237767 0.0162595
12 0.3832055 0.3359248 0.0237767 0.0162595
5 0.5360556 0.4741307 0.0237767 0.0151755
30 0.2303554 0.4052987 0.0237767 0.0162595
30 0.3322555 0.2665508 0.0237767 0.0162595
9 0.5360556 0.5435047 0.0237767 0.0151756
1 0.5360556 0.4052987 0.0237767 0.0162595
29 0.5360556 0.3359248 0.0237767 0.0162595
30 0.2303554 0.5435047 0.0237767 0.0151756
18 0.2813054 0.3359248 0.0237767 0.0162595
6 0.5360556 0.2665508 0.0237767 0.0162595
9 0.3832055 0.5435047 0.0237767 0.0151756
1 0.4341555 0.4741307 0.0237767 0.0151755
3 0.3322555 0.5435047 0.0237767 0.0151756
31 0.4851055 0.5435047 0.0237767 0.0151756
12 0.4341555 0.5435047 0.0237767 0.0151756
3 0.4851055 0.4741307 0.0237767 0.0151755
31 0.4851055 0.3359248 0.0237767 0.0162595
