1 0.4520444 0.5073259 0.0242320 0.0149679
27 0.2962670 0.2341617 0.0242321 0.0160371
32 0.3383846 0.3180889 0.3946363 0.4682815
33 0.4745456 0.1358012 0.0138469 0.0181753
11 0.1924153 0.2341617 0.0242321 0.0160371
34 0.3481927 0.2341617 0.0450024 0.0416963
10 0.3481927 0.2341617 0.0242321 0.0160371
1 0.5039703 0.2341617 0.0242320 0.0160371
29 0.2443411 0.3025864 0.0242320 0.0160371
28 0.2962670 0.3025864 0.0242321 0.0160371
22 0.5039703 0.3025864 0.0242320 0.0160371
2 0.2962670 0.4389012 0.0242321 0.0149679
27 0.4001186 0.4389012 0.0242320 0.0149679
30 0.5039703 0.4389012 0.0242320 0.0149679
18 0.2443411 0.5073259 0.0242320 0.0149679
10 0.4001186 0.5073259 0.0242320 0.0149679
1 0.5039703 0.3710111 0.0242320 0.0160370
1 0.1924153 0.3025864 0.0242321 0.0160371
17 0.1924153 0.4389012 0.0242321 0.0149679
15 0.1924153 0.3710111 0.0242321 0.0160370
5 0.3481927 0.3710111 0.0242321 0.0160370
25 0.2962670 0.3710111 0.0242321 0.0160370
14 0.2443411 0.3710111 0.0242320 0.0160370
23 0.2443411 0.2341617 0.0242320 0.0160371
10 0.3481927 0.5073259 0.0242321 0.0149679
15 0.4001186 0.3710111 0.0242320 0.0160370
29 0.2962670 0.5073259 0.0242321 0.0149679
25 0.3481927 0.4389012 0.0242321 0.0149679
19 0.5039703 0.5073259 0.0242320 0.0149679
2 0.3481927 0.3025864 0.0242321 0.0160371
10 0.1924153 0.5073259 0.0242321 0.0149679
16 0.4520444 0.4389012 0.0242320 0.0149679
16 0.4001186 0.3025864 0.0242320 0.0160371
29 0.2443411 0.4389012 0.0242320 0.0149679
17 0.4520444 0.3025864 0.0242320 0.0160371
10 0.4520444 0.3710111 0.0242320 0.0160370
4 0.4001186 0.2341617 0.0242320 0.0160371
31 0.4520444 0.2341617 0.0242320 0.0160371
