26 0.5728157 0.3936899 0.0248496 0.0162151
15 0.8077576 0.4504426 0.0248497 0.0151341
32 0.6264682 0.4174720 0.4077597 0.3707845
33 0.8173585 0.2455922 0.0101657 0.0140531
34 0.4564743 0.3369371 0.0496993 0.0475642
24 0.4564743 0.3374776 0.0248496 0.0162150
1 0.7501516 0.3374776 0.0248497 0.0162150
6 0.8077576 0.3374776 0.0248497 0.0162150
15 0.6908514 0.3936899 0.0237202 0.0162151
29 0.5728157 0.4504426 0.0248496 0.0151341
20 0.6908514 0.5066548 0.0237202 0.0151341
22 0.7501516 0.5066548 0.0248497 0.0151341
28 0.4564743 0.5617861 0.0248496 0.0151341
25 0.5152098 0.5617861 0.0248496 0.0151341
30 0.5728157 0.5617861 0.0248496 0.0151341
19 0.8077576 0.5617861 0.0248497 0.0151341
31 0.4564743 0.5066548 0.0248496 0.0151341
15 0.6908514 0.3374776 0.0237202 0.0162150
27 0.6321159 0.5066548 0.0237201 0.0151341
10 0.5728157 0.5066548 0.0248496 0.0151341
19 0.4564743 0.4504426 0.0248496 0.0151341
20 0.4564743 0.3936899 0.0248496 0.0162151
6 0.7501516 0.3936899 0.0248497 0.0162151
9 0.6908514 0.4504426 0.0237202 0.0151341
27 0.5152098 0.3374776 0.0248496 0.0162150
25 0.6321159 0.5617861 0.0237201 0.0151341
1 0.8077576 0.5066548 0.0248497 0.0151341
24 0.5728157 0.3374776 0.0248496 0.0162150
25 0.7501516 0.4504426 0.0248497 0.0151341
29 0.8077576 0.3936899 0.0248497 0.0162151
16 0.6908514 0.5617861 0.0237202 0.0151341
2 0.7501516 0.5617861 0.0248497 0.0151341
12 0.5152098 0.3936899 0.0248496 0.0162151
2 0.5152098 0.5066548 0.0248496 0.0151341
8 0.6321159 0.3936899 0.0237201 0.0162151
29 0.6321159 0.3374776 0.0237201 0.0162150
23 0.6321159 0.4504426 0.0237201 0.0151341
16 0.5152098 0.4504426 0.0248496 0.0151341
