10 0.3967567 0.4531099 0.0234398 0.0168093
23 0.5070302 0.6273661 0.0223743 0.0156887
32 0.5017030 0.4777635 0.3846257 0.3843723
33 0.6817632 0.2995852 0.0095890 0.0145680
34 0.6727070 0.3942774 0.0468795 0.0493073
24 0.6727069 0.3948377 0.0234398 0.0168093
16 0.3413536 0.4531099 0.0234398 0.0168093
26 0.4510944 0.5119424 0.0234398 0.0156887
30 0.5070302 0.5119424 0.0223743 0.0156887
9 0.5624334 0.5119424 0.0223743 0.0156887
8 0.6183693 0.5119424 0.0234397 0.0156887
31 0.3413536 0.5702146 0.0234398 0.0156887
29 0.5070302 0.5702146 0.0223743 0.0156887
21 0.5624334 0.5702146 0.0223743 0.0156887
15 0.5624334 0.6273661 0.0223743 0.0156887
5 0.6727069 0.6273661 0.0234398 0.0156887
23 0.5624334 0.3948377 0.0223743 0.0168093
30 0.6183693 0.3948377 0.0234397 0.0168093
24 0.5070302 0.3948377 0.0223743 0.0168093
13 0.6183693 0.4531099 0.0234397 0.0168093
8 0.4510944 0.3948377 0.0234398 0.0168093
10 0.3967567 0.6273661 0.0234398 0.0156887
7 0.6727069 0.4531099 0.0234398 0.0168093
23 0.3413536 0.3948377 0.0234398 0.0168093
28 0.3967567 0.5702146 0.0234398 0.0156887
18 0.5624334 0.4531099 0.0223743 0.0168093
4 0.3967567 0.3948377 0.0234398 0.0168093
22 0.5070302 0.4531099 0.0223743 0.0168093
26 0.3413536 0.6273661 0.0234398 0.0156887
18 0.6183693 0.5702146 0.0234397 0.0156887
14 0.4510944 0.4531099 0.0234398 0.0168093
26 0.6183693 0.6273661 0.0234397 0.0156887
24 0.3413536 0.5119424 0.0234398 0.0156887
15 0.6727069 0.5702146 0.0234398 0.0156887
9 0.4510944 0.6273661 0.0234398 0.0156887
23 0.6727069 0.5119424 0.0234398 0.0156887
14 0.4510944 0.5702146 0.0234398 0.0156887
5 0.3967567 0.5119424 0.0234398 0.0156887
