13 0.5951356 0.3236740 0.0246270 0.0153398
7 0.4384183 0.2754634 0.0246270 0.0153397
32 0.5481205 0.2929946 0.4231368 0.3659624
33 0.7227483 0.1543891 0.0089553 0.0142440
6 0.7014796 0.2283485 0.0246270 0.0153398
26 0.3846866 0.2754634 0.0246270 0.0153397
7 0.7014796 0.2754634 0.0246270 0.0153397
9 0.6477479 0.3236740 0.0246270 0.0153398
13 0.4384183 0.3718846 0.0246270 0.0153397
17 0.4904709 0.3718846 0.0235076 0.0153397
12 0.6477479 0.3718846 0.0246270 0.0153397
10 0.7014796 0.3718846 0.0246270 0.0153397
16 0.3846866 0.4206431 0.0246270 0.0164354
28 0.5951356 0.4206431 0.0246270 0.0164354
35 0.6477479 0.4206431 0.0447764 0.0427321
9 0.6477479 0.4206431 0.0246270 0.0164354
8 0.7014796 0.3236740 0.0246270 0.0153398
13 0.6477479 0.2283485 0.0246270 0.0153398
23 0.4384183 0.2283485 0.0246270 0.0153398
27 0.5430831 0.2283485 0.0235076 0.0153398
22 0.5951356 0.3718846 0.0246270 0.0153397
25 0.4904709 0.2754634 0.0235076 0.0153397
30 0.6477479 0.2754634 0.0246270 0.0153397
29 0.5951356 0.2283485 0.0246270 0.0153398
10 0.4384183 0.4206431 0.0246270 0.0164354
7 0.7014796 0.4206431 0.0246270 0.0164354
12 0.4904709 0.3236740 0.0235076 0.0153398
11 0.5430831 0.3718846 0.0235076 0.0153397
7 0.3846866 0.3236740 0.0246270 0.0153398
26 0.3846866 0.2283485 0.0246270 0.0153398
9 0.5430831 0.4206431 0.0235076 0.0164354
16 0.4904709 0.4206431 0.0235076 0.0164354
1 0.4384183 0.3236740 0.0246270 0.0153398
25 0.5951356 0.2754634 0.0246270 0.0153397
16 0.5430831 0.2754634 0.0235076 0.0153397
27 0.5430831 0.3236740 0.0235076 0.0153398
29 0.3846866 0.3718846 0.0246270 0.0153397
28 0.4904709 0.2283485 0.0235076 0.0153398
