17 0.3228288 0.1896546 0.0288134 0.0167306
6 0.4695154 0.2498846 0.0288134 0.0167306
32 0.2563379 0.2844611 0.5101758 0.4941091
33 0.3293773 0.0513487 0.0130970 0.0144998
34 0.1761422 0.1902123 0.0681045 0.0602300
2 0.1761422 0.1896546 0.0288134 0.0167306
6 0.4695154 0.1896546 0.0288134 0.0167306
3 0.1761422 0.2498846 0.0288134 0.0167306
9 0.1761422 0.3101146 0.0288134 0.0167306
14 0.1027989 0.3703446 0.0288134 0.0167306
31 0.2494855 0.3703446 0.0288134 0.0167306
26 0.3228288 0.3703446 0.0288134 0.0167306
27 0.3961720 0.3703446 0.0288134 0.0167306
28 0.4695154 0.3703446 0.0288134 0.0167306
10 0.1761422 0.4305746 0.0288134 0.0167306
20 0.4695154 0.4305746 0.0288134 0.0167306
10 0.1027989 0.4305746 0.0288134 0.0167306
29 0.0294556 0.3703446 0.0288134 0.0167306
14 0.2494855 0.1896546 0.0288134 0.0167306
18 0.0294556 0.3101146 0.0288134 0.0167306
13 0.2494855 0.2498846 0.0288134 0.0167306
15 0.3961720 0.2498846 0.0288134 0.0167306
12 0.3228288 0.3101146 0.0288134 0.0167306
17 0.1761422 0.3703446 0.0288134 0.0167306
30 0.0294556 0.4305746 0.0288134 0.0167306
26 0.0294556 0.1896546 0.0288134 0.0167306
21 0.1027989 0.1896546 0.0288134 0.0167306
28 0.3228288 0.4305746 0.0288134 0.0167306
9 0.3961720 0.4305746 0.0288134 0.0167306
20 0.3961720 0.3101146 0.0288134 0.0167306
8 0.1027989 0.3101146 0.0288134 0.0167306
26 0.0294556 0.2498846 0.0288134 0.0167306
16 0.2494855 0.4305746 0.0288134 0.0167306
29 0.3228288 0.2498846 0.0288134 0.0167306
12 0.2494855 0.3101146 0.0288134 0.0167306
17 0.3961720 0.1896546 0.0288134 0.0167306
18 0.4695154 0.3101146 0.0288134 0.0167306
26 0.1027989 0.2498846 0.0288134 0.0167306
