24 0.3869509 0.5850722 0.0274752 0.0163640
10 0.3869509 0.5261617 0.0274752 0.0163640
32 0.5274492 0.4617966 0.5057937 0.4811020
33 0.6017571 0.2479735 0.0099910 0.0120003
7 0.3869509 0.3494303 0.0274752 0.0163640
26 0.4568878 0.3494303 0.0274752 0.0163640
1 0.5967616 0.3494303 0.0274752 0.0163640
13 0.6666985 0.3494303 0.0274752 0.0163640
30 0.7366354 0.3494303 0.0274752 0.0163640
8 0.5967616 0.4077953 0.0274752 0.0152731
34 0.4568878 0.4667058 0.0649414 0.0589105
13 0.4568878 0.4672512 0.0274752 0.0163641
20 0.5268247 0.4672512 0.0274752 0.0163641
3 0.5967616 0.4672512 0.0274752 0.0163641
22 0.7366354 0.4672512 0.0274752 0.0163641
19 0.5268247 0.5261617 0.0274752 0.0163640
17 0.5967616 0.5261617 0.0274752 0.0163640
15 0.6666985 0.5261617 0.0274752 0.0163640
24 0.7366354 0.5261617 0.0274752 0.0163640
27 0.3170140 0.5850722 0.0274752 0.0163640
21 0.5967616 0.5850722 0.0274752 0.0163640
6 0.3170140 0.6434371 0.0274752 0.0152731
31 0.5967616 0.6434371 0.0274752 0.0152731
17 0.6666985 0.6434371 0.0274752 0.0152731
9 0.7366354 0.4077953 0.0274752 0.0152731
16 0.3170140 0.4077953 0.0274752 0.0152731
9 0.3869509 0.6434371 0.0274752 0.0152731
20 0.3869509 0.4077953 0.0274752 0.0152731
26 0.5268247 0.5850722 0.0274752 0.0163640
11 0.3170140 0.4672512 0.0274752 0.0163641
26 0.3170140 0.3494303 0.0274752 0.0163640
29 0.5268247 0.4077953 0.0274752 0.0152731
27 0.6666985 0.4672512 0.0274752 0.0163641
21 0.4568878 0.4077953 0.0274752 0.0152731
1 0.3869509 0.4672512 0.0274752 0.0163641
12 0.4568878 0.5261617 0.0274752 0.0163640
17 0.4568878 0.5850722 0.0274752 0.0163640
7 0.3170140 0.5261617 0.0274752 0.0163640
4 0.6666985 0.5850722 0.0274752 0.0163640
16 0.5268247 0.3494303 0.0274752 0.0163640
24 0.7366354 0.6434371 0.0274752 0.0152731
5 0.6666985 0.4077953 0.0274752 0.0152731
29 0.4568878 0.6434371 0.0274752 0.0152731
12 0.5268247 0.6434371 0.0274752 0.0152731
9 0.7366354 0.5850722 0.0274752 0.0163640
