17 0.4636171 0.3950676 0.0276285 0.0164887
8 0.6745982 0.4544269 0.0276285 0.0164886
32 0.6036433 0.3697850 0.5035920 0.4869661
33 0.6808775 0.1400425 0.0125584 0.0142902
29 0.3932900 0.2763490 0.0276285 0.0164887
28 0.4636171 0.2763490 0.0276285 0.0164887
6 0.7449254 0.2763490 0.0276285 0.0164887
3 0.6042712 0.3950676 0.0276285 0.0164887
10 0.7449254 0.3950676 0.0276285 0.0164887
4 0.3932900 0.4544269 0.0276285 0.0164886
23 0.6042712 0.4544269 0.0276285 0.0164886
26 0.7449254 0.4544269 0.0276285 0.0164886
1 0.8152524 0.4544269 0.0276285 0.0164886
17 0.4636171 0.5137862 0.0276285 0.0164887
31 0.6042712 0.5137862 0.0276285 0.0164887
21 0.6745982 0.5137862 0.0276285 0.0164887
15 0.8152524 0.5137862 0.0276285 0.0164887
34 0.3932900 0.5736951 0.0653037 0.0593593
6 0.3932900 0.5731455 0.0276285 0.0164886
14 0.4636171 0.5731455 0.0276285 0.0164886
30 0.6042712 0.5731455 0.0276285 0.0164886
12 0.6745982 0.5731455 0.0276285 0.0164886
11 0.8152524 0.5731455 0.0276285 0.0164886
28 0.5339442 0.5137862 0.0276285 0.0164887
12 0.7449254 0.3357083 0.0276285 0.0164887
24 0.6745982 0.2763490 0.0276285 0.0164887
30 0.7449254 0.5137862 0.0276285 0.0164887
13 0.6745982 0.3357083 0.0276285 0.0164887
19 0.3932900 0.3357083 0.0276285 0.0164887
15 0.8152524 0.3357083 0.0276285 0.0164887
28 0.8152524 0.3950676 0.0276285 0.0164887
14 0.6745982 0.3950676 0.0276285 0.0164887
24 0.3932900 0.3950676 0.0276285 0.0164887
7 0.8152524 0.2763490 0.0276285 0.0164887
25 0.6042712 0.3357083 0.0276285 0.0164887
16 0.5339442 0.4544269 0.0276285 0.0164886
9 0.5339442 0.3950676 0.0276285 0.0164887
11 0.5339442 0.2763490 0.0276285 0.0164887
1 0.3932900 0.5137862 0.0276285 0.0164887
15 0.7449254 0.5731455 0.0276285 0.0164886
5 0.4636171 0.3357083 0.0276285 0.0164887
3 0.4636171 0.4544269 0.0276285 0.0164886
13 0.5339442 0.3357083 0.0276285 0.0164887
5 0.5339442 0.5731455 0.0276285 0.0164886
19 0.6042712 0.2763490 0.0276285 0.0164887
