29 0.4235816 0.3241066 0.0235069 0.0170932
25 0.5897327 0.4431892 0.0224384 0.0159536
32 0.5886641 0.3691187 0.3857269 0.4353068
33 0.7633633 0.1691283 0.0106850 0.0170932
14 0.4235816 0.2648502 0.0235069 0.0170932
30 0.4791434 0.2648502 0.0235069 0.0170932
10 0.7013905 0.2648502 0.0235069 0.0170932
17 0.7558838 0.2648502 0.0235069 0.0170932
29 0.5336367 0.3241066 0.0235069 0.0170932
7 0.7558838 0.3241066 0.0235069 0.0170932
34 0.5891984 0.3839328 0.0470138 0.0501400
18 0.5897327 0.3839328 0.0224384 0.0159536
20 0.6452945 0.3839328 0.0224384 0.0159536
2 0.7013905 0.3839328 0.0235069 0.0159536
16 0.4791434 0.4431892 0.0235069 0.0159536
8 0.5336367 0.4431892 0.0235069 0.0159536
9 0.7558838 0.4431892 0.0235069 0.0159536
21 0.4791434 0.5013061 0.0235069 0.0159537
11 0.4235816 0.5611323 0.0235069 0.0170932
26 0.5336367 0.5611323 0.0235069 0.0170932
15 0.6452945 0.5611323 0.0224384 0.0170932
6 0.7013905 0.5611323 0.0235069 0.0170932
24 0.4791434 0.5611323 0.0235069 0.0170932
18 0.4235816 0.4431892 0.0235069 0.0159536
1 0.4235816 0.5013061 0.0235069 0.0159537
20 0.7558838 0.5013061 0.0235069 0.0159537
28 0.4235816 0.3839328 0.0235069 0.0159536
1 0.5897327 0.5013061 0.0224384 0.0159537
29 0.7558838 0.5611323 0.0235069 0.0170932
27 0.7013905 0.3241066 0.0235069 0.0170932
23 0.5336367 0.2648502 0.0235069 0.0170932
18 0.5897327 0.3241066 0.0224384 0.0170932
23 0.4791434 0.3241066 0.0235069 0.0170932
16 0.5336367 0.3839328 0.0235069 0.0159536
18 0.5897327 0.2648502 0.0224384 0.0170932
30 0.6452945 0.5013061 0.0224384 0.0159537
7 0.6452945 0.4431892 0.0224384 0.0159536
7 0.4791434 0.3839328 0.0235069 0.0159536
1 0.7013905 0.4431892 0.0235069 0.0159536
14 0.7013905 0.5013061 0.0235069 0.0159537
19 0.6452945 0.3241066 0.0224384 0.0170932
31 0.7558838 0.3839328 0.0235069 0.0159536
28 0.6452945 0.2648502 0.0224384 0.0170932
21 0.5336367 0.5013061 0.0235069 0.0159537
17 0.5897327 0.5611323 0.0224384 0.0170932
