5 0.6710434 0.7082832 0.0266944 0.0170515
28 0.5351444 0.5241275 0.0266945 0.0170515
32 0.4665882 0.5377686 0.4865669 0.4944922
33 0.5418180 0.3030270 0.0109205 0.0136412
18 0.3992454 0.4013570 0.0266944 0.0170515
25 0.4671949 0.4013570 0.0266945 0.0170515
21 0.5351444 0.4013570 0.0266945 0.0170515
10 0.6030939 0.4013570 0.0266944 0.0170515
30 0.2633464 0.4627422 0.0266945 0.0170515
31 0.6710434 0.4627422 0.0266944 0.0170515
2 0.2633464 0.5241275 0.0266945 0.0170515
6 0.3312959 0.5241275 0.0266945 0.0170515
14 0.3992454 0.5241275 0.0266944 0.0170515
13 0.3312959 0.5855127 0.0266945 0.0170515
19 0.3992454 0.5855127 0.0266944 0.0170515
29 0.5351444 0.5855127 0.0266945 0.0170515
1 0.6030939 0.5855127 0.0266944 0.0170515
8 0.6710434 0.5855127 0.0266944 0.0170515
34 0.3312959 0.6474664 0.0630960 0.0613852
4 0.3312959 0.6468979 0.0266945 0.0170514
16 0.5351444 0.6468979 0.0266945 0.0170514
26 0.6030939 0.7082832 0.0266944 0.0170515
4 0.2633464 0.5855127 0.0266945 0.0170515
5 0.3992454 0.4627422 0.0266944 0.0170515
29 0.3312959 0.4627422 0.0266945 0.0170515
1 0.3312959 0.4013570 0.0266945 0.0170515
18 0.6710434 0.4013570 0.0266944 0.0170515
13 0.6710434 0.6468979 0.0266944 0.0170514
27 0.6030939 0.6468979 0.0266944 0.0170514
3 0.6710434 0.5241275 0.0266944 0.0170515
25 0.2633464 0.7082832 0.0266945 0.0170515
5 0.3992454 0.7082832 0.0266944 0.0170515
20 0.2633464 0.4013570 0.0266945 0.0170515
20 0.4671949 0.4627422 0.0266945 0.0170515
17 0.4671949 0.5855127 0.0266945 0.0170515
6 0.2633464 0.6468979 0.0266945 0.0170514
19 0.3992454 0.6468979 0.0266944 0.0170514
24 0.6030939 0.4627422 0.0266944 0.0170515
2 0.5351444 0.4627422 0.0266945 0.0170515
20 0.4671949 0.7082832 0.0266945 0.0170515
7 0.4671949 0.6468979 0.0266945 0.0170514
6 0.6030939 0.5241275 0.0266944 0.0170515
28 0.4671949 0.5241275 0.0266945 0.0170515
4 0.5351444 0.7082832 0.0266945 0.0170515
1 0.3312959 0.7082832 0.0266945 0.0170515
