28 0.1286879 0.3752043 0.0254506 0.0152860
26 0.2368531 0.4232459 0.0242938 0.0152860
32 0.2391668 0.4128733 0.4315037 0.4094458
33 0.4225269 0.2534624 0.0092548 0.0120104
25 0.0731593 0.3282545 0.0254506 0.0152860
16 0.1286879 0.3282545 0.0254506 0.0152860
3 0.1824813 0.3282545 0.0242938 0.0152860
5 0.0731593 0.3752043 0.0254506 0.0152860
9 0.3450182 0.3752043 0.0254506 0.0152860
11 0.2906464 0.4232459 0.0254506 0.0152860
17 0.4005468 0.4232459 0.0254506 0.0152860
1 0.1824813 0.4712876 0.0242938 0.0152860
20 0.4005468 0.4712876 0.0254506 0.0152860
6 0.0731593 0.5198751 0.0254506 0.0163778
29 0.1286879 0.5198751 0.0254506 0.0163778
35 0.1830597 0.5198751 0.0462739 0.0425824
3 0.1824813 0.5198751 0.0242938 0.0163778
27 0.2368531 0.5198751 0.0242938 0.0163778
13 0.4005468 0.5198751 0.0254506 0.0163778
14 0.0731593 0.5679168 0.0254506 0.0163778
24 0.2368531 0.5679168 0.0242938 0.0163778
15 0.2906464 0.5679168 0.0254506 0.0163778
26 0.3450182 0.4712876 0.0254506 0.0152860
28 0.1286879 0.4232459 0.0254506 0.0152860
2 0.0731593 0.4232459 0.0254506 0.0152860
9 0.4005468 0.3752043 0.0254506 0.0152860
6 0.4005468 0.5679168 0.0254506 0.0163778
1 0.2906464 0.3282545 0.0254506 0.0152860
31 0.1286879 0.4712876 0.0254506 0.0152860
8 0.1286879 0.5679168 0.0254506 0.0163778
20 0.2368531 0.3282545 0.0242938 0.0152860
13 0.1824813 0.3752043 0.0242938 0.0152860
22 0.2368531 0.4712876 0.0242938 0.0152860
16 0.2906464 0.3752043 0.0254506 0.0152860
6 0.2906464 0.4712876 0.0254506 0.0152860
2 0.2906464 0.5198751 0.0254506 0.0163778
17 0.1824813 0.5679168 0.0242938 0.0163778
25 0.3450182 0.5679168 0.0254506 0.0163778
4 0.1824813 0.4232459 0.0242938 0.0152860
1 0.3450182 0.4232459 0.0254506 0.0152860
7 0.2368531 0.3752043 0.0242938 0.0152860
1 0.4005468 0.3282545 0.0254506 0.0152860
14 0.3450182 0.5198751 0.0254506 0.0163778
20 0.3450182 0.3282545 0.0254506 0.0152860
9 0.0731593 0.4712876 0.0254506 0.0152860
