3 0.2984734 0.6683940 0.0276356 0.0168635
14 0.5798540 0.4255595 0.0276356 0.0168635
32 0.3681904 0.5604675 0.5037216 0.4890418
33 0.4460726 0.3283132 0.0113055 0.0134908
6 0.2281282 0.4255595 0.0276356 0.0168635
28 0.2984734 0.4255595 0.0276356 0.0168635
29 0.3688185 0.4255595 0.0276357 0.0168635
30 0.5798540 0.4862681 0.0276356 0.0168635
10 0.5095088 0.5469768 0.0276356 0.0168635
4 0.2281282 0.6076854 0.0276356 0.0168636
17 0.3688185 0.6076854 0.0276357 0.0168636
34 0.1577830 0.6689562 0.0653205 0.0607086
24 0.1577830 0.6683940 0.0276356 0.0168635
5 0.2281282 0.6683940 0.0276356 0.0168635
25 0.5798540 0.6683940 0.0276356 0.0168635
24 0.1577830 0.4862681 0.0276356 0.0168635
29 0.4391637 0.5469768 0.0276356 0.0168635
21 0.2984734 0.5469768 0.0276356 0.0168635
1 0.5095088 0.6683940 0.0276356 0.0168635
26 0.4391637 0.6076854 0.0276356 0.0168636
25 0.4391637 0.4862681 0.0276356 0.0168635
6 0.1577830 0.4255595 0.0276356 0.0168635
28 0.5798540 0.6076854 0.0276356 0.0168636
5 0.4391637 0.4255595 0.0276356 0.0168635
18 0.1577830 0.6076854 0.0276356 0.0168636
23 0.3688185 0.4862681 0.0276357 0.0168635
1 0.3688185 0.6683940 0.0276357 0.0168635
18 0.3688185 0.5469768 0.0276357 0.0168635
30 0.5095088 0.6076854 0.0276356 0.0168636
2 0.4391637 0.6683940 0.0276356 0.0168635
17 0.2984734 0.4862681 0.0276356 0.0168635
14 0.2984734 0.6076854 0.0276356 0.0168636
24 0.5798540 0.5469768 0.0276356 0.0168635
28 0.5095088 0.4862681 0.0276356 0.0168635
28 0.5095088 0.4255595 0.0276356 0.0168635
18 0.1577830 0.5469768 0.0276356 0.0168635
19 0.2281282 0.5469768 0.0276356 0.0168635
16 0.2281282 0.4862681 0.0276356 0.0168635
