23 0.6424678 0.4087955 0.0281850 0.0169867
31 0.5707241 0.4087955 0.0281850 0.0169867
32 0.5700835 0.5446890 0.5137364 0.4926139
33 0.6495142 0.3108390 0.0115302 0.0135893
23 0.4989804 0.4087955 0.0281850 0.0169867
22 0.4272366 0.4699476 0.0281850 0.0169867
1 0.6424678 0.4699476 0.0281850 0.0169867
29 0.7859554 0.4699476 0.0281851 0.0169867
34 0.4272366 0.5316659 0.0666192 0.0611520
31 0.4272366 0.5310997 0.0281850 0.0169866
5 0.5707241 0.5310997 0.0281850 0.0169866
4 0.6424678 0.5310997 0.0281850 0.0169866
27 0.7142116 0.5310997 0.0281850 0.0169866
31 0.4989804 0.5922517 0.0281850 0.0169866
7 0.5707241 0.5922517 0.0281850 0.0169866
8 0.6424678 0.5922517 0.0281850 0.0169866
14 0.6424678 0.6534038 0.0281850 0.0169866
24 0.7142116 0.6534038 0.0281850 0.0169866
3 0.4989804 0.7145559 0.0281850 0.0169866
28 0.5707241 0.7145559 0.0281850 0.0169866
21 0.7142116 0.7145559 0.0281850 0.0169866
10 0.7859554 0.7145559 0.0281851 0.0169866
24 0.7142116 0.4087955 0.0281850 0.0169867
26 0.3554929 0.7145559 0.0281850 0.0169866
14 0.7142116 0.4699476 0.0281850 0.0169867
13 0.7859554 0.6534038 0.0281851 0.0169866
5 0.7859554 0.5922517 0.0281851 0.0169866
21 0.3554929 0.4087955 0.0281850 0.0169867
14 0.3554929 0.5922517 0.0281850 0.0169866
30 0.4272366 0.7145559 0.0281850 0.0169866
29 0.3554929 0.5310997 0.0281850 0.0169866
2 0.4989804 0.4699476 0.0281850 0.0169867
6 0.7142116 0.5922517 0.0281850 0.0169866
14 0.4989804 0.6534038 0.0281850 0.0169866
27 0.7859554 0.5310997 0.0281851 0.0169866
6 0.5707241 0.6534038 0.0281850 0.0169866
19 0.3554929 0.4699476 0.0281850 0.0169867
2 0.3554929 0.6534038 0.0281850 0.0169866
7 0.5707241 0.4699476 0.0281850 0.0169867
26 0.4989804 0.5310997 0.0281850 0.0169866
26 0.7859554 0.4087955 0.0281851 0.0169867
3 0.4272366 0.6534038 0.0281850 0.0169866
27 0.4272366 0.4087955 0.0281850 0.0169867
17 0.6424678 0.7145559 0.0281850 0.0169866
14 0.4272366 0.5922517 0.0281850 0.0169866
