29 0.6453215 0.2965319 0.0284356 0.0169764
28 0.3557959 0.1743022 0.0284356 0.0169764
32 0.5722939 0.3101131 0.5183026 0.4923141
33 0.6524304 0.0764053 0.0116327 0.0135811
25 0.5005587 0.1743022 0.0284355 0.0169764
14 0.5729401 0.1743022 0.0284356 0.0169764
4 0.3557959 0.2354171 0.0284356 0.0169764
28 0.4281773 0.2354171 0.0284356 0.0169764
17 0.5005587 0.2354171 0.0284355 0.0169764
20 0.7177029 0.2354171 0.0284356 0.0169764
1 0.5729401 0.2965319 0.0284356 0.0169764
23 0.3557959 0.3576468 0.0284356 0.0169763
34 0.5005587 0.3582127 0.0672113 0.0611149
2 0.5005587 0.3576468 0.0284355 0.0169763
21 0.5729401 0.3576468 0.0284356 0.0169763
10 0.6453215 0.3576468 0.0284356 0.0169763
9 0.3557959 0.4187617 0.0284356 0.0169763
30 0.4281773 0.4187617 0.0284356 0.0169763
16 0.5729401 0.4187617 0.0284356 0.0169763
19 0.7900844 0.4187617 0.0284356 0.0169763
15 0.6453215 0.4798765 0.0284356 0.0169763
29 0.7177029 0.4798765 0.0284356 0.0169763
23 0.5729401 0.4798765 0.0284356 0.0169763
17 0.4281773 0.2965319 0.0284356 0.0169764
16 0.3557959 0.2965319 0.0284356 0.0169764
15 0.5005587 0.2965319 0.0284355 0.0169764
30 0.6453215 0.2354171 0.0284356 0.0169764
14 0.6453215 0.4187617 0.0284356 0.0169763
3 0.7177029 0.3576468 0.0284356 0.0169763
7 0.7900844 0.2965319 0.0284356 0.0169764
14 0.4281773 0.4798765 0.0284356 0.0169763
27 0.7900844 0.2354171 0.0284356 0.0169764
25 0.6453215 0.1743022 0.0284356 0.0169764
31 0.4281773 0.1743022 0.0284356 0.0169764
16 0.5729401 0.2354171 0.0284356 0.0169764
7 0.7177029 0.2965319 0.0284356 0.0169764
17 0.7177029 0.4187617 0.0284356 0.0169763
14 0.7900844 0.1743022 0.0284356 0.0169764
4 0.3557959 0.4798765 0.0284356 0.0169763
17 0.7177029 0.1743022 0.0284356 0.0169764
23 0.5005587 0.4798765 0.0284355 0.0169763
27 0.7900844 0.4798765 0.0284356 0.0169763
30 0.5005587 0.4187617 0.0284355 0.0169763
6 0.4281773 0.3576468 0.0284356 0.0169763
27 0.7900844 0.3576468 0.0284356 0.0169763
