13 0.5784516 0.2978605 0.0229484 0.0153638
23 0.6298123 0.2023858 0.0229484 0.0153638
32 0.6347298 0.2671330 0.4130712 0.3665351
33 0.8052037 0.1283106 0.0087423 0.0142663
2 0.5784516 0.2023858 0.0229484 0.0153638
29 0.5784516 0.2495745 0.0229484 0.0153638
22 0.6806266 0.2495745 0.0240411 0.0153638
30 0.7319873 0.2495745 0.0240411 0.0153638
18 0.5276373 0.2978605 0.0240412 0.0153638
11 0.6298123 0.2978605 0.0229484 0.0153638
35 0.4751838 0.3461466 0.0437112 0.0438964
28 0.4751838 0.3461466 0.0240412 0.0153638
1 0.5784516 0.3461466 0.0229484 0.0153638
17 0.7319873 0.3461466 0.0240411 0.0153638
21 0.6298123 0.3949814 0.0229484 0.0164611
30 0.4751838 0.2978605 0.0240412 0.0153638
20 0.7844408 0.2023858 0.0240412 0.0153638
17 0.7844408 0.3461466 0.0240412 0.0153638
15 0.7844408 0.3949814 0.0240412 0.0164611
20 0.6806266 0.3949814 0.0240411 0.0164611
6 0.5784516 0.3949814 0.0229484 0.0164611
8 0.4751838 0.2495745 0.0240412 0.0153638
27 0.6298123 0.3461466 0.0229484 0.0153638
23 0.7319873 0.2978605 0.0240411 0.0153638
14 0.5276373 0.3461466 0.0240412 0.0153638
1 0.6806266 0.2978605 0.0240411 0.0153638
16 0.4751838 0.3949814 0.0240412 0.0164611
8 0.7319873 0.2023858 0.0240411 0.0153638
17 0.7319873 0.3949814 0.0240411 0.0164611
10 0.6806266 0.3461466 0.0240411 0.0153638
22 0.4751838 0.2023858 0.0240412 0.0153638
30 0.7844408 0.2978605 0.0240412 0.0153638
15 0.5276373 0.2495745 0.0240412 0.0153638
3 0.7844408 0.2495745 0.0240412 0.0153638
28 0.5276373 0.3949814 0.0240412 0.0164611
10 0.6298123 0.2495745 0.0229484 0.0153638
12 0.5276373 0.2023858 0.0240412 0.0153638
3 0.6806266 0.2023858 0.0240411 0.0153638
