5 0.4871525 0.2076485 0.0275220 0.0174012
14 0.3470406 0.4582265 0.0275220 0.0174013
32 0.4871525 0.3625196 0.5054037 0.5150768
33 0.5640890 0.1171621 0.0112590 0.0150811
16 0.5572085 0.2076485 0.0275220 0.0174012
19 0.6272644 0.2702930 0.0275220 0.0174012
29 0.6973204 0.2702930 0.0275220 0.0174012
22 0.2769846 0.3329375 0.0275220 0.0174013
9 0.3470406 0.3329375 0.0275220 0.0174013
12 0.4170966 0.3329375 0.0275220 0.0174013
4 0.6973204 0.3329375 0.0275220 0.0174013
14 0.6973204 0.3955819 0.0275220 0.0174013
2 0.4871525 0.4582265 0.0275220 0.0174013
34 0.6973204 0.4588065 0.0650520 0.0626444
19 0.6973204 0.4582265 0.0275220 0.0174013
22 0.2769846 0.2702930 0.0275220 0.0174012
4 0.2769846 0.3955819 0.0275220 0.0174013
6 0.6272644 0.4582265 0.0275220 0.0174013
11 0.5572085 0.4582265 0.0275220 0.0174013
8 0.6272644 0.2076485 0.0275220 0.0174012
17 0.6272644 0.3329375 0.0275220 0.0174013
14 0.6272644 0.3955819 0.0275220 0.0174013
29 0.4170966 0.3955819 0.0275220 0.0174013
1 0.5572085 0.3955819 0.0275220 0.0174013
12 0.4871525 0.3955819 0.0275220 0.0174013
2 0.4871525 0.3329375 0.0275220 0.0174013
7 0.5572085 0.2702930 0.0275220 0.0174012
10 0.3470406 0.2702930 0.0275220 0.0174012
29 0.3470406 0.2076485 0.0275220 0.0174012
11 0.4170966 0.4582265 0.0275220 0.0174013
3 0.5572085 0.3329375 0.0275220 0.0174013
10 0.2769846 0.2076485 0.0275220 0.0174012
22 0.4170966 0.2076485 0.0275220 0.0174012
14 0.4871525 0.2702930 0.0275220 0.0174012
7 0.2769846 0.4582265 0.0275220 0.0174013
29 0.4170966 0.2702930 0.0275220 0.0174012
26 0.3470406 0.3955819 0.0275220 0.0174013
25 0.6973204 0.2076485 0.0275220 0.0174012
