22 0.5144449 0.4368279 0.0277292 0.0160700
16 0.6556116 0.4368279 0.0277291 0.0160700
32 0.5138147 0.5278914 0.5054270 0.4746020
33 0.5913303 0.3039821 0.0126042 0.0139274
5 0.3732782 0.4368279 0.0277291 0.0160700
12 0.4438615 0.4368279 0.0277292 0.0160700
17 0.7261948 0.4368279 0.0277292 0.0160700
25 0.3026949 0.4946800 0.0277292 0.0160700
29 0.4438615 0.4946800 0.0277292 0.0160700
22 0.7261948 0.4946800 0.0277292 0.0160700
7 0.3026949 0.5525322 0.0277292 0.0160700
16 0.5850282 0.5525322 0.0277291 0.0160700
13 0.6556116 0.5525322 0.0277291 0.0160700
2 0.7261948 0.5525322 0.0277292 0.0160700
11 0.3026949 0.6103844 0.0277292 0.0160701
34 0.4438615 0.6687722 0.0655417 0.0578521
9 0.4438615 0.6682366 0.0277292 0.0160700
15 0.7261948 0.6682366 0.0277292 0.0160700
19 0.4438615 0.7260887 0.0277292 0.0160701
1 0.5144449 0.7260887 0.0277292 0.0160701
30 0.5850282 0.7260887 0.0277291 0.0160701
6 0.7261948 0.7260887 0.0277292 0.0160701
9 0.3732782 0.7260887 0.0277291 0.0160701
10 0.5144449 0.4946800 0.0277292 0.0160700
29 0.4438615 0.6103844 0.0277292 0.0160701
20 0.7261948 0.6103844 0.0277292 0.0160701
21 0.5850282 0.6682366 0.0277291 0.0160700
8 0.5144449 0.6103844 0.0277292 0.0160701
30 0.6556116 0.7260887 0.0277291 0.0160701
8 0.4438615 0.5525322 0.0277292 0.0160700
17 0.3732782 0.5525322 0.0277291 0.0160700
18 0.6556116 0.6103844 0.0277291 0.0160701
23 0.5144449 0.5525322 0.0277292 0.0160700
30 0.5850282 0.4946800 0.0277291 0.0160700
14 0.3732782 0.4946800 0.0277291 0.0160700
11 0.3732782 0.6103844 0.0277291 0.0160701
23 0.5850282 0.6103844 0.0277291 0.0160701
24 0.3026949 0.6682366 0.0277292 0.0160700
21 0.6556116 0.6682366 0.0277291 0.0160700
3 0.6556116 0.4946800 0.0277291 0.0160700
10 0.5144449 0.6682366 0.0277292 0.0160700
29 0.3026949 0.7260887 0.0277292 0.0160701
12 0.5850282 0.4368279 0.0277291 0.0160700
16 0.3732782 0.6682366 0.0277291 0.0160700
10 0.3026949 0.4368279 0.0277292 0.0160700
