22 0.1591955 0.5536344 0.0284688 0.0169387
26 0.4490593 0.4926549 0.0284688 0.0169387
32 0.3765933 0.3994916 0.5227901 0.5013874
33 0.4561765 0.1606551 0.0116463 0.0146803
7 0.2316614 0.2487367 0.0284688 0.0169387
9 0.3765933 0.2487367 0.0284688 0.0169387
34 0.4490593 0.2493013 0.0672898 0.0609796
30 0.4490593 0.2487367 0.0284688 0.0169387
6 0.5939912 0.2487367 0.0284687 0.0169387
21 0.3041274 0.3097162 0.0284688 0.0169387
15 0.3765933 0.3097162 0.0284688 0.0169387
13 0.5215252 0.3097162 0.0284688 0.0169387
18 0.4490593 0.3706958 0.0284688 0.0169388
23 0.5215252 0.3706958 0.0284688 0.0169388
31 0.5939912 0.3706958 0.0284687 0.0169388
22 0.1591955 0.4316753 0.0284688 0.0169387
28 0.5215252 0.4926549 0.0284688 0.0169387
1 0.2316614 0.5536344 0.0284688 0.0169387
10 0.3041274 0.5536344 0.0284688 0.0169387
19 0.3765933 0.5536344 0.0284688 0.0169387
12 0.5215252 0.5536344 0.0284688 0.0169387
25 0.5939912 0.5536344 0.0284687 0.0169387
18 0.5939912 0.4926549 0.0284687 0.0169387
22 0.4490593 0.3097162 0.0284688 0.0169387
2 0.4490593 0.4316753 0.0284688 0.0169387
20 0.2316614 0.4926549 0.0284688 0.0169387
23 0.2316614 0.4316753 0.0284688 0.0169387
6 0.3765933 0.4316753 0.0284688 0.0169387
11 0.3041274 0.4316753 0.0284688 0.0169387
20 0.5215252 0.2487367 0.0284688 0.0169387
28 0.1591955 0.3706958 0.0284688 0.0169388
9 0.3765933 0.4926549 0.0284688 0.0169387
21 0.1591955 0.3097162 0.0284688 0.0169387
1 0.2316614 0.3706958 0.0284688 0.0169388
12 0.3041274 0.4926549 0.0284688 0.0169387
3 0.3765933 0.3706958 0.0284688 0.0169388
27 0.2316614 0.3097162 0.0284688 0.0169387
5 0.5215252 0.4316753 0.0284688 0.0169387
17 0.1591955 0.4926549 0.0284688 0.0169387
17 0.5939912 0.4316753 0.0284687 0.0169387
28 0.1591955 0.2487367 0.0284688 0.0169387
5 0.3041274 0.2487367 0.0284688 0.0169387
10 0.3041274 0.3706958 0.0284688 0.0169388
26 0.4490593 0.5536344 0.0284688 0.0169387
22 0.5939912 0.3097162 0.0284687 0.0169387
