3 0.3378096 0.3082653 0.0287776 0.0164935
26 0.1913052 0.3676419 0.0287776 0.0164935
32 0.2650192 0.4550574 0.5275385 0.4882076
33 0.3450040 0.2224991 0.0117727 0.0142943
13 0.1180531 0.3676419 0.0287776 0.0164935
26 0.3378096 0.3676419 0.0287776 0.0164935
23 0.0448009 0.4270185 0.0287776 0.0164935
6 0.2645574 0.4270185 0.0287776 0.0164935
20 0.3378096 0.4270185 0.0287776 0.0164935
25 0.4110618 0.4270185 0.0287777 0.0164935
16 0.4843139 0.4270185 0.0287776 0.0164935
21 0.0448009 0.4863951 0.0287776 0.0164935
34 0.1180531 0.4869449 0.0680199 0.0593766
11 0.1180531 0.4863951 0.0287776 0.0164935
9 0.2645574 0.5457717 0.0287776 0.0164935
29 0.4843139 0.3082653 0.0287776 0.0164935
14 0.4843139 0.5457717 0.0287776 0.0164935
24 0.1913052 0.3082653 0.0287776 0.0164935
10 0.1180531 0.5457717 0.0287776 0.0164935
2 0.3378096 0.4863951 0.0287776 0.0164935
29 0.1913052 0.5457717 0.0287776 0.0164935
27 0.4110618 0.5457717 0.0287777 0.0164935
30 0.4843139 0.3676419 0.0287776 0.0164935
11 0.1180531 0.4270185 0.0287776 0.0164935
4 0.4110618 0.4863951 0.0287777 0.0164935
25 0.2645574 0.3676419 0.0287776 0.0164935
11 0.2645574 0.4863951 0.0287776 0.0164935
17 0.0448009 0.5457717 0.0287776 0.0164935
4 0.4110618 0.3676419 0.0287777 0.0164935
1 0.1913052 0.4270185 0.0287776 0.0164935
16 0.0448009 0.3676419 0.0287776 0.0164935
6 0.3378096 0.5457717 0.0287776 0.0164935
26 0.4110618 0.3082653 0.0287777 0.0164935
5 0.0448009 0.3082653 0.0287776 0.0164935
16 0.2645574 0.3082653 0.0287776 0.0164935
7 0.4843139 0.4863951 0.0287776 0.0164935
1 0.1913052 0.4863951 0.0287776 0.0164935
10 0.1180531 0.3082653 0.0287776 0.0164935
