24 0.2980060 0.3626412 0.0277633 0.0172409
19 0.6513567 0.5488430 0.0277633 0.0172409
32 0.4387153 0.3982724 0.5060487 0.5091815
33 0.5163262 0.1580491 0.0126197 0.0149421
34 0.2980060 0.3011486 0.0656223 0.0620673
3 0.2980060 0.3005739 0.0277633 0.0172409
28 0.3686761 0.3005739 0.0277633 0.0172409
15 0.4393463 0.3005739 0.0277633 0.0172409
18 0.5100164 0.3005739 0.0277633 0.0172409
6 0.6513567 0.3005739 0.0277633 0.0172409
24 0.3686761 0.3626412 0.0277633 0.0172409
25 0.5100164 0.3626412 0.0277633 0.0172409
5 0.5806866 0.3626412 0.0277633 0.0172409
1 0.3686761 0.4247085 0.0277633 0.0172409
8 0.2980060 0.4867758 0.0277633 0.0172409
12 0.6513567 0.4867758 0.0277633 0.0172409
17 0.2273359 0.5488430 0.0277633 0.0172409
2 0.2980060 0.5488430 0.0277633 0.0172409
16 0.3686761 0.5488430 0.0277633 0.0172409
31 0.4393463 0.5488430 0.0277633 0.0172409
4 0.2273359 0.6109102 0.0277633 0.0172409
9 0.6513567 0.6109102 0.0277633 0.0172409
28 0.3686761 0.6109102 0.0277633 0.0172409
31 0.4393463 0.4247085 0.0277633 0.0172409
8 0.5806866 0.4247085 0.0277633 0.0172409
21 0.2273359 0.4867758 0.0277633 0.0172409
30 0.2273359 0.3005739 0.0277633 0.0172409
20 0.4393463 0.3626412 0.0277633 0.0172409
12 0.5100164 0.4247085 0.0277633 0.0172409
5 0.3686761 0.4867758 0.0277633 0.0172409
6 0.2980060 0.6109102 0.0277633 0.0172409
22 0.5100164 0.6109102 0.0277633 0.0172409
8 0.5100164 0.4867758 0.0277633 0.0172409
27 0.6513567 0.4247085 0.0277633 0.0172409
29 0.5100164 0.5488430 0.0277633 0.0172409
6 0.6513567 0.3626412 0.0277633 0.0172409
29 0.5806866 0.4867758 0.0277633 0.0172409
10 0.5806866 0.6109102 0.0277633 0.0172409
6 0.5806866 0.5488430 0.0277633 0.0172409
4 0.4393463 0.4867758 0.0277633 0.0172409
3 0.2273359 0.3626412 0.0277633 0.0172409
16 0.2273359 0.4247085 0.0277633 0.0172409
21 0.4393463 0.6109102 0.0277633 0.0172409
24 0.2980060 0.4247085 0.0277633 0.0172409
13 0.5806866 0.3005739 0.0277633 0.0172409
