26 0.1222146 0.2598226 0.0253404 0.0160384
28 0.3928967 0.4098966 0.0253404 0.0160384
32 0.2903830 0.3274132 0.4353951 0.3826315
33 0.4700699 0.1824944 0.0092147 0.0148928
26 0.1222146 0.3090836 0.0253404 0.0160384
19 0.2851998 0.3090836 0.0241886 0.0160384
22 0.3387602 0.3090836 0.0253405 0.0160384
1 0.2851998 0.3594901 0.0241886 0.0160384
14 0.3387602 0.3594901 0.0253405 0.0160384
12 0.1222146 0.4098966 0.0253404 0.0160384
35 0.1775028 0.4098966 0.0460736 0.0458241
11 0.1775028 0.4098966 0.0253405 0.0160384
4 0.2310633 0.4098966 0.0241886 0.0160384
11 0.3387602 0.4608760 0.0253405 0.0171841
30 0.3928967 0.4608760 0.0253404 0.0171841
24 0.2851998 0.2598226 0.0241886 0.0160384
3 0.2310633 0.2598226 0.0241886 0.0160384
1 0.3928967 0.3090836 0.0253404 0.0160384
16 0.2310633 0.4608760 0.0241886 0.0171841
9 0.3387602 0.4098966 0.0253405 0.0160384
12 0.2851998 0.4608760 0.0241886 0.0171841
4 0.4481850 0.2598226 0.0253404 0.0160384
2 0.1775028 0.3594901 0.0253405 0.0160384
8 0.4481850 0.3090836 0.0253404 0.0160384
26 0.1775028 0.4608760 0.0253405 0.0171841
15 0.4481850 0.4608760 0.0253404 0.0171841
13 0.1222146 0.4608760 0.0253404 0.0171841
11 0.3928967 0.3594901 0.0253404 0.0160384
10 0.3928967 0.2598226 0.0253404 0.0160384
10 0.2310633 0.3594901 0.0241886 0.0160384
17 0.4481850 0.4098966 0.0253404 0.0160384
27 0.1775028 0.2598226 0.0253405 0.0160384
27 0.2851998 0.4098966 0.0241886 0.0160384
18 0.1222146 0.3594901 0.0253404 0.0160384
14 0.4481850 0.3594901 0.0253404 0.0160384
26 0.2310633 0.3090836 0.0241886 0.0160384
16 0.3387602 0.2598226 0.0253405 0.0160384
16 0.1775028 0.3090836 0.0253405 0.0160384
