25 0.2636028 0.5005622 0.0268794 0.0164818
12 0.1951826 0.6192313 0.0268793 0.0164818
32 0.2629919 0.5346246 0.4899373 0.4867630
33 0.3381319 0.3049780 0.0122179 0.0142842
11 0.1951826 0.4412277 0.0268793 0.0164818
34 0.2636028 0.4417771 0.0635330 0.0593345
28 0.2636028 0.4412277 0.0268794 0.0164818
3 0.3320229 0.4412277 0.0268793 0.0164818
19 0.4688633 0.5005622 0.0268793 0.0164818
15 0.0583423 0.5598968 0.0268794 0.0164818
20 0.4004431 0.5598968 0.0268793 0.0164818
2 0.1267624 0.6192313 0.0268793 0.0164818
1 0.3320229 0.6192313 0.0268793 0.0164818
6 0.1951826 0.6785658 0.0268793 0.0164818
31 0.4688633 0.6785658 0.0268793 0.0164818
24 0.1267624 0.5598968 0.0268793 0.0164818
13 0.2636028 0.5598968 0.0268794 0.0164818
14 0.4688633 0.5598968 0.0268793 0.0164818
16 0.2636028 0.6192313 0.0268794 0.0164818
10 0.1267624 0.5005622 0.0268793 0.0164818
6 0.1267624 0.6785658 0.0268793 0.0164818
7 0.3320229 0.6785658 0.0268793 0.0164818
9 0.4688633 0.4412277 0.0268793 0.0164818
21 0.0583423 0.6785658 0.0268794 0.0164818
6 0.0583423 0.6192313 0.0268794 0.0164818
21 0.1267624 0.4412277 0.0268793 0.0164818
31 0.4004431 0.6192313 0.0268793 0.0164818
13 0.1951826 0.5598968 0.0268793 0.0164818
26 0.1951826 0.5005622 0.0268793 0.0164818
12 0.3320229 0.5005622 0.0268793 0.0164818
4 0.2636028 0.6785658 0.0268794 0.0164818
21 0.4004431 0.5005622 0.0268793 0.0164818
29 0.0583423 0.5005622 0.0268794 0.0164818
28 0.0583423 0.4412277 0.0268794 0.0164818
25 0.4688633 0.6192313 0.0268793 0.0164818
10 0.3320229 0.5598968 0.0268793 0.0164818
22 0.4004431 0.6785658 0.0268793 0.0164818
26 0.4004431 0.4412277 0.0268793 0.0164818
