27 0.3150297 0.4254299 0.0280225 0.0174187
26 0.3863597 0.4881371 0.0280225 0.0174187
32 0.5283829 0.3139503 0.5107740 0.5051416
33 0.6073555 0.0741532 0.0114637 0.0139349
28 0.3150297 0.1746009 0.0280225 0.0174187
11 0.3863597 0.1746009 0.0280225 0.0174187
10 0.6003498 0.1746009 0.0280225 0.0174187
12 0.6716798 0.1746009 0.0280225 0.0174187
34 0.7430099 0.1751815 0.0662350 0.0627072
27 0.7430099 0.1746009 0.0280225 0.0174187
9 0.5290198 0.2373081 0.0280225 0.0174187
14 0.6003498 0.2373081 0.0280225 0.0174187
22 0.6716798 0.2373081 0.0280225 0.0174187
20 0.7430099 0.2373081 0.0280225 0.0174187
16 0.4576898 0.3000154 0.0280225 0.0174187
7 0.3150297 0.3627226 0.0280225 0.0174187
23 0.3863597 0.4254299 0.0280225 0.0174187
8 0.5290198 0.4254299 0.0280225 0.0174187
29 0.4576898 0.4881371 0.0280225 0.0174187
13 0.5290198 0.4881371 0.0280225 0.0174187
30 0.6003498 0.4881371 0.0280225 0.0174187
15 0.6716798 0.4881371 0.0280225 0.0174187
13 0.5290198 0.3627226 0.0280225 0.0174187
15 0.3150297 0.3000154 0.0280225 0.0174187
21 0.6003498 0.3627226 0.0280225 0.0174187
5 0.3150297 0.4881371 0.0280225 0.0174187
1 0.5290198 0.3000154 0.0280225 0.0174187
15 0.7430099 0.4881371 0.0280225 0.0174187
13 0.4576898 0.2373081 0.0280225 0.0174187
17 0.7430099 0.3000154 0.0280225 0.0174187
24 0.5290198 0.1746009 0.0280225 0.0174187
27 0.3863597 0.3000154 0.0280225 0.0174187
31 0.6716798 0.3000154 0.0280225 0.0174187
24 0.6716798 0.3627226 0.0280225 0.0174187
3 0.7430099 0.3627226 0.0280225 0.0174187
6 0.6003498 0.3000154 0.0280225 0.0174187
3 0.7430099 0.4254299 0.0280225 0.0174187
7 0.3863597 0.2373081 0.0280225 0.0174187
15 0.4576898 0.3627226 0.0280225 0.0174187
2 0.4576898 0.4254299 0.0280225 0.0174187
3 0.6003498 0.4254299 0.0280225 0.0174187
31 0.4576898 0.1746009 0.0280225 0.0174187
28 0.3863597 0.3627226 0.0280225 0.0174187
7 0.6716798 0.4254299 0.0280225 0.0174187
3 0.3150297 0.2373081 0.0280225 0.0174187
