26 0.1297603 0.7189625 0.0263105 0.0168427
3 0.3306771 0.5370614 0.0263105 0.0168427
32 0.2631069 0.5505355 0.4795691 0.4884382
33 0.3372547 0.3186678 0.0107634 0.0134742
21 0.0627881 0.4157940 0.0263105 0.0168427
34 0.1967326 0.4163554 0.0621885 0.0606337
6 0.1967326 0.4157940 0.0263105 0.0168427
23 0.3306771 0.4157940 0.0263105 0.0168427
4 0.1297603 0.4764277 0.0263105 0.0168427
29 0.2637048 0.4764277 0.0263105 0.0168427
6 0.3976493 0.4764277 0.0263105 0.0168427
27 0.1297603 0.5370614 0.0263105 0.0168427
7 0.1967326 0.5370614 0.0263105 0.0168427
20 0.3976493 0.5370614 0.0263105 0.0168427
19 0.4646215 0.5370614 0.0263105 0.0168427
17 0.0627881 0.5976950 0.0263105 0.0168427
18 0.2637048 0.5976950 0.0263105 0.0168427
22 0.4646215 0.5976950 0.0263105 0.0168427
14 0.0627881 0.6583288 0.0263105 0.0168426
11 0.4646215 0.6583288 0.0263105 0.0168426
15 0.0627881 0.7189625 0.0263105 0.0168427
25 0.4646215 0.7189625 0.0263105 0.0168427
28 0.3306771 0.7189625 0.0263105 0.0168427
6 0.3306771 0.6583288 0.0263105 0.0168426
30 0.0627881 0.4764277 0.0263105 0.0168427
2 0.3976493 0.6583288 0.0263105 0.0168426
1 0.1967326 0.5976950 0.0263105 0.0168427
25 0.3306771 0.4764277 0.0263105 0.0168427
4 0.1967326 0.4764277 0.0263105 0.0168427
28 0.1297603 0.5976950 0.0263105 0.0168427
28 0.2637048 0.6583288 0.0263105 0.0168426
24 0.1967326 0.6583288 0.0263105 0.0168426
28 0.3306771 0.5976950 0.0263105 0.0168427
20 0.4646215 0.4157940 0.0263105 0.0168427
4 0.3976493 0.4157940 0.0263105 0.0168427
23 0.3976493 0.5976950 0.0263105 0.0168427
14 0.4646215 0.4764277 0.0263105 0.0168427
28 0.1297603 0.4157940 0.0263105 0.0168427
16 0.2637048 0.5370614 0.0263105 0.0168427
7 0.2637048 0.7189625 0.0263105 0.0168427
4 0.3976493 0.7189625 0.0263105 0.0168427
21 0.0627881 0.5370614 0.0263105 0.0168427
5 0.1297603 0.6583288 0.0263105 0.0168426
4 0.1967326 0.7189625 0.0263105 0.0168427
29 0.2637048 0.4157940 0.0263105 0.0168427
