16 0.4840997 0.3070796 0.0281308 0.0169898
3 0.1976772 0.4294060 0.0281308 0.0169898
32 0.4124940 0.3971254 0.5165834 0.5028971
33 0.4911324 0.1575696 0.0115080 0.0147245
5 0.4124940 0.2459164 0.0281308 0.0169897
22 0.4840997 0.2459164 0.0281308 0.0169897
1 0.5557053 0.2459164 0.0281308 0.0169897
29 0.1976772 0.3070796 0.0281308 0.0169898
16 0.3408884 0.3070796 0.0281308 0.0169898
13 0.4124940 0.3070796 0.0281308 0.0169898
23 0.5557053 0.3070796 0.0281308 0.0169898
14 0.2692828 0.3682428 0.0281308 0.0169897
12 0.4840997 0.3682428 0.0281308 0.0169897
27 0.5557053 0.3682428 0.0281308 0.0169897
26 0.2692828 0.4294060 0.0281308 0.0169898
19 0.5557053 0.4294060 0.0281308 0.0169898
11 0.6273109 0.4294060 0.0281308 0.0169898
17 0.3408884 0.4905691 0.0281308 0.0169897
3 0.5557053 0.4905691 0.0281308 0.0169897
34 0.3408884 0.5522986 0.0664909 0.0611631
14 0.3408884 0.5517323 0.0281308 0.0169897
28 0.5557053 0.5517323 0.0281308 0.0169897
1 0.1976772 0.5517323 0.0281308 0.0169897
22 0.1976772 0.2459164 0.0281308 0.0169897
30 0.4840997 0.5517323 0.0281308 0.0169897
15 0.4124940 0.5517323 0.0281308 0.0169897
3 0.3408884 0.3682428 0.0281308 0.0169897
23 0.1976772 0.4905691 0.0281308 0.0169897
12 0.6273109 0.5517323 0.0281308 0.0169897
6 0.4840997 0.4905691 0.0281308 0.0169897
9 0.4124940 0.4294060 0.0281308 0.0169898
26 0.3408884 0.4294060 0.0281308 0.0169898
16 0.1976772 0.3682428 0.0281308 0.0169897
14 0.6273109 0.2459164 0.0281308 0.0169897
20 0.3408884 0.2459164 0.0281308 0.0169897
19 0.2692828 0.4905691 0.0281308 0.0169897
27 0.6273109 0.3070796 0.0281308 0.0169898
7 0.2692828 0.3070796 0.0281308 0.0169898
24 0.6273109 0.3682428 0.0281308 0.0169897
20 0.2692828 0.2459164 0.0281308 0.0169897
4 0.4124940 0.4905691 0.0281308 0.0169897
17 0.4124940 0.3682428 0.0281308 0.0169897
11 0.2692828 0.5517323 0.0281308 0.0169897
24 0.4840997 0.4294060 0.0281308 0.0169898
31 0.6273109 0.4905691 0.0281308 0.0169897
