24 0.1524520 0.1961541 0.0283727 0.0168093
15 0.5857807 0.2566676 0.0283727 0.0168093
32 0.3684715 0.2914069 0.5171571 0.4964352
33 0.4477862 0.0571970 0.0128967 0.0145681
23 0.4413378 0.1961541 0.0283727 0.0168093
18 0.5135593 0.1961541 0.0283727 0.0168093
27 0.1524520 0.2566676 0.0283727 0.0168093
9 0.2968949 0.2566676 0.0283727 0.0168093
4 0.5135593 0.2566676 0.0283727 0.0168093
31 0.1524520 0.3171811 0.0283727 0.0168094
22 0.2246735 0.3171811 0.0283727 0.0168094
26 0.3691164 0.3171811 0.0283727 0.0168094
30 0.5857807 0.3171811 0.0283727 0.0168094
34 0.2246735 0.3782550 0.0670628 0.0605136
24 0.2246735 0.3776947 0.0283727 0.0168093
19 0.4413378 0.3776947 0.0283727 0.0168093
12 0.5135593 0.3776947 0.0283727 0.0168093
16 0.2968949 0.4382082 0.0283727 0.0168094
15 0.5135593 0.4382082 0.0283727 0.0168094
21 0.2246735 0.4987218 0.0283727 0.0168093
5 0.3691164 0.4987218 0.0283727 0.0168093
13 0.5135593 0.4987218 0.0283727 0.0168093
20 0.2246735 0.1961541 0.0283727 0.0168093
23 0.4413378 0.4382082 0.0283727 0.0168094
25 0.2968949 0.1961541 0.0283727 0.0168093
19 0.2246735 0.2566676 0.0283727 0.0168093
31 0.4413378 0.2566676 0.0283727 0.0168093
18 0.1524520 0.4382082 0.0283727 0.0168094
26 0.5857807 0.1961541 0.0283727 0.0168093
16 0.2246735 0.4382082 0.0283727 0.0168094
2 0.5857807 0.3776947 0.0283727 0.0168093
22 0.1524520 0.4987218 0.0283727 0.0168093
5 0.4413378 0.3171811 0.0283727 0.0168094
28 0.5135593 0.3171811 0.0283727 0.0168094
18 0.4413378 0.4987218 0.0283727 0.0168093
31 0.3691164 0.3776947 0.0283727 0.0168093
18 0.2968949 0.3776947 0.0283727 0.0168093
26 0.2968949 0.3171811 0.0283727 0.0168094
18 0.5857807 0.4987218 0.0283727 0.0168093
19 0.3691164 0.4382082 0.0283727 0.0168094
21 0.2968949 0.4987218 0.0283727 0.0168093
24 0.1524520 0.3776947 0.0283727 0.0168093
20 0.3691164 0.2566676 0.0283727 0.0168093
23 0.3691164 0.1961541 0.0283727 0.0168093
27 0.5857807 0.4382082 0.0283727 0.0168094
