29 0.4276608 0.4743460 0.0222066 0.0159082
27 0.6180029 0.3294672 0.0222066 0.0170445
32 0.5138435 0.3459437 0.3616500 0.4977010
33 0.6386233 0.1522039 0.0126895 0.0193172
9 0.6655884 0.2567438 0.0222066 0.0170445
11 0.4276608 0.3294672 0.0222066 0.0170445
31 0.4752463 0.3294672 0.0222066 0.0170445
5 0.5228318 0.3294672 0.0222066 0.0170445
34 0.3800752 0.4021907 0.0412408 0.0443159
22 0.3800752 0.4021907 0.0222066 0.0170445
16 0.4276608 0.4021907 0.0222066 0.0170445
24 0.4752463 0.4743460 0.0222066 0.0159082
27 0.5228318 0.4743460 0.0222066 0.0159082
8 0.6655884 0.4743460 0.0222066 0.0159082
13 0.5228318 0.5470694 0.0222066 0.0159083
30 0.3800752 0.4743460 0.0222066 0.0159082
8 0.6180029 0.5470694 0.0222066 0.0159083
22 0.5228318 0.4021907 0.0222066 0.0170445
12 0.6655884 0.4021907 0.0222066 0.0170445
24 0.4752463 0.4021907 0.0222066 0.0170445
20 0.5704173 0.4743460 0.0222066 0.0159082
3 0.5704173 0.3294672 0.0222066 0.0170445
27 0.6655884 0.5470694 0.0222066 0.0159083
8 0.5704173 0.5470694 0.0222066 0.0159083
11 0.4752463 0.5470694 0.0222066 0.0159083
13 0.4276608 0.2567438 0.0222066 0.0170445
29 0.4276608 0.5470694 0.0222066 0.0159083
31 0.6180029 0.4743460 0.0222066 0.0159082
22 0.5704173 0.4021907 0.0222066 0.0170445
5 0.4752463 0.2567438 0.0222066 0.0170445
13 0.5704173 0.2567438 0.0222066 0.0170445
3 0.6180029 0.4021907 0.0222066 0.0170445
14 0.3800752 0.2567438 0.0222066 0.0170445
17 0.3800752 0.3294672 0.0222066 0.0170445
6 0.3800752 0.5470694 0.0222066 0.0159083
14 0.5228318 0.2567438 0.0222066 0.0170445
25 0.6655884 0.3294672 0.0222066 0.0170445
18 0.6180029 0.2567438 0.0222066 0.0170445
