22 0.6477667 0.4365312 0.0274018 0.0174559
14 0.6477667 0.3108489 0.0274018 0.0174559
32 0.4391397 0.4307126 0.5044414 0.5132029
33 0.5132490 0.2026224 0.0099643 0.0128010
23 0.2990171 0.3108489 0.0274018 0.0174559
10 0.2990171 0.3731082 0.0274018 0.0162922
1 0.5082668 0.3731082 0.0274018 0.0162922
6 0.2990171 0.4365312 0.0274018 0.0174559
12 0.5082668 0.4365312 0.0274018 0.0174559
34 0.5780167 0.4359493 0.0647678 0.0628412
1 0.5780167 0.4365312 0.0274018 0.0174559
25 0.3687670 0.4993724 0.0274017 0.0174559
30 0.5082668 0.4993724 0.0274018 0.0174559
13 0.6477667 0.4993724 0.0274018 0.0174559
5 0.6477667 0.5622135 0.0274018 0.0174559
26 0.2990171 0.5622135 0.0274018 0.0174559
9 0.3687670 0.4365312 0.0274017 0.0174559
30 0.5780167 0.3108489 0.0274018 0.0174559
14 0.2292672 0.3731082 0.0274018 0.0162922
28 0.5780167 0.5622135 0.0274018 0.0174559
5 0.2990171 0.4993724 0.0274018 0.0174559
1 0.2292672 0.4993724 0.0274018 0.0174559
10 0.3687670 0.3731082 0.0274017 0.0162922
9 0.4385169 0.4365312 0.0274017 0.0174559
7 0.3687670 0.3108489 0.0274017 0.0174559
2 0.3687670 0.5622135 0.0274017 0.0174559
13 0.4385169 0.4993724 0.0274017 0.0174559
8 0.2292672 0.3108489 0.0274018 0.0174559
1 0.5082668 0.5622135 0.0274018 0.0174559
8 0.4385169 0.3108489 0.0274017 0.0174559
5 0.5082668 0.3108489 0.0274018 0.0174559
26 0.2292672 0.5622135 0.0274018 0.0174559
22 0.4385169 0.3731082 0.0274017 0.0162922
6 0.4385169 0.5622135 0.0274017 0.0174559
19 0.5780167 0.4993724 0.0274018 0.0174559
30 0.5780167 0.3731082 0.0274018 0.0162922
11 0.6477667 0.3731082 0.0274018 0.0162922
3 0.2292672 0.4365312 0.0274018 0.0174559
