10 0.3916508 0.4111315 0.0225696 0.0152686
29 0.3432875 0.2022787 0.0225696 0.0163593
32 0.3341522 0.2290242 0.3675614 0.4558262
33 0.4609716 0.0321428 0.0128969 0.0185404
26 0.1981975 0.1324794 0.0225696 0.0163592
28 0.4883775 0.1324794 0.0225695 0.0163592
24 0.1981975 0.2022787 0.0225696 0.0163593
34 0.3916508 0.2022787 0.0419149 0.0425340
4 0.3916508 0.2022787 0.0225696 0.0163593
12 0.3916508 0.2720781 0.0225696 0.0163592
22 0.2949241 0.3413321 0.0225695 0.0152686
10 0.4400142 0.3413321 0.0225696 0.0152686
4 0.4883775 0.3413321 0.0225695 0.0152686
18 0.1981975 0.4111315 0.0225696 0.0152686
30 0.2465608 0.4111315 0.0225696 0.0152686
26 0.2949241 0.2720781 0.0225695 0.0163592
4 0.4400142 0.4111315 0.0225696 0.0152686
9 0.4400142 0.2022787 0.0225696 0.0163593
8 0.1981975 0.3413321 0.0225696 0.0152686
13 0.3916508 0.3413321 0.0225696 0.0152686
7 0.3432875 0.1324794 0.0225696 0.0163592
15 0.4883775 0.2022787 0.0225695 0.0163593
16 0.2949241 0.2022787 0.0225695 0.0163593
14 0.2465608 0.2022787 0.0225696 0.0163593
29 0.3916508 0.1324794 0.0225696 0.0163592
11 0.2949241 0.1324794 0.0225695 0.0163592
13 0.4883775 0.2720781 0.0225695 0.0163592
31 0.4400142 0.2720781 0.0225696 0.0163592
28 0.3432875 0.2720781 0.0225696 0.0163592
24 0.3432875 0.3413321 0.0225696 0.0152686
6 0.2465608 0.1324794 0.0225696 0.0163592
12 0.4883775 0.4111315 0.0225695 0.0152686
5 0.3432875 0.4111315 0.0225696 0.0152686
16 0.2949241 0.4111315 0.0225695 0.0152686
22 0.4400142 0.1324794 0.0225696 0.0163592
6 0.2465608 0.2720781 0.0225696 0.0163592
10 0.1981975 0.2720781 0.0225696 0.0163592
25 0.2465608 0.3413321 0.0225696 0.0152686
