8 0.4214081 0.3363920 0.0271895 0.0165558
16 0.6290364 0.3363920 0.0271894 0.0165558
32 0.4220260 0.4500751 0.5005326 0.4867403
33 0.4955611 0.2337461 0.0098871 0.0121409
6 0.2137797 0.3954410 0.0271894 0.0154521
25 0.3521986 0.3954410 0.0271894 0.0154521
10 0.4214081 0.3954410 0.0271895 0.0154521
34 0.4906175 0.3954410 0.0642659 0.0596009
20 0.4906175 0.3954410 0.0271894 0.0154521
1 0.6290364 0.3954410 0.0271894 0.0154521
24 0.4214081 0.4555938 0.0271895 0.0165558
23 0.5598270 0.4555938 0.0271894 0.0165558
17 0.2137797 0.5151946 0.0271894 0.0165558
20 0.5598270 0.5151946 0.0271894 0.0165558
26 0.6290364 0.5151946 0.0271894 0.0165558
19 0.2829892 0.5747955 0.0271894 0.0165559
4 0.3521986 0.5747955 0.0271894 0.0165559
18 0.5598270 0.5747955 0.0271894 0.0165559
7 0.6290364 0.5747955 0.0271894 0.0165559
8 0.2829892 0.6338445 0.0271894 0.0154521
27 0.3521986 0.6338445 0.0271894 0.0154521
29 0.4214081 0.6338445 0.0271895 0.0154521
18 0.4906175 0.3363920 0.0271894 0.0165558
26 0.4906175 0.4555938 0.0271894 0.0165558
25 0.3521986 0.3363920 0.0271894 0.0165558
8 0.4906175 0.5151946 0.0271894 0.0165558
25 0.2137797 0.6338445 0.0271894 0.0154521
19 0.5598270 0.3954410 0.0271894 0.0154521
14 0.4906175 0.5747955 0.0271894 0.0165559
3 0.2829892 0.5151946 0.0271894 0.0165558
27 0.3521986 0.5151946 0.0271894 0.0165558
5 0.5598270 0.3363920 0.0271894 0.0165558
21 0.2137797 0.5747955 0.0271894 0.0165559
31 0.4214081 0.5151946 0.0271895 0.0165558
24 0.2829892 0.3363920 0.0271894 0.0165558
2 0.2829892 0.3954410 0.0271894 0.0154521
9 0.2137797 0.4555938 0.0271894 0.0165558
13 0.4214081 0.5747955 0.0271895 0.0165559
10 0.6290364 0.4555938 0.0271894 0.0165558
30 0.2829892 0.4555938 0.0271894 0.0165558
21 0.6290364 0.6338445 0.0271894 0.0154521
5 0.2137797 0.3363920 0.0271894 0.0165558
17 0.4906175 0.6338445 0.0271894 0.0154521
3 0.5598270 0.6338445 0.0271894 0.0154521
3 0.3521986 0.4555938 0.0271894 0.0165558
