2 0.7486813 0.6024972 0.0273421 0.0173537
9 0.6094848 0.5400237 0.0273422 0.0173538
32 0.6088634 0.5134147 0.4983734 0.5125136
33 0.6852972 0.2716193 0.0124283 0.0150399
6 0.4006899 0.4150768 0.0273422 0.0173537
31 0.5398865 0.4150768 0.0273421 0.0173537
23 0.6094848 0.4150768 0.0273422 0.0173537
30 0.4006899 0.4775503 0.0273422 0.0173537
34 0.7486813 0.4781288 0.0646270 0.0624735
10 0.7486813 0.4775503 0.0273421 0.0173537
25 0.4702882 0.6024972 0.0273422 0.0173537
24 0.6790831 0.6024972 0.0273422 0.0173537
28 0.5398865 0.6649706 0.0273421 0.0173538
19 0.6094848 0.6649706 0.0273422 0.0173538
29 0.8182797 0.6649706 0.0273421 0.0173538
23 0.4006899 0.6649706 0.0273422 0.0173538
20 0.7486813 0.5400237 0.0273421 0.0173538
26 0.5398865 0.5400237 0.0273421 0.0173538
10 0.6790831 0.6649706 0.0273422 0.0173538
11 0.6094848 0.4775503 0.0273422 0.0173537
21 0.4702882 0.6649706 0.0273422 0.0173538
6 0.7486813 0.6649706 0.0273421 0.0173538
12 0.5398865 0.6024972 0.0273421 0.0173537
12 0.4006899 0.5400237 0.0273422 0.0173538
29 0.4702882 0.5400237 0.0273422 0.0173538
2 0.4006899 0.6024972 0.0273422 0.0173537
20 0.4702882 0.4150768 0.0273422 0.0173537
31 0.7486813 0.4150768 0.0273421 0.0173537
13 0.6790831 0.5400237 0.0273422 0.0173538
1 0.6790831 0.4150768 0.0273422 0.0173537
23 0.8182797 0.4775503 0.0273421 0.0173537
16 0.6790831 0.4775503 0.0273422 0.0173537
22 0.8182797 0.4150768 0.0273421 0.0173537
8 0.5398865 0.4775503 0.0273421 0.0173537
15 0.6094848 0.6024972 0.0273422 0.0173537
12 0.8182797 0.5400237 0.0273421 0.0173538
13 0.4702882 0.4775503 0.0273422 0.0173537
15 0.8182797 0.6024972 0.0273421 0.0173537
