2 0.3088547 0.2251519 0.0255427 0.0158004
19 0.2002981 0.3250332 0.0243817 0.0169290
32 0.2600913 0.1935510 0.4388708 0.3769532
33 0.4412126 0.0507828 0.0092883 0.0146719
24 0.1463100 0.1269635 0.0255427 0.0158004
30 0.2548667 0.1269635 0.0243817 0.0158004
13 0.3088547 0.1269635 0.0255427 0.0158004
35 0.0905804 0.1754934 0.0464414 0.0451441
29 0.0905804 0.1754934 0.0255427 0.0158004
26 0.1463100 0.1754934 0.0255427 0.0158004
23 0.2002981 0.1754934 0.0243817 0.0158004
12 0.4191530 0.1754934 0.0255428 0.0158004
28 0.1463100 0.2251519 0.0255427 0.0158004
17 0.0905804 0.2748104 0.0255427 0.0158004
10 0.2548667 0.2748104 0.0243817 0.0158004
31 0.3634233 0.2251519 0.0255427 0.0158004
1 0.2548667 0.3250332 0.0243817 0.0169290
8 0.1463100 0.3250332 0.0255427 0.0169290
10 0.2002981 0.1269635 0.0243817 0.0158004
15 0.2548667 0.1754934 0.0243817 0.0158004
16 0.4191530 0.1269635 0.0255428 0.0158004
4 0.3088547 0.1754934 0.0255427 0.0158004
13 0.3634233 0.1754934 0.0255427 0.0158004
23 0.0905804 0.2251519 0.0255427 0.0158004
25 0.2548667 0.2251519 0.0243817 0.0158004
8 0.3634233 0.3250332 0.0255427 0.0169290
5 0.3634233 0.2748104 0.0255427 0.0158004
20 0.2002981 0.2748104 0.0243817 0.0158004
3 0.3088547 0.3250332 0.0255427 0.0169290
15 0.3088547 0.2748104 0.0255427 0.0158004
7 0.4191530 0.2251519 0.0255428 0.0158004
8 0.0905804 0.1269635 0.0255427 0.0158004
25 0.0905804 0.3250332 0.0255427 0.0169290
19 0.1463100 0.2748104 0.0255427 0.0158004
27 0.4191530 0.2748104 0.0255428 0.0158004
28 0.3634233 0.1269635 0.0255427 0.0158004
17 0.4191530 0.3250332 0.0255428 0.0169290
11 0.2002981 0.2251519 0.0243817 0.0158004
