8 0.6953640 0.2677646 0.0238211 0.0170904
26 0.6953640 0.3406837 0.0238211 0.0170904
32 0.6346771 0.2842853 0.3879432 0.4990403
33 0.7685288 0.0900242 0.0136120 0.0193691
34 0.5422286 0.1948454 0.0442391 0.0444351
17 0.5422286 0.1948454 0.0238211 0.0170904
9 0.5932738 0.1948454 0.0238211 0.0170904
7 0.6443189 0.2677646 0.0238211 0.0170904
23 0.5422286 0.3406837 0.0238211 0.0170904
12 0.5932738 0.3406837 0.0238211 0.0170904
30 0.7464092 0.3406837 0.0238211 0.0170904
5 0.4911835 0.4130332 0.0238211 0.0159511
21 0.7974544 0.4130332 0.0238211 0.0159511
8 0.7464092 0.4859523 0.0238211 0.0159511
1 0.7974544 0.4859523 0.0238211 0.0159511
21 0.5422286 0.4859523 0.0238211 0.0159511
17 0.6953640 0.4130332 0.0238211 0.0159511
14 0.4911835 0.1948454 0.0238211 0.0170904
29 0.4911835 0.4859523 0.0238211 0.0159511
19 0.7464092 0.4130332 0.0238211 0.0159511
9 0.4911835 0.2677646 0.0238211 0.0170904
17 0.6443189 0.4130332 0.0238211 0.0159511
22 0.6443189 0.4859523 0.0238211 0.0159511
26 0.6953640 0.1948454 0.0238211 0.0170904
7 0.5932738 0.4130332 0.0238211 0.0159511
15 0.6443189 0.3406837 0.0238211 0.0170904
7 0.4911835 0.3406837 0.0238211 0.0170904
7 0.6443189 0.1948454 0.0238211 0.0170904
3 0.7464092 0.2677646 0.0238211 0.0170904
9 0.5932738 0.4859523 0.0238211 0.0159511
19 0.7974544 0.1948454 0.0238211 0.0170904
26 0.7974544 0.2677646 0.0238211 0.0170904
11 0.5422286 0.2677646 0.0238211 0.0170904
19 0.7464092 0.1948454 0.0238211 0.0170904
10 0.7974544 0.3406837 0.0238211 0.0170904
29 0.5932738 0.2677646 0.0238211 0.0170904
15 0.6953640 0.4859523 0.0238211 0.0159511
5 0.5422286 0.4130332 0.0238211 0.0159511
