8 0.5802143 0.2464511 0.0241789 0.0174522
4 0.6838382 0.3209139 0.0241789 0.0174523
32 0.6740514 0.2633215 0.3937706 0.5096052
33 0.8099138 0.0649478 0.0138166 0.0197792
34 0.5802142 0.1719882 0.0449037 0.0453758
19 0.5802143 0.1719882 0.0241789 0.0174522
5 0.6320262 0.1719882 0.0241789 0.0174522
3 0.7874620 0.1719882 0.0241789 0.0174522
16 0.7356501 0.2464511 0.0241789 0.0174522
8 0.7874620 0.2464511 0.0241789 0.0174522
12 0.8392740 0.3209139 0.0241789 0.0174523
24 0.5802143 0.3947950 0.0241789 0.0162887
23 0.8392740 0.3947950 0.0241789 0.0162887
14 0.5284023 0.4692579 0.0241789 0.0162888
29 0.6320262 0.4692579 0.0241789 0.0162888
29 0.8392740 0.1719882 0.0241789 0.0174522
20 0.7356501 0.4692579 0.0241789 0.0162888
28 0.7874620 0.4692579 0.0241789 0.0162888
5 0.5802143 0.3209139 0.0241789 0.0174523
15 0.7874620 0.3209139 0.0241789 0.0174523
2 0.7356501 0.1719882 0.0241789 0.0174522
16 0.6838382 0.4692579 0.0241789 0.0162888
10 0.6320262 0.3209139 0.0241789 0.0174523
5 0.6320262 0.3947950 0.0241789 0.0162887
16 0.6838382 0.1719882 0.0241789 0.0174522
28 0.6838382 0.3947950 0.0241789 0.0162887
27 0.5802143 0.4692579 0.0241789 0.0162888
13 0.6320262 0.2464511 0.0241789 0.0174522
15 0.7356501 0.3209139 0.0241789 0.0174523
12 0.8392740 0.4692579 0.0241789 0.0162888
1 0.6838382 0.2464511 0.0241789 0.0174522
9 0.8392740 0.2464511 0.0241789 0.0174522
20 0.7874620 0.3947950 0.0241789 0.0162887
26 0.7356501 0.3947950 0.0241789 0.0162887
22 0.5284023 0.1719882 0.0241789 0.0174522
14 0.5284023 0.3209139 0.0241789 0.0174523
26 0.5284023 0.3947950 0.0241789 0.0162887
12 0.5284023 0.2464511 0.0241789 0.0174522
