6 0.5696535 0.3663369 0.0262453 0.0167979
27 0.7032661 0.4268093 0.0262453 0.0167979
32 0.5690570 0.3797752 0.4783808 0.4871386
33 0.6430211 0.1485244 0.0107367 0.0134383
30 0.3692346 0.2453922 0.0262453 0.0167979
25 0.5696535 0.2453922 0.0262453 0.0167979
15 0.6364598 0.2453922 0.0262453 0.0167979
5 0.7700723 0.2453922 0.0262453 0.0167979
6 0.5696535 0.3058645 0.0262453 0.0167979
14 0.6364598 0.3058645 0.0262453 0.0167979
23 0.7032661 0.3058645 0.0262453 0.0167979
2 0.7700723 0.3663369 0.0262453 0.0167979
31 0.3692346 0.4268093 0.0262453 0.0167979
22 0.4360409 0.4268093 0.0262453 0.0167979
17 0.5696535 0.4268093 0.0262453 0.0167979
8 0.6364598 0.4268093 0.0262453 0.0167979
19 0.7032661 0.4872817 0.0262453 0.0167979
20 0.7700723 0.4872817 0.0262453 0.0167979
34 0.4360409 0.5483140 0.0620344 0.0604723
8 0.4360409 0.5477540 0.0262453 0.0167979
18 0.5028472 0.5477540 0.0262453 0.0167979
21 0.7700723 0.5477540 0.0262453 0.0167979
24 0.7700723 0.4268093 0.0262453 0.0167979
13 0.4360409 0.3058645 0.0262453 0.0167979
29 0.4360409 0.2453922 0.0262453 0.0167979
18 0.7700723 0.3058645 0.0262453 0.0167979
3 0.7032661 0.5477540 0.0262453 0.0167979
28 0.3692346 0.3663369 0.0262453 0.0167979
24 0.5696535 0.4872817 0.0262453 0.0167979
31 0.5696535 0.5477540 0.0262453 0.0167979
5 0.3692346 0.3058645 0.0262453 0.0167979
30 0.5028472 0.2453922 0.0262453 0.0167979
26 0.4360409 0.3663369 0.0262453 0.0167979
1 0.7032661 0.3663369 0.0262453 0.0167979
6 0.4360409 0.4872817 0.0262453 0.0167979
1 0.7032661 0.2453922 0.0262453 0.0167979
16 0.3692346 0.4872817 0.0262453 0.0167979
6 0.6364598 0.3663369 0.0262453 0.0167979
2 0.6364598 0.5477540 0.0262453 0.0167979
4 0.5028472 0.4872817 0.0262453 0.0167979
3 0.6364598 0.4872817 0.0262453 0.0167979
26 0.5028472 0.4268093 0.0262453 0.0167979
6 0.5028472 0.3663369 0.0262453 0.0167979
7 0.3692346 0.5477540 0.0262453 0.0167979
3 0.5028472 0.3058645 0.0262453 0.0167979
