7 0.2824387 0.5585430 0.0231765 0.0166635
28 0.3817664 0.6290853 0.0231765 0.0155526
32 0.4220493 0.5035533 0.3774453 0.4865754
33 0.5522789 0.3141444 0.0132437 0.0188854
21 0.3321025 0.4163475 0.0231764 0.0166635
1 0.2824387 0.4874452 0.0231765 0.0166635
2 0.3321025 0.4874452 0.0231764 0.0166635
14 0.4810941 0.4874452 0.0231765 0.0166635
5 0.3817664 0.5585430 0.0231765 0.0166635
31 0.5804218 0.5585430 0.0231765 0.0166635
4 0.2824387 0.6290853 0.0231765 0.0155526
9 0.5307579 0.6290853 0.0231765 0.0155526
34 0.2824387 0.7001831 0.0430420 0.0444360
10 0.2824387 0.7001831 0.0231765 0.0155526
17 0.3321025 0.7001831 0.0231764 0.0155526
26 0.4314302 0.4163475 0.0231765 0.0166635
8 0.5804218 0.7001831 0.0231765 0.0155526
9 0.5804218 0.6290853 0.0231765 0.0155526
10 0.4810941 0.5585430 0.0231765 0.0166635
12 0.4314302 0.5585430 0.0231765 0.0166635
11 0.5307579 0.5585430 0.0231765 0.0166635
1 0.5307579 0.7001831 0.0231765 0.0155526
1 0.3321025 0.5585430 0.0231764 0.0166635
28 0.4314302 0.7001831 0.0231765 0.0155526
14 0.4314302 0.6290853 0.0231765 0.0155526
5 0.4810941 0.7001831 0.0231765 0.0155526
22 0.5307579 0.4874452 0.0231765 0.0166635
19 0.3817664 0.4874452 0.0231765 0.0166635
21 0.3321025 0.6290853 0.0231764 0.0155526
26 0.4810941 0.4163475 0.0231765 0.0166635
29 0.3817664 0.7001831 0.0231765 0.0155526
24 0.4314302 0.4874452 0.0231765 0.0166635
15 0.4810941 0.6290853 0.0231765 0.0155526
27 0.5804218 0.4874452 0.0231765 0.0166635
18 0.3817664 0.4163475 0.0231765 0.0166635
29 0.2824387 0.4163475 0.0231765 0.0166635
22 0.5804218 0.4163475 0.0231765 0.0166635
24 0.5307579 0.4163475 0.0231765 0.0166635
