11 0.2813449 0.1081316 0.0233973 0.0152916
20 0.3855186 0.1561909 0.0245114 0.0152916
32 0.3359386 0.1758618 0.4155803 0.3495013
14 0.2295367 0.0611646 0.0245114 0.0152916
35 0.2819020 0.0611646 0.0445663 0.0436903
12 0.2813449 0.0611646 0.0233973 0.0152916
9 0.3337103 0.0611646 0.0233973 0.0152916
30 0.3337103 0.1081316 0.0233973 0.0152916
10 0.1760572 0.1561909 0.0245114 0.0152916
12 0.2813449 0.1561909 0.0233973 0.0152916
29 0.3337103 0.1561909 0.0233973 0.0152916
20 0.4913634 0.1561909 0.0245114 0.0152916
8 0.1760572 0.2042502 0.0245114 0.0152916
2 0.2813449 0.2042502 0.0233973 0.0152916
22 0.3855186 0.2042502 0.0245114 0.0152916
24 0.4378839 0.2042502 0.0245114 0.0152916
16 0.2295367 0.2528556 0.0245114 0.0163839
17 0.3855186 0.2528556 0.0245114 0.0163839
15 0.2295367 0.3009148 0.0245114 0.0163839
31 0.2813449 0.3009148 0.0233973 0.0163839
23 0.3855186 0.3009148 0.0245114 0.0163839
6 0.4378839 0.1081316 0.0245114 0.0152916
25 0.4913634 0.1081316 0.0245114 0.0152916
19 0.3337103 0.3009148 0.0233973 0.0163839
19 0.3855186 0.0611646 0.0245114 0.0152916
6 0.3337103 0.2042502 0.0233973 0.0152916
24 0.4913634 0.2528556 0.0245114 0.0163839
11 0.4913634 0.2042502 0.0245114 0.0152916
9 0.4913634 0.3009148 0.0245114 0.0163839
30 0.4378839 0.2528556 0.0245114 0.0163839
9 0.2295367 0.2042502 0.0245114 0.0152916
31 0.1760572 0.0611646 0.0245114 0.0152916
19 0.4378839 0.3009148 0.0245114 0.0163839
25 0.1760572 0.3009148 0.0245114 0.0163839
3 0.3337103 0.2528556 0.0233973 0.0163839
19 0.2813449 0.2528556 0.0233973 0.0163839
25 0.1760572 0.2528556 0.0245114 0.0163839
29 0.4378839 0.0611646 0.0245114 0.0152916
29 0.2295367 0.1561909 0.0245114 0.0152916
19 0.1760572 0.1081316 0.0245114 0.0152916
2 0.2295367 0.1081316 0.0245114 0.0152916
13 0.3855186 0.1081316 0.0245114 0.0152916
27 0.4378839 0.1561909 0.0245114 0.0152916
28 0.4913634 0.0611646 0.0245114 0.0152916
