2 0.3102317 0.3377734 0.0266931 0.0171073
9 0.3781778 0.3377734 0.0266930 0.0171073
32 0.4461238 0.4900286 0.4901820 0.5063765
33 0.5207431 0.2488154 0.0109199 0.0148264
6 0.2422857 0.3377734 0.0266931 0.0171073
3 0.5820158 0.3377734 0.0266930 0.0171073
24 0.2422857 0.3993598 0.0266931 0.0171073
7 0.2422857 0.4609461 0.0266931 0.0171073
12 0.4461238 0.4609461 0.0266930 0.0171073
4 0.5820158 0.4609461 0.0266930 0.0171073
34 0.3102317 0.5231027 0.0630927 0.0615864
19 0.3102317 0.5225325 0.0266931 0.0171073
28 0.3781778 0.5225325 0.0266930 0.0171073
8 0.4461238 0.5225325 0.0266930 0.0171073
31 0.5140698 0.5841188 0.0266930 0.0171073
12 0.4461238 0.3377734 0.0266930 0.0171073
26 0.5140698 0.3377734 0.0266930 0.0171073
24 0.4461238 0.5841188 0.0266930 0.0171073
8 0.3781778 0.3993598 0.0266930 0.0171073
10 0.2422857 0.5841188 0.0266931 0.0171073
10 0.3781778 0.4609461 0.0266930 0.0171073
13 0.6499619 0.3377734 0.0266930 0.0171073
6 0.4461238 0.3993598 0.0266930 0.0171073
16 0.6499619 0.4609461 0.0266930 0.0171073
11 0.5140698 0.4609461 0.0266930 0.0171073
5 0.2422857 0.5225325 0.0266931 0.0171073
5 0.3102317 0.5841188 0.0266931 0.0171073
25 0.6499619 0.5841188 0.0266930 0.0171073
22 0.6499619 0.3993598 0.0266930 0.0171073
26 0.5140698 0.3993598 0.0266930 0.0171073
22 0.6499619 0.5225325 0.0266930 0.0171073
26 0.3781778 0.5841188 0.0266930 0.0171073
28 0.5820158 0.5225325 0.0266930 0.0171073
9 0.5820158 0.5841188 0.0266930 0.0171073
24 0.5140698 0.5225325 0.0266930 0.0171073
28 0.3102317 0.4609461 0.0266931 0.0171073
29 0.3102317 0.3993598 0.0266931 0.0171073
17 0.5820158 0.3993598 0.0266930 0.0171073
