11 0.2999172 0.6080169 0.0270583 0.0158767
3 0.5754194 0.3023912 0.0270583 0.0170107
32 0.3694077 0.4191981 0.4981179 0.5001149
33 0.4425880 0.1969248 0.0098393 0.0124745
26 0.3687927 0.3023912 0.0270583 0.0170107
21 0.2999172 0.3630627 0.0270583 0.0158767
24 0.2999172 0.4248683 0.0270583 0.0170108
17 0.4376683 0.4248683 0.0270582 0.0170108
10 0.5065438 0.4248683 0.0270583 0.0170108
5 0.5754194 0.4248683 0.0270583 0.0170108
7 0.2310416 0.4861069 0.0270583 0.0170107
16 0.2999172 0.4861069 0.0270583 0.0170107
15 0.5065438 0.4861069 0.0270583 0.0170107
31 0.1621660 0.5473454 0.0270583 0.0170107
18 0.2310416 0.5473454 0.0270583 0.0170107
34 0.3687927 0.5467784 0.0639558 0.0612385
4 0.3687927 0.5473454 0.0270583 0.0170107
13 0.4376683 0.5473454 0.0270582 0.0170107
6 0.4376683 0.6080169 0.0270582 0.0158767
22 0.5065438 0.6080169 0.0270583 0.0158767
30 0.5754194 0.6080169 0.0270583 0.0158767
30 0.2999172 0.5473454 0.0270583 0.0170107
12 0.5754194 0.3630627 0.0270583 0.0158767
19 0.5065438 0.5473454 0.0270583 0.0170107
13 0.3687927 0.4861069 0.0270583 0.0170107
10 0.2310416 0.3630627 0.0270583 0.0158767
8 0.3687927 0.6080169 0.0270583 0.0158767
11 0.4376683 0.3023912 0.0270582 0.0170107
18 0.1621660 0.6080169 0.0270583 0.0158767
5 0.1621660 0.3630627 0.0270583 0.0158767
12 0.3687927 0.4248683 0.0270583 0.0170108
1 0.1621660 0.4861069 0.0270583 0.0170107
9 0.1621660 0.3023912 0.0270583 0.0170107
26 0.5754194 0.4861069 0.0270583 0.0170107
24 0.1621660 0.4248683 0.0270583 0.0170108
5 0.2999172 0.3023912 0.0270583 0.0170107
1 0.5754194 0.5473454 0.0270583 0.0170107
25 0.3687927 0.3630627 0.0270583 0.0158767
26 0.2310416 0.3023912 0.0270583 0.0170107
3 0.5065438 0.3023912 0.0270583 0.0170107
7 0.4376683 0.4861069 0.0270582 0.0170107
14 0.2310416 0.4248683 0.0270583 0.0170108
28 0.5065438 0.3630627 0.0270583 0.0158767
6 0.4376683 0.3630627 0.0270582 0.0158767
3 0.2310416 0.6080169 0.0270583 0.0158767
