4 0.5052511 0.3006213 0.0266098 0.0163654
18 0.0988468 0.4184521 0.0266098 0.0163654
32 0.3020489 0.3284425 0.4886528 0.4844160
33 0.3764354 0.0976903 0.0108858 0.0141833
4 0.0988468 0.2417058 0.0266098 0.0163654
6 0.2343149 0.2417058 0.0266098 0.0163654
9 0.3697829 0.2417058 0.0266098 0.0163654
23 0.4375170 0.2417058 0.0266098 0.0163654
5 0.1665808 0.3006213 0.0266098 0.0163654
2 0.2343149 0.3006213 0.0266098 0.0163654
34 0.3020489 0.3011668 0.0628959 0.0589154
25 0.3020489 0.3006213 0.0266098 0.0163654
30 0.1665808 0.3595367 0.0266098 0.0163654
14 0.1665808 0.4184521 0.0266098 0.0163654
11 0.2343149 0.3595367 0.0266098 0.0163654
24 0.1665808 0.1827903 0.0266098 0.0163654
30 0.5052511 0.2417058 0.0266098 0.0163654
12 0.3020489 0.3595367 0.0266098 0.0163654
28 0.3697829 0.3595367 0.0266098 0.0163654
4 0.4375170 0.3006213 0.0266098 0.0163654
18 0.4375170 0.1827903 0.0266098 0.0163654
21 0.0988468 0.1827903 0.0266098 0.0163654
3 0.5052511 0.4184521 0.0266098 0.0163654
8 0.3020489 0.1827903 0.0266098 0.0163654
28 0.3020489 0.4184521 0.0266098 0.0163654
6 0.4375170 0.4184521 0.0266098 0.0163654
20 0.3697829 0.3006213 0.0266098 0.0163654
5 0.2343149 0.1827903 0.0266098 0.0163654
5 0.4375170 0.3595367 0.0266098 0.0163654
5 0.0988468 0.3006213 0.0266098 0.0163654
13 0.3697829 0.4184521 0.0266098 0.0163654
24 0.3020489 0.2417058 0.0266098 0.0163654
11 0.5052511 0.1827903 0.0266098 0.0163654
10 0.2343149 0.4184521 0.0266098 0.0163654
23 0.1665808 0.2417058 0.0266098 0.0163654
7 0.0988468 0.3595367 0.0266098 0.0163654
24 0.3697829 0.1827903 0.0266098 0.0163654
9 0.5052511 0.3595367 0.0266098 0.0163654
