18 0.4772839 0.2576288 0.0247968 0.0168963
8 0.7703362 0.5504986 0.0247968 0.0168964
32 0.6514246 0.3606964 0.4068920 0.4302934
33 0.8357095 0.1630093 0.0112713 0.0168964
2 0.5358944 0.2576288 0.0247967 0.0168963
20 0.5933777 0.2576288 0.0247968 0.0168963
31 0.7111622 0.2576288 0.0236696 0.0168963
17 0.7703362 0.2576288 0.0247968 0.0168963
26 0.4772839 0.3162027 0.0247968 0.0168964
9 0.7111622 0.3162027 0.0236696 0.0168964
19 0.7703362 0.3162027 0.0247968 0.0168964
18 0.6525517 0.4339139 0.0236696 0.0157699
7 0.7703362 0.4339139 0.0247968 0.0157699
24 0.8278197 0.4339139 0.0247968 0.0157699
27 0.4772839 0.4913614 0.0247968 0.0157699
34 0.5358944 0.4913614 0.0495935 0.0495626
20 0.5358944 0.4913614 0.0247967 0.0157699
5 0.5933777 0.4913614 0.0247968 0.0157699
21 0.6525517 0.4913614 0.0236696 0.0157699
1 0.7703362 0.4913614 0.0247968 0.0157699
16 0.5358944 0.5504986 0.0247967 0.0168964
3 0.4772839 0.5504986 0.0247968 0.0168964
11 0.7111622 0.5504986 0.0236696 0.0168964
6 0.7111622 0.3753399 0.0236696 0.0157699
24 0.6525517 0.2576288 0.0236696 0.0168963
19 0.6525517 0.3753399 0.0236696 0.0157699
4 0.4772839 0.3753399 0.0247968 0.0157699
7 0.7111622 0.4339139 0.0236696 0.0157699
21 0.8278197 0.4913614 0.0247968 0.0157699
14 0.7703362 0.3753399 0.0247968 0.0157699
27 0.5358944 0.4339139 0.0247967 0.0157699
30 0.5933777 0.3162027 0.0247968 0.0168964
23 0.5933777 0.3753399 0.0247968 0.0157699
19 0.5358944 0.3162027 0.0247967 0.0168964
7 0.5358944 0.3753399 0.0247967 0.0157699
4 0.8278197 0.3753399 0.0247968 0.0157699
4 0.6525517 0.5504986 0.0236696 0.0168964
21 0.8278197 0.5504986 0.0247968 0.0168964
21 0.4772839 0.4339139 0.0247968 0.0157699
21 0.5933777 0.5504986 0.0247968 0.0168964
8 0.7111622 0.4913614 0.0236696 0.0157699
22 0.6525517 0.3162027 0.0236696 0.0168964
7 0.8278197 0.2576288 0.0247968 0.0168963
18 0.5933777 0.4339139 0.0247968 0.0157699
16 0.8278197 0.3162027 0.0247968 0.0168964
