12 0.2957626 0.5038781 0.0285781 0.0160022
14 0.2957626 0.3310540 0.0285781 0.0160022
32 0.4406016 0.3641253 0.5209008 0.4725992
33 0.5204904 0.1411609 0.0129901 0.0138686
8 0.5139954 0.2734460 0.0285781 0.0160022
18 0.2230183 0.3310540 0.0285781 0.0160022
14 0.3685069 0.3310540 0.0285781 0.0160022
28 0.4412511 0.3310540 0.0285781 0.0160022
12 0.5139954 0.3886620 0.0285781 0.0160022
21 0.2957626 0.4462701 0.0285781 0.0160022
25 0.5867396 0.4462701 0.0285781 0.0160022
10 0.2230183 0.5038781 0.0285781 0.0160022
34 0.5867396 0.5044115 0.0675482 0.0576080
9 0.5867396 0.5038781 0.0285781 0.0160022
1 0.5139954 0.5038781 0.0285781 0.0160022
16 0.2230183 0.4462701 0.0285781 0.0160022
22 0.3685069 0.2734460 0.0285781 0.0160022
13 0.2957626 0.3886620 0.0285781 0.0160022
28 0.4412511 0.2734460 0.0285781 0.0160022
12 0.6594839 0.3310540 0.0285780 0.0160022
12 0.6594839 0.4462701 0.0285780 0.0160022
13 0.2957626 0.2734460 0.0285781 0.0160022
28 0.3685069 0.3886620 0.0285781 0.0160022
4 0.6594839 0.2734460 0.0285780 0.0160022
25 0.5867396 0.3886620 0.0285781 0.0160022
17 0.3685069 0.5038781 0.0285781 0.0160022
13 0.5867396 0.2734460 0.0285781 0.0160022
26 0.2230183 0.2734460 0.0285781 0.0160022
20 0.4412511 0.3886620 0.0285781 0.0160022
16 0.3685069 0.4462701 0.0285781 0.0160022
20 0.4412511 0.4462701 0.0285781 0.0160022
20 0.5867396 0.3310540 0.0285781 0.0160022
22 0.6594839 0.5038781 0.0285780 0.0160022
29 0.6594839 0.3886620 0.0285780 0.0160022
29 0.5139954 0.3310540 0.0285781 0.0160022
23 0.2230183 0.3886620 0.0285781 0.0160022
13 0.4412511 0.5038781 0.0285781 0.0160022
9 0.5139954 0.4462701 0.0285781 0.0160022
