21 0.8355972 0.7041600 0.0246866 0.0162204
28 0.7783691 0.7649867 0.0246866 0.0173790
32 0.6599854 0.5697620 0.4050854 0.4425867
33 0.8434521 0.3664271 0.0112212 0.0173790
20 0.4866178 0.4637497 0.0246867 0.0173790
18 0.4866178 0.5239971 0.0246867 0.0173790
15 0.5449681 0.5239971 0.0246867 0.0173790
30 0.6611076 0.5239971 0.0235645 0.0173790
3 0.7194577 0.5239971 0.0235645 0.0173790
24 0.6021962 0.5848238 0.0246866 0.0162204
31 0.7194577 0.5848238 0.0235645 0.0162204
2 0.5449681 0.6450712 0.0246867 0.0162204
6 0.6611076 0.6450712 0.0235645 0.0162204
23 0.7194577 0.6450712 0.0235645 0.0162204
4 0.7783691 0.6450712 0.0246866 0.0162204
34 0.8355972 0.6450713 0.0493733 0.0509786
10 0.8355972 0.6450712 0.0246866 0.0162204
11 0.4866178 0.7041600 0.0246867 0.0162204
26 0.6611076 0.7041600 0.0235645 0.0162204
5 0.7783691 0.7041600 0.0246866 0.0162204
25 0.5449681 0.7649867 0.0246867 0.0173790
25 0.6611076 0.4637497 0.0235645 0.0173790
23 0.6021962 0.4637497 0.0246866 0.0173790
14 0.7194577 0.4637497 0.0235645 0.0173790
14 0.4866178 0.7649867 0.0246867 0.0173790
22 0.7194577 0.7041600 0.0235645 0.0162204
26 0.7783691 0.4637497 0.0246866 0.0173790
7 0.6021962 0.5239971 0.0246866 0.0173790
2 0.6611076 0.5848238 0.0235645 0.0162204
7 0.7194577 0.7649867 0.0235645 0.0173790
26 0.8355972 0.5239971 0.0246866 0.0173790
18 0.6611076 0.7649867 0.0235645 0.0173790
1 0.8355972 0.7649867 0.0246866 0.0173790
12 0.8355972 0.5848238 0.0246866 0.0162204
23 0.8355972 0.4637497 0.0246866 0.0173790
18 0.6021962 0.7041600 0.0246866 0.0162204
17 0.7783691 0.5239971 0.0246866 0.0173790
15 0.4866178 0.5848238 0.0246867 0.0162204
6 0.5449681 0.4637497 0.0246867 0.0173790
14 0.5449681 0.5848238 0.0246867 0.0162204
30 0.4866178 0.6450712 0.0246867 0.0162204
6 0.6021962 0.6450712 0.0246866 0.0162204
19 0.6021962 0.7649867 0.0246866 0.0173790
17 0.7783691 0.5848238 0.0246866 0.0162204
21 0.5449681 0.7041600 0.0246867 0.0162204
