7 0.7796238 0.6009870 0.0233769 0.0155745
18 0.6696459 0.7161268 0.0223143 0.0166869
32 0.6133288 0.5286771 0.3835941 0.4249602
33 0.7870619 0.3334401 0.0106259 0.0166869
28 0.4491590 0.4847348 0.0233769 0.0166869
5 0.6143914 0.4847348 0.0223144 0.0166869
20 0.7796238 0.4847348 0.0233769 0.0166869
4 0.5586056 0.5431391 0.0233770 0.0155745
29 0.7796238 0.5431391 0.0233769 0.0155745
9 0.4491590 0.6009870 0.0233769 0.0155745
25 0.5044136 0.6009870 0.0233769 0.0155745
21 0.6143914 0.6009870 0.0223144 0.0155745
34 0.6701772 0.6009871 0.0467539 0.0489483
15 0.6696459 0.6009870 0.0223143 0.0155745
27 0.6143914 0.6577226 0.0223144 0.0155745
6 0.6696459 0.6577226 0.0223143 0.0155745
14 0.7796238 0.6577226 0.0233769 0.0155745
17 0.5044136 0.7161268 0.0233769 0.0166869
18 0.5586056 0.7161268 0.0233770 0.0166869
8 0.7254319 0.7161268 0.0233769 0.0166869
10 0.7796238 0.7161268 0.0233769 0.0166869
23 0.7796238 0.4268869 0.0233769 0.0166869
10 0.5044136 0.4847348 0.0233769 0.0166869
6 0.5586056 0.6009870 0.0233770 0.0155745
21 0.6696459 0.4268869 0.0223143 0.0166869
15 0.5044136 0.5431391 0.0233769 0.0155745
15 0.5044136 0.4268869 0.0233769 0.0166869
28 0.4491590 0.5431391 0.0233769 0.0155745
8 0.7254319 0.4268869 0.0233769 0.0166869
31 0.6143914 0.4268869 0.0223144 0.0166869
14 0.6696459 0.5431391 0.0223143 0.0155745
19 0.4491590 0.4268869 0.0233769 0.0166869
31 0.5586056 0.6577226 0.0233770 0.0155745
11 0.7254319 0.6577226 0.0233769 0.0155745
8 0.6696459 0.4847348 0.0223143 0.0166869
18 0.7254319 0.6009870 0.0233769 0.0155745
9 0.7254319 0.5431391 0.0233769 0.0155745
28 0.4491590 0.6577226 0.0233769 0.0155745
27 0.6143914 0.7161268 0.0223144 0.0166869
12 0.5586056 0.4268869 0.0233770 0.0166869
8 0.5044136 0.6577226 0.0233769 0.0155745
4 0.5586056 0.4847348 0.0233770 0.0166869
13 0.7254319 0.4847348 0.0233769 0.0166869
11 0.6143914 0.5431391 0.0223144 0.0155745
31 0.4491590 0.7161268 0.0233769 0.0166869
