17 0.1128328 0.4032234 0.0280954 0.0162484
27 0.1843484 0.5202125 0.0280954 0.0162485
32 0.3267409 0.4162222 0.5121024 0.4712059
33 0.4059188 0.1925349 0.0114936 0.0129988
9 0.2558639 0.2862344 0.0280954 0.0162485
3 0.3988950 0.2862344 0.0280954 0.0162485
1 0.4704105 0.2862344 0.0280954 0.0162485
17 0.1128328 0.3447289 0.0280954 0.0162485
6 0.3988950 0.3447289 0.0280954 0.0162485
18 0.5419261 0.3447289 0.0280954 0.0162485
15 0.3273795 0.4032234 0.0280954 0.0162484
4 0.5419261 0.4032234 0.0280954 0.0162484
28 0.3273795 0.4617180 0.0280954 0.0162484
20 0.5419261 0.4617180 0.0280954 0.0162484
31 0.1128328 0.5202125 0.0280954 0.0162485
26 0.4704105 0.5202125 0.0280954 0.0162485
21 0.1128328 0.5787070 0.0280954 0.0162485
8 0.1843484 0.5787070 0.0280954 0.0162485
30 0.3988950 0.5787070 0.0280954 0.0162485
34 0.5419260 0.5792486 0.0664073 0.0584945
22 0.5419261 0.5787070 0.0280954 0.0162485
28 0.2558639 0.4032234 0.0280954 0.0162484
29 0.3273795 0.5202125 0.0280954 0.0162485
7 0.4704105 0.5787070 0.0280954 0.0162485
6 0.3273795 0.3447289 0.0280954 0.0162485
20 0.5419261 0.5202125 0.0280954 0.0162485
23 0.1843484 0.4032234 0.0280954 0.0162484
31 0.3273795 0.5787070 0.0280954 0.0162485
14 0.1843484 0.4617180 0.0280954 0.0162484
28 0.1128328 0.2862344 0.0280954 0.0162485
29 0.5419261 0.2862344 0.0280954 0.0162485
19 0.1843484 0.3447289 0.0280954 0.0162485
17 0.3988950 0.4032234 0.0280954 0.0162484
29 0.2558639 0.4617180 0.0280954 0.0162484
20 0.2558639 0.3447289 0.0280954 0.0162485
16 0.2558639 0.5202125 0.0280954 0.0162485
29 0.1843484 0.2862344 0.0280954 0.0162485
24 0.3273795 0.2862344 0.0280954 0.0162485
14 0.4704105 0.3447289 0.0280954 0.0162485
2 0.4704105 0.4617180 0.0280954 0.0162484
6 0.3988950 0.5202125 0.0280954 0.0162485
1 0.2558639 0.5787070 0.0280954 0.0162485
17 0.3988950 0.4617180 0.0280954 0.0162484
21 0.1128328 0.4617180 0.0280954 0.0162484
4 0.4704105 0.4032234 0.0280954 0.0162484
