26 0.3678861 0.4568759 0.0268289 0.0162674
3 0.5044695 0.5740007 0.0268289 0.0162673
32 0.5727611 0.4259679 0.4926756 0.4815131
33 0.6477600 0.1965985 0.0109754 0.0140984
1 0.5044695 0.2811887 0.0268289 0.0162673
25 0.5727611 0.2811887 0.0268288 0.0162673
30 0.4361778 0.3397511 0.0268288 0.0162674
34 0.5727612 0.3402933 0.0634137 0.0585624
12 0.5727611 0.3397511 0.0268288 0.0162674
21 0.6410528 0.3397511 0.0268288 0.0162674
12 0.7776361 0.3397511 0.0268289 0.0162674
19 0.3678861 0.3983135 0.0268289 0.0162673
26 0.4361778 0.3983135 0.0268288 0.0162673
9 0.5044695 0.3983135 0.0268289 0.0162673
24 0.5727611 0.3983135 0.0268288 0.0162673
3 0.7776361 0.3983135 0.0268289 0.0162673
29 0.7776361 0.4568759 0.0268289 0.0162674
4 0.5044695 0.5154383 0.0268289 0.0162673
15 0.7776361 0.5154383 0.0268289 0.0162673
27 0.3678861 0.5740007 0.0268289 0.0162673
16 0.7093445 0.5740007 0.0268288 0.0162673
4 0.6410528 0.5154383 0.0268288 0.0162673
17 0.6410528 0.5740007 0.0268288 0.0162673
14 0.3678861 0.3397511 0.0268289 0.0162674
5 0.7776361 0.2811887 0.0268289 0.0162673
31 0.4361778 0.4568759 0.0268288 0.0162674
27 0.5044695 0.4568759 0.0268289 0.0162674
21 0.7093445 0.4568759 0.0268288 0.0162674
7 0.7093445 0.3983135 0.0268288 0.0162673
27 0.5727611 0.5740007 0.0268288 0.0162673
22 0.5727611 0.4568759 0.0268288 0.0162674
6 0.4361778 0.5154383 0.0268288 0.0162673
23 0.3678861 0.2811887 0.0268289 0.0162673
16 0.5044695 0.3397511 0.0268289 0.0162674
29 0.6410528 0.4568759 0.0268288 0.0162674
21 0.4361778 0.2811887 0.0268288 0.0162673
27 0.6410528 0.2811887 0.0268288 0.0162673
14 0.7093445 0.5154383 0.0268288 0.0162673
6 0.6410528 0.3983135 0.0268288 0.0162673
15 0.3678861 0.5154383 0.0268289 0.0162673
14 0.7093445 0.3397511 0.0268288 0.0162674
14 0.7776361 0.5740007 0.0268289 0.0162673
2 0.5727611 0.5154383 0.0268288 0.0162673
24 0.4361778 0.5740007 0.0268288 0.0162673
30 0.7093445 0.2811887 0.0268288 0.0162673
