9 0.1910860 0.2563559 0.0247891 0.0161119
18 0.5099641 0.1562320 0.0247891 0.0161119
32 0.3527786 0.2454228 0.4202881 0.4315687
33 0.5313729 0.0773988 0.0090142 0.0126594
16 0.4558788 0.1562320 0.0247891 0.0161119
2 0.2451713 0.2057185 0.0247891 0.0161119
3 0.4029202 0.2057185 0.0247891 0.0161119
18 0.4558788 0.2057185 0.0247891 0.0161119
15 0.5099641 0.2057185 0.0247891 0.0161119
28 0.3505251 0.2563559 0.0236623 0.0161119
5 0.1910860 0.3069933 0.0247891 0.0161119
8 0.4558788 0.3069933 0.0247891 0.0161119
11 0.5099641 0.3069933 0.0247891 0.0161119
22 0.2975665 0.3582061 0.0236623 0.0172627
9 0.3505251 0.3582061 0.0236623 0.0172627
7 0.1910860 0.4088435 0.0247891 0.0172628
35 0.2451714 0.4088436 0.0450711 0.0448832
30 0.2451713 0.4088435 0.0247891 0.0172628
25 0.2975665 0.4088435 0.0236623 0.0172628
20 0.4029202 0.4088435 0.0247891 0.0172628
1 0.5099641 0.4088435 0.0247891 0.0172628
5 0.3505251 0.2057185 0.0236623 0.0161119
5 0.1910860 0.1562320 0.0247891 0.0161119
26 0.1910860 0.2057185 0.0247891 0.0161119
2 0.2975665 0.2563559 0.0236623 0.0161119
28 0.4029202 0.3582061 0.0247891 0.0172627
27 0.2975665 0.1562320 0.0236623 0.0161119
2 0.2451713 0.2563559 0.0247891 0.0161119
3 0.4029202 0.1562320 0.0247891 0.0161119
16 0.4029202 0.2563559 0.0247891 0.0161119
21 0.3505251 0.1562320 0.0236623 0.0161119
5 0.5099641 0.3582061 0.0247891 0.0172627
12 0.4558788 0.4088435 0.0247891 0.0172628
27 0.4029202 0.3069933 0.0247891 0.0161119
21 0.2451713 0.3069933 0.0247891 0.0161119
21 0.3505251 0.4088435 0.0236623 0.0172628
8 0.4558788 0.2563559 0.0247891 0.0161119
17 0.2975665 0.2057185 0.0236623 0.0161119
28 0.1910860 0.3582061 0.0247891 0.0172627
17 0.2975665 0.3069933 0.0236623 0.0161119
5 0.5099641 0.2563559 0.0247891 0.0161119
1 0.2451713 0.1562320 0.0247891 0.0161119
13 0.4558788 0.3582061 0.0247891 0.0172627
3 0.3505251 0.3069933 0.0236623 0.0161119
16 0.2451713 0.3582061 0.0247891 0.0172627
