3 0.4205061 0.5038971 0.0268154 0.0159900
10 0.6252783 0.5038971 0.0268154 0.0159900
32 0.4893729 0.5604330 0.4936472 0.5036837
33 0.5618964 0.3365736 0.0097511 0.0125635
10 0.2839913 0.4427926 0.0268154 0.0171321
6 0.4887635 0.5038971 0.0268154 0.0159900
5 0.6935356 0.5038971 0.0268154 0.0159900
19 0.5570208 0.5661437 0.0268154 0.0171321
12 0.4887635 0.6278193 0.0268154 0.0171322
29 0.2839913 0.6894948 0.0268154 0.0171320
13 0.4205061 0.6894948 0.0268154 0.0171320
17 0.4887635 0.6894948 0.0268154 0.0171320
34 0.6252783 0.6889237 0.0633819 0.0616756
6 0.6252783 0.6894948 0.0268154 0.0171320
5 0.5570208 0.6278193 0.0268154 0.0171322
12 0.3522486 0.5661437 0.0268154 0.0171321
7 0.5570208 0.4427926 0.0268154 0.0171321
12 0.2839913 0.5661437 0.0268154 0.0171321
12 0.6252783 0.5661437 0.0268154 0.0171321
18 0.4205061 0.5661437 0.0268154 0.0171321
10 0.6935356 0.6894948 0.0268154 0.0171320
2 0.5570208 0.5038971 0.0268154 0.0159900
12 0.4205061 0.4427926 0.0268154 0.0171321
22 0.6252783 0.6278193 0.0268154 0.0171322
31 0.3522486 0.4427926 0.0268154 0.0171321
4 0.2839913 0.6278193 0.0268154 0.0171322
24 0.4887635 0.5661437 0.0268154 0.0171321
9 0.3522486 0.6278193 0.0268154 0.0171322
25 0.3522486 0.6894948 0.0268154 0.0171320
18 0.2839913 0.5038971 0.0268154 0.0159900
9 0.6935356 0.5661437 0.0268154 0.0171321
24 0.4887635 0.4427926 0.0268154 0.0171321
12 0.6252783 0.4427926 0.0268154 0.0171321
31 0.6935356 0.6278193 0.0268154 0.0171322
11 0.4205061 0.6278193 0.0268154 0.0171322
22 0.3522486 0.5038971 0.0268154 0.0159900
11 0.5570208 0.6894948 0.0268154 0.0171320
12 0.6935356 0.4427926 0.0268154 0.0171321
