10 0.5517064 0.6472291 0.0274149 0.0164505
5 0.6912729 0.5282370 0.0274149 0.0153538
32 0.5523295 0.5825237 0.5046824 0.4836456
33 0.6264742 0.3675702 0.0099690 0.0120637
3 0.3423567 0.4695634 0.0274149 0.0164505
30 0.5517064 0.4695634 0.0274149 0.0164505
27 0.6214896 0.4695634 0.0274149 0.0164505
18 0.4819231 0.5282370 0.0274149 0.0153538
20 0.5517064 0.5282370 0.0274149 0.0153538
11 0.7610561 0.5282370 0.0274148 0.0153538
34 0.3423567 0.5874589 0.0647987 0.0592219
2 0.3423567 0.5880073 0.0274149 0.0164505
16 0.4819231 0.6472291 0.0274149 0.0164505
17 0.6912729 0.6472291 0.0274149 0.0164505
6 0.3423567 0.7064511 0.0274149 0.0164505
2 0.5517064 0.7064511 0.0274149 0.0164505
19 0.6912729 0.7064511 0.0274149 0.0164505
31 0.3423567 0.7651246 0.0274149 0.0153539
12 0.4121399 0.7651246 0.0274149 0.0153539
14 0.6214896 0.7651246 0.0274149 0.0153539
10 0.7610561 0.7651246 0.0274148 0.0153539
7 0.6912729 0.4695634 0.0274149 0.0164505
4 0.4121399 0.5880073 0.0274149 0.0164505
2 0.4819231 0.7651246 0.0274149 0.0153539
7 0.4819231 0.5880073 0.0274149 0.0164505
22 0.4819231 0.4695634 0.0274149 0.0164505
1 0.6214896 0.5282370 0.0274149 0.0153538
13 0.5517064 0.7651246 0.0274149 0.0153539
4 0.4121399 0.5282370 0.0274149 0.0153538
18 0.7610561 0.5880073 0.0274148 0.0164505
7 0.5517064 0.5880073 0.0274149 0.0164505
4 0.7610561 0.7064511 0.0274148 0.0164505
28 0.4121399 0.6472291 0.0274149 0.0164505
28 0.7610561 0.6472291 0.0274148 0.0164505
3 0.6912729 0.7651246 0.0274149 0.0153539
29 0.6214896 0.7064511 0.0274149 0.0164505
18 0.6214896 0.6472291 0.0274149 0.0164505
5 0.4121399 0.7064511 0.0274149 0.0164505
30 0.7610561 0.4695634 0.0274148 0.0164505
25 0.6912729 0.5880073 0.0274149 0.0164505
9 0.6214896 0.5880073 0.0274149 0.0164505
14 0.4121399 0.4695634 0.0274149 0.0164505
27 0.4819231 0.7064511 0.0274149 0.0164505
17 0.3423567 0.5282370 0.0274149 0.0153538
21 0.3423567 0.6472291 0.0274149 0.0164505
