10 0.2459422 0.3585374 0.0274162 0.0163109
14 0.4553021 0.4172566 0.0274162 0.0163109
32 0.3855155 0.4449851 0.5034606 0.4828022
33 0.4621561 0.2150016 0.0112157 0.0141361
7 0.1761556 0.2998182 0.0274162 0.0163109
15 0.2459422 0.2998182 0.0274162 0.0163109
14 0.3855155 0.2998182 0.0274162 0.0163109
11 0.4553021 0.2998182 0.0274162 0.0163109
3 0.5948753 0.2998182 0.0274162 0.0163109
25 0.3855155 0.3585374 0.0274162 0.0163109
30 0.4553021 0.3585374 0.0274162 0.0163109
18 0.5948753 0.3585374 0.0274162 0.0163109
17 0.5250887 0.4172566 0.0274162 0.0163109
31 0.1761556 0.4759757 0.0274162 0.0163109
26 0.3855155 0.4759757 0.0274162 0.0163109
22 0.2459422 0.5346950 0.0274162 0.0163109
34 0.3157289 0.5352386 0.0648019 0.0587192
12 0.3157289 0.5346950 0.0274162 0.0163109
20 0.5250887 0.5346950 0.0274162 0.0163109
1 0.3157289 0.5934142 0.0274162 0.0163109
10 0.5250887 0.5934142 0.0274162 0.0163109
23 0.2459422 0.4172566 0.0274162 0.0163109
4 0.5250887 0.4759757 0.0274162 0.0163109
14 0.3157289 0.4172566 0.0274162 0.0163109
21 0.3157289 0.4759757 0.0274162 0.0163109
26 0.3157289 0.2998182 0.0274162 0.0163109
6 0.1761556 0.4172566 0.0274162 0.0163109
16 0.1761556 0.5934142 0.0274162 0.0163109
30 0.4553021 0.4759757 0.0274162 0.0163109
23 0.4553021 0.5934142 0.0274162 0.0163109
28 0.5948753 0.4759757 0.0274162 0.0163109
7 0.5250887 0.2998182 0.0274162 0.0163109
26 0.3855155 0.4172566 0.0274162 0.0163109
22 0.3157289 0.3585374 0.0274162 0.0163109
27 0.5250887 0.3585374 0.0274162 0.0163109
29 0.5948753 0.5934142 0.0274162 0.0163109
16 0.4553021 0.5346950 0.0274162 0.0163109
4 0.2459422 0.5934142 0.0274162 0.0163109
21 0.5948753 0.5346950 0.0274162 0.0163109
8 0.5948753 0.4172566 0.0274162 0.0163109
31 0.1761556 0.5346950 0.0274162 0.0163109
21 0.3855155 0.5934142 0.0274162 0.0163109
19 0.3855155 0.5346950 0.0274162 0.0163109
7 0.2459422 0.4759757 0.0274162 0.0163109
15 0.1761556 0.3585374 0.0274162 0.0163109
