27 0.6564494 0.3669579 0.0230510 0.0170811
31 0.5576593 0.3669579 0.0230510 0.0170811
32 0.6471191 0.4563488 0.3754022 0.4987672
33 0.7766439 0.2621940 0.0131720 0.0193585
11 0.5082643 0.3669579 0.0230510 0.0170811
19 0.6070543 0.3669579 0.0230509 0.0170811
26 0.8046344 0.3669579 0.0230511 0.0170811
34 0.5576593 0.4398371 0.0428090 0.0444108
22 0.5576593 0.4398371 0.0230510 0.0170811
2 0.7058443 0.4398371 0.0230510 0.0170811
6 0.5082643 0.5127163 0.0230510 0.0170811
9 0.7552394 0.5127163 0.0230509 0.0170811
21 0.5082643 0.5850262 0.0230510 0.0159424
22 0.7058443 0.6579054 0.0230510 0.0159424
8 0.5576593 0.5850262 0.0230510 0.0159424
31 0.6564494 0.5850262 0.0230510 0.0159424
17 0.6564494 0.6579054 0.0230510 0.0159424
4 0.5082643 0.4398371 0.0230510 0.0170811
8 0.6564494 0.5127163 0.0230510 0.0170811
17 0.8046344 0.4398371 0.0230511 0.0170811
26 0.8046344 0.5127163 0.0230511 0.0170811
29 0.6070543 0.6579054 0.0230509 0.0159424
2 0.8046344 0.5850262 0.0230511 0.0159424
12 0.6564494 0.4398371 0.0230510 0.0170811
8 0.5576593 0.5127163 0.0230510 0.0170811
4 0.7552394 0.6579054 0.0230509 0.0159424
1 0.8046344 0.6579054 0.0230511 0.0159424
22 0.7552394 0.3669579 0.0230509 0.0170811
19 0.6070543 0.4398371 0.0230509 0.0170811
7 0.5082643 0.6579054 0.0230510 0.0159424
2 0.7552394 0.5850262 0.0230509 0.0159424
15 0.5576593 0.6579054 0.0230510 0.0159424
26 0.6070543 0.5127163 0.0230509 0.0170811
14 0.7058443 0.5127163 0.0230510 0.0170811
19 0.7058443 0.3669579 0.0230510 0.0170811
7 0.7058443 0.5850262 0.0230510 0.0159424
29 0.7552394 0.4398371 0.0230509 0.0170811
10 0.6070543 0.5850262 0.0230509 0.0159424
