31 0.6029066 0.2054647 0.0226870 0.0159549
2 0.7557737 0.2054647 0.0237673 0.0159549
32 0.6077681 0.2727031 0.4083656 0.3806382
33 0.7763000 0.1285393 0.0086426 0.0148153
29 0.4500396 0.2054647 0.0237673 0.0159549
35 0.4500396 0.2544690 0.0432133 0.0455854
15 0.4500396 0.2544690 0.0237673 0.0159549
19 0.5018956 0.2544690 0.0237673 0.0159549
25 0.6029066 0.2544690 0.0226870 0.0159549
6 0.5521310 0.3046129 0.0226870 0.0159549
7 0.6029066 0.3547569 0.0226870 0.0159549
30 0.6531421 0.3547569 0.0237673 0.0159549
8 0.4500396 0.4054706 0.0237673 0.0170946
16 0.7039178 0.4054706 0.0237674 0.0170946
24 0.5018956 0.3046129 0.0237673 0.0159549
4 0.5521310 0.4054706 0.0226870 0.0170946
16 0.7557737 0.2544690 0.0237673 0.0159549
28 0.7039178 0.3547569 0.0237674 0.0159549
21 0.6531421 0.2054647 0.0237673 0.0159549
19 0.5521310 0.2544690 0.0226870 0.0159549
21 0.7557737 0.4054706 0.0237673 0.0170946
13 0.6029066 0.3046129 0.0226870 0.0159549
9 0.7557737 0.3547569 0.0237673 0.0159549
21 0.5018956 0.4054706 0.0237673 0.0170946
4 0.5521310 0.3547569 0.0226870 0.0159549
15 0.5521310 0.2054647 0.0226870 0.0159549
15 0.7039178 0.3046129 0.0237674 0.0159549
4 0.4500396 0.3046129 0.0237673 0.0159549
10 0.4500396 0.3547569 0.0237673 0.0159549
26 0.6531421 0.3046129 0.0237673 0.0159549
3 0.7557737 0.3046129 0.0237673 0.0159549
13 0.6531421 0.2544690 0.0237673 0.0159549
15 0.7039178 0.2544690 0.0237674 0.0159549
4 0.6531421 0.4054706 0.0237673 0.0170946
29 0.5018956 0.2054647 0.0237673 0.0159549
25 0.6029066 0.4054706 0.0226870 0.0170946
6 0.5018956 0.3547569 0.0237673 0.0159549
18 0.7039178 0.2054647 0.0237674 0.0159549
