28 0.5373061 0.7138934 0.0280950 0.0166442
19 0.3227624 0.4742169 0.0280950 0.0166442
32 0.4657915 0.5624311 0.5159264 0.4926684
33 0.5443298 0.3277479 0.0114934 0.0144250
14 0.3227624 0.4142978 0.0280950 0.0166442
12 0.5373061 0.4142978 0.0280950 0.0166442
21 0.6088206 0.4142978 0.0280950 0.0166442
24 0.2512479 0.4742169 0.0280950 0.0166442
6 0.5373061 0.4742169 0.0280950 0.0166442
18 0.6088206 0.4742169 0.0280950 0.0166442
2 0.3942770 0.5341360 0.0280950 0.0166442
16 0.4657915 0.5341360 0.0280950 0.0166442
30 0.6803352 0.5341360 0.0280950 0.0166442
9 0.2512479 0.5940551 0.0280950 0.0166443
22 0.3227624 0.5940551 0.0280950 0.0166443
17 0.4657915 0.5940551 0.0280950 0.0166443
34 0.5373061 0.5946099 0.0664064 0.0599191
27 0.5373061 0.5940551 0.0280950 0.0166443
26 0.5373061 0.6539743 0.0280950 0.0166443
5 0.6803352 0.6539743 0.0280950 0.0166443
28 0.4657915 0.7138934 0.0280950 0.0166442
20 0.3942770 0.5940551 0.0280950 0.0166443
8 0.2512479 0.7138934 0.0280950 0.0166442
1 0.3942770 0.7138934 0.0280950 0.0166442
2 0.6803352 0.4742169 0.0280950 0.0166442
28 0.2512479 0.4142978 0.0280950 0.0166442
24 0.3227624 0.7138934 0.0280950 0.0166442
25 0.4657915 0.4742169 0.0280950 0.0166442
11 0.6803352 0.7138934 0.0280950 0.0166442
8 0.2512479 0.5341360 0.0280950 0.0166442
19 0.4657915 0.4142978 0.0280950 0.0166442
15 0.6088206 0.7138934 0.0280950 0.0166442
14 0.3227624 0.5341360 0.0280950 0.0166442
15 0.4657915 0.6539743 0.0280950 0.0166443
16 0.5373061 0.5341360 0.0280950 0.0166442
23 0.6088206 0.5940551 0.0280950 0.0166443
5 0.3942770 0.4142978 0.0280950 0.0166442
13 0.6803352 0.5940551 0.0280950 0.0166443
14 0.6803352 0.4142978 0.0280950 0.0166442
16 0.3942770 0.6539743 0.0280950 0.0166443
2 0.6088206 0.5341360 0.0280950 0.0166442
1 0.2512479 0.6539743 0.0280950 0.0166443
6 0.3942770 0.4742169 0.0280950 0.0166442
23 0.6088206 0.6539743 0.0280950 0.0166443
8 0.3227624 0.6539743 0.0280950 0.0166443
