6 0.5363445 0.6305283 0.0240817 0.0148940
31 0.5879483 0.5624412 0.0240817 0.0148940
32 0.5782009 0.4422251 0.3921879 0.4659705
33 0.7135172 0.2608370 0.0137610 0.0180856
22 0.5363445 0.3587121 0.0240817 0.0159579
6 0.5363445 0.4267991 0.0240817 0.0159579
11 0.5879483 0.4267991 0.0240817 0.0159579
14 0.6395519 0.4267991 0.0240817 0.0159579
5 0.5879483 0.4948861 0.0240817 0.0159579
1 0.4847409 0.5624412 0.0240818 0.0148940
13 0.4331372 0.6305283 0.0240817 0.0148940
29 0.5879483 0.6305283 0.0240817 0.0148940
34 0.6911556 0.6305282 0.0447232 0.0425544
2 0.6911556 0.6305283 0.0240817 0.0148940
7 0.5363445 0.5624412 0.0240817 0.0148940
3 0.6911556 0.4948861 0.0240817 0.0159579
4 0.7427592 0.3587121 0.0240817 0.0159579
26 0.6911556 0.4267991 0.0240817 0.0159579
7 0.6911556 0.5624412 0.0240817 0.0148940
5 0.6911556 0.3587121 0.0240817 0.0159579
15 0.6395519 0.4948861 0.0240817 0.0159579
19 0.7427592 0.4948861 0.0240817 0.0159579
19 0.6395519 0.6305283 0.0240817 0.0148940
20 0.5363445 0.4948861 0.0240817 0.0159579
7 0.4331372 0.5624412 0.0240817 0.0148940
22 0.5879483 0.3587121 0.0240817 0.0159579
14 0.4331372 0.4267991 0.0240817 0.0159579
11 0.7427592 0.4267991 0.0240817 0.0159579
18 0.4331372 0.4948861 0.0240817 0.0159579
7 0.4331372 0.3587121 0.0240817 0.0159579
7 0.4847409 0.6305283 0.0240818 0.0148940
10 0.6395519 0.5624412 0.0240817 0.0148940
18 0.4847409 0.4948861 0.0240818 0.0159579
23 0.4847409 0.4267991 0.0240818 0.0159579
10 0.7427592 0.5624412 0.0240817 0.0148940
11 0.6395519 0.3587121 0.0240817 0.0159579
9 0.7427592 0.6305283 0.0240817 0.0148940
22 0.4847409 0.3587121 0.0240818 0.0159579
