20 0.5792089 0.2583002 0.0265477 0.0163325
24 0.8495126 0.3170972 0.0265477 0.0163325
32 0.6467848 0.4036595 0.4875119 0.4834421
33 0.7209976 0.1733712 0.0108604 0.0141548
6 0.4440571 0.2583002 0.0265477 0.0163325
30 0.5116330 0.2583002 0.0265477 0.0163325
13 0.7143607 0.2583002 0.0265477 0.0163325
2 0.7819366 0.2583002 0.0265477 0.0163325
10 0.6467848 0.3170972 0.0265477 0.0163325
18 0.5792089 0.3758943 0.0265477 0.0163325
21 0.6467848 0.3758943 0.0265477 0.0163325
12 0.7143607 0.3758943 0.0265477 0.0163325
31 0.7819366 0.3758943 0.0265477 0.0163325
29 0.7819366 0.4346913 0.0265477 0.0163325
24 0.7143607 0.4934883 0.0265477 0.0163325
26 0.4440571 0.5522853 0.0265477 0.0163325
34 0.5116330 0.5528297 0.0627491 0.0587970
10 0.5116330 0.5522853 0.0265477 0.0163325
14 0.5792089 0.5522853 0.0265477 0.0163325
22 0.7819366 0.5522853 0.0265477 0.0163325
1 0.8495126 0.5522853 0.0265477 0.0163325
18 0.4440571 0.4346913 0.0265477 0.0163325
17 0.4440571 0.3170972 0.0265477 0.0163325
26 0.8495126 0.4934883 0.0265477 0.0163325
2 0.4440571 0.4934883 0.0265477 0.0163325
12 0.8495126 0.2583002 0.0265477 0.0163325
22 0.5792089 0.3170972 0.0265477 0.0163325
12 0.7819366 0.3170972 0.0265477 0.0163325
8 0.5792089 0.4934883 0.0265477 0.0163325
23 0.6467848 0.2583002 0.0265477 0.0163325
15 0.4440571 0.3758943 0.0265477 0.0163325
24 0.8495126 0.4346913 0.0265477 0.0163325
15 0.5116330 0.3170972 0.0265477 0.0163325
4 0.7143607 0.5522853 0.0265477 0.0163325
12 0.5116330 0.3758943 0.0265477 0.0163325
9 0.5116330 0.4934883 0.0265477 0.0163325
14 0.6467848 0.5522853 0.0265477 0.0163325
22 0.6467848 0.4934883 0.0265477 0.0163325
12 0.7143607 0.3170972 0.0265477 0.0163325
2 0.7143607 0.4346913 0.0265477 0.0163325
9 0.6467848 0.4346913 0.0265477 0.0163325
15 0.7819366 0.4934883 0.0265477 0.0163325
18 0.5116330 0.4346913 0.0265477 0.0163325
26 0.8495126 0.3758943 0.0265477 0.0163325
9 0.5792089 0.4346913 0.0265477 0.0163325
