1 0.4070053 0.3476985 0.0230241 0.0163479
30 0.4563427 0.4872003 0.0230241 0.0163479
32 0.4470234 0.4332524 0.3749645 0.4773576
33 0.5763972 0.2474317 0.0131567 0.0185276
21 0.3576678 0.3476985 0.0230241 0.0163479
34 0.5056801 0.3476986 0.0427591 0.0425044
9 0.5056801 0.3476985 0.0230241 0.0163479
7 0.5550176 0.4174494 0.0230242 0.0163479
5 0.4070053 0.4872003 0.0230241 0.0163479
2 0.6043551 0.4872003 0.0230242 0.0163479
20 0.3083304 0.5564062 0.0230241 0.0152580
11 0.3576678 0.6261571 0.0230241 0.0152580
18 0.5056801 0.6261571 0.0230241 0.0152580
8 0.5550176 0.6261571 0.0230242 0.0152580
18 0.3576678 0.4174494 0.0230241 0.0163479
18 0.5056801 0.4872003 0.0230241 0.0163479
30 0.4070053 0.4174494 0.0230241 0.0163479
17 0.4563427 0.5564062 0.0230241 0.0152580
28 0.4563427 0.6261571 0.0230241 0.0152580
4 0.4563427 0.4174494 0.0230241 0.0163479
8 0.5056801 0.4174494 0.0230241 0.0163479
21 0.6043551 0.6261571 0.0230242 0.0152580
1 0.5550176 0.5564062 0.0230242 0.0152580
18 0.5550176 0.3476985 0.0230242 0.0163479
8 0.5550176 0.4872003 0.0230242 0.0163479
15 0.3083304 0.4872003 0.0230241 0.0163479
28 0.5056801 0.5564062 0.0230241 0.0152580
23 0.3576678 0.4872003 0.0230241 0.0163479
5 0.3083304 0.6261571 0.0230241 0.0152580
7 0.4563427 0.3476985 0.0230241 0.0163479
16 0.4070053 0.5564062 0.0230241 0.0152580
7 0.6043551 0.3476985 0.0230242 0.0163479
22 0.4070053 0.6261571 0.0230241 0.0152580
13 0.6043551 0.4174494 0.0230242 0.0163479
29 0.3083304 0.4174494 0.0230241 0.0163479
16 0.3083304 0.3476985 0.0230241 0.0163479
5 0.6043551 0.5564062 0.0230242 0.0152580
9 0.3576678 0.5564062 0.0230241 0.0152580
