30 0.4587782 0.4272566 0.0240168 0.0155712
11 0.5657099 0.3293804 0.0251604 0.0155712
32 0.5148173 0.3677523 0.4265830 0.4170860
33 0.6960864 0.2053669 0.0091492 0.0122345
10 0.3507029 0.2815546 0.0251604 0.0155712
29 0.5125300 0.2815546 0.0240168 0.0155712
15 0.5657099 0.2815546 0.0251604 0.0155712
2 0.3507029 0.3293804 0.0251604 0.0155712
30 0.4587782 0.3293804 0.0240168 0.0155712
3 0.6194617 0.3293804 0.0251604 0.0155712
18 0.6194617 0.3783185 0.0251604 0.0155712
1 0.3507029 0.4272566 0.0251604 0.0155712
8 0.4055983 0.4272566 0.0251604 0.0155712
23 0.5125300 0.4272566 0.0240168 0.0155712
22 0.6743570 0.4272566 0.0251605 0.0155712
24 0.5657099 0.4767508 0.0251604 0.0166834
35 0.6743570 0.4767508 0.0457461 0.0433769
29 0.6743570 0.4767508 0.0251605 0.0166834
28 0.4055983 0.5256889 0.0251604 0.0166834
25 0.5657099 0.5256889 0.0251604 0.0166834
26 0.6743570 0.5256889 0.0251605 0.0166834
28 0.6194617 0.5256889 0.0251604 0.0166834
19 0.5125300 0.3783185 0.0240168 0.0155712
1 0.4587782 0.3783185 0.0240168 0.0155712
27 0.5657099 0.4272566 0.0251604 0.0155712
9 0.6194617 0.2815546 0.0251604 0.0155712
10 0.6194617 0.4272566 0.0251604 0.0155712
26 0.4055983 0.3293804 0.0251604 0.0155712
14 0.3507029 0.5256889 0.0251604 0.0166834
14 0.5657099 0.3783185 0.0251604 0.0155712
15 0.3507029 0.3783185 0.0251604 0.0155712
6 0.3507029 0.4767508 0.0251604 0.0166834
26 0.4055983 0.3783185 0.0251604 0.0155712
27 0.5125300 0.5256889 0.0240168 0.0166834
19 0.4587782 0.2815546 0.0240168 0.0155712
18 0.4055983 0.4767508 0.0251604 0.0166834
24 0.5125300 0.4767508 0.0240168 0.0166834
30 0.5125300 0.3293804 0.0240168 0.0155712
25 0.6743570 0.2815546 0.0251605 0.0155712
30 0.4587782 0.4767508 0.0240168 0.0166834
25 0.4587782 0.5256889 0.0240168 0.0166834
2 0.6743570 0.3293804 0.0251605 0.0155712
3 0.6194617 0.4767508 0.0251604 0.0166834
11 0.6743570 0.3783185 0.0251605 0.0155712
10 0.4055983 0.2815546 0.0251604 0.0155712
