29 0.6293416 0.3355394 0.0232364 0.0159544
8 0.5786441 0.3845424 0.0232364 0.0159545
32 0.4846424 0.4027761 0.3992432 0.3806276
33 0.6494095 0.2586162 0.0084496 0.0148148
12 0.3304374 0.3845424 0.0232364 0.0159545
18 0.3304374 0.4346849 0.0232364 0.0159545
13 0.3811349 0.4346849 0.0232364 0.0159545
35 0.4798895 0.4346849 0.0411917 0.0455841
30 0.4798895 0.4346849 0.0221802 0.0159545
3 0.5786441 0.4346849 0.0232364 0.0159545
5 0.3811349 0.4848275 0.0232364 0.0159545
21 0.6293416 0.4848275 0.0232364 0.0159545
17 0.3304374 0.5355398 0.0232364 0.0170941
6 0.5786441 0.5355398 0.0232364 0.0170941
6 0.3811349 0.3355394 0.0232364 0.0159544
9 0.6293416 0.5355398 0.0232364 0.0170941
4 0.6293416 0.4346849 0.0232364 0.0159545
21 0.4302481 0.3845424 0.0221802 0.0159545
6 0.4302481 0.4346849 0.0221802 0.0159545
14 0.4798895 0.5355398 0.0221802 0.0170941
24 0.5290028 0.4848275 0.0232364 0.0159545
11 0.5786441 0.3355394 0.0232364 0.0159544
17 0.5290028 0.3355394 0.0232364 0.0159544
22 0.4798895 0.3845424 0.0221802 0.0159545
5 0.5786441 0.4848275 0.0232364 0.0159545
27 0.4302481 0.3355394 0.0221802 0.0159544
28 0.4798895 0.3355394 0.0221802 0.0159544
17 0.4798895 0.4848275 0.0221802 0.0159545
2 0.5290028 0.5355398 0.0232364 0.0170941
24 0.3811349 0.3845424 0.0232364 0.0159545
26 0.4302481 0.4848275 0.0221802 0.0159545
26 0.3811349 0.5355398 0.0232364 0.0170941
3 0.4302481 0.5355398 0.0221802 0.0170941
8 0.6293416 0.3845424 0.0232364 0.0159545
16 0.5290028 0.4346849 0.0232364 0.0159545
22 0.3304374 0.4848275 0.0232364 0.0159545
19 0.5290028 0.3845424 0.0232364 0.0159545
13 0.3304374 0.3355394 0.0232364 0.0159544
