30 0.6998993 0.6931817 0.0269866 0.0156291
24 0.4938200 0.5128891 0.0269865 0.0167455
32 0.4944333 0.5073073 0.4967984 0.4923163
33 0.5674197 0.2885000 0.0098133 0.0122800
1 0.2877407 0.3923218 0.0269866 0.0167455
2 0.3564338 0.3923218 0.0269866 0.0167455
17 0.6998993 0.4520473 0.0269866 0.0156291
26 0.6998993 0.5128891 0.0269866 0.0167455
3 0.3564338 0.5731727 0.0269866 0.0167455
13 0.4251269 0.5731727 0.0269866 0.0167455
7 0.4938200 0.5731727 0.0269865 0.0167455
16 0.3564338 0.6334563 0.0269866 0.0167455
15 0.4251269 0.6334563 0.0269866 0.0167455
4 0.4938200 0.6334563 0.0269865 0.0167455
11 0.6312061 0.6334563 0.0269865 0.0167455
21 0.6998993 0.6334563 0.0269866 0.0167455
8 0.2877407 0.6931817 0.0269866 0.0156291
20 0.3564338 0.6931817 0.0269866 0.0156291
34 0.4938200 0.6931817 0.0637865 0.0602837
1 0.4938200 0.6931817 0.0269865 0.0156291
27 0.6312061 0.6931817 0.0269865 0.0156291
3 0.4251269 0.4520473 0.0269866 0.0156291
25 0.5625130 0.5128891 0.0269866 0.0167455
14 0.4251269 0.5128891 0.0269866 0.0167455
2 0.6312061 0.5128891 0.0269865 0.0167455
6 0.5625130 0.6334563 0.0269866 0.0167455
20 0.5625130 0.6931817 0.0269866 0.0156291
9 0.3564338 0.5128891 0.0269866 0.0167455
14 0.6312061 0.4520473 0.0269865 0.0156291
3 0.2877407 0.6334563 0.0269866 0.0167455
2 0.2877407 0.5128891 0.0269866 0.0167455
17 0.5625130 0.4520473 0.0269866 0.0156291
29 0.2877407 0.4520473 0.0269866 0.0156291
28 0.6998993 0.3923218 0.0269866 0.0167455
14 0.4938200 0.3923218 0.0269865 0.0167455
20 0.3564338 0.4520473 0.0269866 0.0156291
4 0.4938200 0.4520473 0.0269865 0.0156291
2 0.4251269 0.6931817 0.0269866 0.0156291
16 0.5625130 0.3923218 0.0269866 0.0167455
18 0.6312061 0.3923218 0.0269865 0.0167455
12 0.4251269 0.3923218 0.0269866 0.0167455
26 0.6312061 0.5731727 0.0269865 0.0167455
17 0.2877407 0.5731727 0.0269866 0.0167455
24 0.6998993 0.5731727 0.0269866 0.0167455
29 0.5625130 0.5731727 0.0269866 0.0167455
