24 0.7740589 0.4440683 0.0242731 0.0153259
16 0.6024917 0.4440683 0.0231698 0.0153259
32 0.5969751 0.2979245 0.3983006 0.3754856
33 0.7834372 0.1238656 0.0099299 0.0142312
28 0.5445671 0.2169159 0.0242732 0.0164207
8 0.6024917 0.2169159 0.0231698 0.0164207
31 0.4309246 0.2738409 0.0242732 0.0164207
12 0.7177893 0.2738409 0.0242732 0.0164207
21 0.4309246 0.3313131 0.0242732 0.0153259
34 0.7740588 0.3313131 0.0485463 0.0481673
30 0.7740589 0.3313131 0.0242731 0.0153259
10 0.6024917 0.3882381 0.0231698 0.0153260
26 0.4882975 0.4440683 0.0242732 0.0153259
11 0.6598646 0.4440683 0.0231698 0.0153259
13 0.6024917 0.2738409 0.0231698 0.0164207
26 0.6598646 0.3882381 0.0231698 0.0153260
24 0.6598646 0.3313131 0.0231698 0.0153259
25 0.4309246 0.4440683 0.0242732 0.0153259
29 0.4882975 0.3313131 0.0242732 0.0153259
3 0.5445671 0.2738409 0.0242732 0.0164207
22 0.4309246 0.2169159 0.0242732 0.0164207
25 0.4882975 0.2738409 0.0242732 0.0164207
9 0.6598646 0.2738409 0.0231698 0.0164207
23 0.7740589 0.2169159 0.0242731 0.0164207
3 0.5445671 0.3882381 0.0242732 0.0153260
31 0.7177893 0.3882381 0.0242732 0.0153260
27 0.7740589 0.2738409 0.0242731 0.0164207
25 0.5445671 0.3313131 0.0242732 0.0153259
4 0.4882975 0.2169159 0.0242732 0.0164207
31 0.7740589 0.3882381 0.0242731 0.0153260
12 0.7177893 0.2169159 0.0242732 0.0164207
12 0.4309246 0.3882381 0.0242732 0.0153260
6 0.7177893 0.4440683 0.0242732 0.0153259
21 0.6024917 0.3313131 0.0231698 0.0153259
27 0.7177893 0.3313131 0.0242732 0.0153259
1 0.6598646 0.2169159 0.0231698 0.0164207
16 0.4882975 0.3882381 0.0242732 0.0153260
22 0.5445671 0.4440683 0.0242732 0.0153259
