2 0.8821968 0.3305565 0.0252584 0.0162355
9 0.7019434 0.4999468 0.0252584 0.0151531
32 0.7610711 0.4295930 0.4144680 0.4134639
33 0.9487873 0.2396377 0.0114811 0.0162355
29 0.9407505 0.3305565 0.0252585 0.0162355
2 0.5836880 0.3868395 0.0252584 0.0162355
19 0.7622192 0.3868395 0.0241103 0.0162355
8 0.8821968 0.3868395 0.0252584 0.0162355
24 0.5836880 0.4436637 0.0252584 0.0151531
6 0.8821968 0.4436637 0.0252584 0.0151531
15 0.9407505 0.4436637 0.0252585 0.0151531
21 0.8821968 0.4999468 0.0252584 0.0151531
10 0.6433898 0.5551474 0.0252584 0.0151531
25 0.7019434 0.5551474 0.0252584 0.0151531
14 0.7622192 0.5551474 0.0241103 0.0151531
31 0.8219210 0.5551474 0.0241104 0.0151531
11 0.9407505 0.5551474 0.0252585 0.0151531
34 0.5836880 0.6114305 0.0505169 0.0476241
13 0.5836880 0.6119717 0.0252584 0.0162356
12 0.7019434 0.6119717 0.0252584 0.0162356
20 0.8219210 0.6119717 0.0241104 0.0162356
2 0.8219210 0.4999468 0.0241104 0.0151531
24 0.6433898 0.3868395 0.0252584 0.0162355
9 0.7622192 0.3305565 0.0241103 0.0162355
31 0.8219210 0.3305565 0.0241104 0.0162355
14 0.9407505 0.6119717 0.0252585 0.0162356
11 0.6433898 0.4436637 0.0252584 0.0151531
19 0.8219210 0.3868395 0.0241104 0.0162355
8 0.9407505 0.4999468 0.0252585 0.0151531
17 0.6433898 0.6119717 0.0252584 0.0162356
14 0.8821968 0.5551474 0.0252584 0.0151531
14 0.8821968 0.6119717 0.0252584 0.0162356
24 0.6433898 0.3305565 0.0252584 0.0162355
7 0.8219210 0.4436637 0.0241104 0.0151531
23 0.6433898 0.4999468 0.0252584 0.0151531
9 0.7622192 0.4999468 0.0241103 0.0151531
21 0.7019434 0.3305565 0.0252584 0.0162355
9 0.5836880 0.3305565 0.0252584 0.0162355
26 0.5836880 0.4999468 0.0252584 0.0151531
29 0.7622192 0.4436637 0.0241103 0.0151531
9 0.7019434 0.3868395 0.0252584 0.0162355
19 0.5836880 0.5551474 0.0252584 0.0151531
18 0.7019434 0.4436637 0.0252584 0.0151531
19 0.7622192 0.6119717 0.0241103 0.0162356
18 0.9407505 0.3868395 0.0252585 0.0162355
