15 0.6013419 0.6547021 0.0272849 0.0163709
8 0.6707944 0.4778964 0.0272849 0.0163709
32 0.6007218 0.4527943 0.4973296 0.4834875
33 0.6769955 0.2246930 0.0124023 0.0141881
1 0.3929844 0.3600258 0.0272849 0.0163709
34 0.6013419 0.3605715 0.0644916 0.0589353
2 0.6013419 0.3600258 0.0272849 0.0163709
13 0.4624369 0.4189611 0.0272849 0.0163709
18 0.6013419 0.4189611 0.0272849 0.0163709
7 0.8096994 0.4189611 0.0272849 0.0163709
25 0.4624369 0.4778964 0.0272849 0.0163709
28 0.8096994 0.4778964 0.0272849 0.0163709
4 0.4624369 0.5368316 0.0272849 0.0163709
20 0.5318894 0.5368316 0.0272849 0.0163709
29 0.6707944 0.5368316 0.0272849 0.0163709
11 0.8096994 0.5368316 0.0272849 0.0163709
15 0.4624369 0.5957669 0.0272849 0.0163709
6 0.7402469 0.5957669 0.0272849 0.0163709
8 0.3929844 0.6547021 0.0272849 0.0163709
5 0.5318894 0.6547021 0.0272849 0.0163709
16 0.8096994 0.6547021 0.0272849 0.0163709
5 0.5318894 0.3600258 0.0272849 0.0163709
4 0.7402469 0.5368316 0.0272849 0.0163709
1 0.6013419 0.5957669 0.0272849 0.0163709
17 0.3929844 0.4189611 0.0272849 0.0163709
18 0.4624369 0.6547021 0.0272849 0.0163709
25 0.3929844 0.5957669 0.0272849 0.0163709
17 0.7402469 0.4778964 0.0272849 0.0163709
7 0.7402469 0.4189611 0.0272849 0.0163709
19 0.7402469 0.6547021 0.0272849 0.0163709
21 0.5318894 0.5957669 0.0272849 0.0163709
24 0.6707944 0.3600258 0.0272849 0.0163709
20 0.6013419 0.5368316 0.0272849 0.0163709
29 0.8096994 0.5957669 0.0272849 0.0163709
16 0.4624369 0.3600258 0.0272849 0.0163709
12 0.7402469 0.3600258 0.0272849 0.0163709
7 0.6707944 0.6547021 0.0272849 0.0163709
28 0.5318894 0.4189611 0.0272849 0.0163709
23 0.3929844 0.5368316 0.0272849 0.0163709
12 0.6707944 0.4189611 0.0272849 0.0163709
17 0.3929844 0.4778964 0.0272849 0.0163709
13 0.8096994 0.3600258 0.0272849 0.0163709
25 0.6013419 0.4778964 0.0272849 0.0163709
12 0.5318894 0.4778964 0.0272849 0.0163709
18 0.6707944 0.5957669 0.0272849 0.0163709
