17 0.9145850 0.6745002 0.0251630 0.0158858
19 0.9145850 0.4390499 0.0251630 0.0170205
32 0.7937325 0.5428750 0.4125350 0.4334555
33 0.9809239 0.3437350 0.0114377 0.0170205
30 0.6766796 0.4390499 0.0251630 0.0170205
34 0.8551086 0.4384825 0.0503261 0.0499268
29 0.8545367 0.4390499 0.0240192 0.0170205
29 0.6172032 0.4980543 0.0251630 0.0170205
8 0.7950604 0.4980543 0.0240193 0.0170205
17 0.6766796 0.5576261 0.0251630 0.0158858
31 0.7950604 0.5576261 0.0240193 0.0158858
25 0.9729175 0.5576261 0.0251632 0.0158858
13 0.6766796 0.6166305 0.0251630 0.0158858
18 0.8545367 0.6166305 0.0240192 0.0158858
11 0.7350121 0.6745002 0.0251632 0.0158858
24 0.7950604 0.6745002 0.0240193 0.0158858
19 0.8545367 0.6745002 0.0240192 0.0158858
16 0.6766796 0.7340720 0.0251630 0.0170205
27 0.7950604 0.7340720 0.0240193 0.0170205
15 0.9729175 0.7340720 0.0251632 0.0170205
25 0.9145850 0.5576261 0.0251630 0.0158858
5 0.7350121 0.7340720 0.0251632 0.0170205
30 0.6172032 0.6745002 0.0251630 0.0158858
1 0.6766796 0.6745002 0.0251630 0.0158858
4 0.9729175 0.6166305 0.0251632 0.0158858
6 0.9145850 0.6166305 0.0251630 0.0158858
4 0.6172032 0.4390499 0.0251630 0.0170205
1 0.7350121 0.6166305 0.0251632 0.0158858
8 0.6172032 0.5576261 0.0251630 0.0158858
30 0.8545367 0.4980543 0.0240192 0.0170205
14 0.7350121 0.4980543 0.0251632 0.0170205
10 0.8545367 0.5576261 0.0240192 0.0158858
28 0.6172032 0.7340720 0.0251630 0.0170205
29 0.7350121 0.4390499 0.0251632 0.0170205
20 0.9145850 0.4980543 0.0251630 0.0170205
16 0.9729175 0.4390499 0.0251632 0.0170205
17 0.9145850 0.7340720 0.0251630 0.0170205
23 0.7350121 0.5576261 0.0251632 0.0158858
30 0.7950604 0.4390499 0.0240193 0.0170205
29 0.8545367 0.7340720 0.0240192 0.0170205
27 0.9729175 0.6745002 0.0251632 0.0158858
24 0.6172032 0.6166305 0.0251630 0.0158858
12 0.7950604 0.6166305 0.0240193 0.0158858
7 0.9729175 0.4980543 0.0251632 0.0170205
12 0.6766796 0.4980543 0.0251630 0.0170205
