11 0.3103330 0.5789943 0.0269808 0.0158626
16 0.5850467 0.5218891 0.0269808 0.0158626
32 0.3783982 0.4975665 0.4917867 0.4684740
33 0.4538218 0.2765483 0.0122640 0.0137476
21 0.3103330 0.4076787 0.0269808 0.0158626
7 0.3790114 0.4076787 0.0269808 0.0158626
11 0.5163683 0.4076787 0.0269808 0.0158626
34 0.3103330 0.5224178 0.0637729 0.0571052
24 0.3103330 0.5218891 0.0269808 0.0158626
8 0.4476899 0.5789943 0.0269808 0.0158626
28 0.5850467 0.5789943 0.0269808 0.0158626
18 0.3790114 0.6360994 0.0269808 0.0158626
29 0.5163683 0.6360994 0.0269808 0.0158626
7 0.4476899 0.5218891 0.0269808 0.0158626
17 0.5163683 0.5789943 0.0269808 0.0158626
14 0.3790114 0.5218891 0.0269808 0.0158626
17 0.1729761 0.5218891 0.0269808 0.0158626
17 0.2416545 0.5218891 0.0269808 0.0158626
12 0.1729761 0.5789943 0.0269808 0.0158626
14 0.5850467 0.4647839 0.0269808 0.0158625
25 0.2416545 0.4647839 0.0269808 0.0158625
26 0.3103330 0.4647839 0.0269808 0.0158625
4 0.5850467 0.6360994 0.0269808 0.0158626
18 0.5163683 0.4647839 0.0269808 0.0158625
2 0.2416545 0.4076787 0.0269808 0.0158626
9 0.1729761 0.6360994 0.0269808 0.0158626
19 0.1729761 0.4647839 0.0269808 0.0158625
18 0.5163683 0.5218891 0.0269808 0.0158626
12 0.4476899 0.6360994 0.0269808 0.0158626
1 0.2416545 0.5789943 0.0269808 0.0158626
20 0.2416545 0.6360994 0.0269808 0.0158626
6 0.5850467 0.4076787 0.0269808 0.0158626
23 0.4476899 0.4076787 0.0269808 0.0158626
30 0.3103330 0.6360994 0.0269808 0.0158626
20 0.1729761 0.4076787 0.0269808 0.0158626
16 0.3790114 0.5789943 0.0269808 0.0158626
14 0.4476899 0.4647839 0.0269808 0.0158625
26 0.3790114 0.4647839 0.0269808 0.0158625
