3 0.3819944 0.5354353 0.0269361 0.0174978
3 0.5876886 0.3464593 0.0269361 0.0174978
32 0.5870764 0.3826213 0.4909724 0.5167677
33 0.6623752 0.1388190 0.0122437 0.0151647
3 0.4505592 0.2834673 0.0269361 0.0174978
34 0.7933827 0.3470425 0.0636672 0.0629920
16 0.7933827 0.3464593 0.0269361 0.0174978
7 0.5191238 0.4094513 0.0269361 0.0174978
4 0.5876886 0.4094513 0.0269361 0.0174978
12 0.7933827 0.4094513 0.0269361 0.0174978
25 0.3819944 0.4724433 0.0269361 0.0174978
6 0.4505592 0.4724433 0.0269361 0.0174978
13 0.5876886 0.4724433 0.0269361 0.0174978
23 0.6562534 0.4724433 0.0269361 0.0174978
31 0.7248180 0.4724433 0.0269362 0.0174978
10 0.6562534 0.5354353 0.0269361 0.0174978
5 0.7248180 0.5354353 0.0269362 0.0174978
11 0.7933827 0.5354353 0.0269361 0.0174978
19 0.3819944 0.5984273 0.0269361 0.0174978
29 0.7933827 0.5984273 0.0269361 0.0174978
20 0.5191238 0.5984273 0.0269361 0.0174978
21 0.6562534 0.5984273 0.0269361 0.0174978
8 0.5191238 0.5354353 0.0269361 0.0174978
27 0.5191238 0.2834673 0.0269361 0.0174978
27 0.6562534 0.4094513 0.0269361 0.0174978
25 0.7248180 0.4094513 0.0269362 0.0174978
27 0.6562534 0.3464593 0.0269361 0.0174978
15 0.5191238 0.3464593 0.0269361 0.0174978
23 0.4505592 0.3464593 0.0269361 0.0174978
3 0.7248180 0.2834673 0.0269362 0.0174978
30 0.5876886 0.5984273 0.0269361 0.0174978
31 0.4505592 0.4094513 0.0269361 0.0174978
31 0.7248180 0.3464593 0.0269362 0.0174978
5 0.5876886 0.5354353 0.0269361 0.0174978
20 0.5876886 0.2834673 0.0269361 0.0174978
8 0.5191238 0.4724433 0.0269361 0.0174978
15 0.3819944 0.2834673 0.0269361 0.0174978
4 0.7933827 0.2834673 0.0269361 0.0174978
17 0.6562534 0.2834673 0.0269361 0.0174978
10 0.4505592 0.5984273 0.0269361 0.0174978
10 0.3819944 0.3464593 0.0269361 0.0174978
23 0.7933827 0.4724433 0.0269361 0.0174978
17 0.7248180 0.5984273 0.0269362 0.0174978
11 0.4505592 0.5354353 0.0269361 0.0174978
27 0.3819944 0.4094513 0.0269361 0.0174978
