25 0.2488838 0.3057597 0.0275779 0.0168276
24 0.3190821 0.3663390 0.0275779 0.0168276
32 0.3190821 0.4555251 0.5064305 0.4980963
33 0.3961748 0.2182563 0.0112819 0.0145839
5 0.1084872 0.3057597 0.0275779 0.0168276
19 0.3190821 0.3057597 0.0275779 0.0168276
7 0.1084872 0.3663390 0.0275779 0.0168276
31 0.2488838 0.3663390 0.0275779 0.0168276
34 0.2488838 0.4274792 0.0651841 0.0605793
5 0.2488838 0.4269182 0.0275779 0.0168276
6 0.3190821 0.4269182 0.0275779 0.0168276
9 0.5296769 0.4269182 0.0275779 0.0168276
26 0.1084872 0.4874975 0.0275779 0.0168276
11 0.2488838 0.4874975 0.0275779 0.0168276
2 0.3190821 0.4874975 0.0275779 0.0168276
27 0.4594786 0.4874975 0.0275779 0.0168276
4 0.1786855 0.5480768 0.0275779 0.0168276
21 0.4594786 0.5480768 0.0275779 0.0168276
8 0.3892804 0.6086561 0.0275779 0.0168275
17 0.5296769 0.6086561 0.0275779 0.0168275
9 0.1084872 0.4269182 0.0275779 0.0168276
13 0.4594786 0.3057597 0.0275779 0.0168276
16 0.3892804 0.3057597 0.0275779 0.0168276
12 0.3892804 0.4269182 0.0275779 0.0168276
20 0.1786855 0.4874975 0.0275779 0.0168276
27 0.4594786 0.3663390 0.0275779 0.0168276
30 0.2488838 0.6086561 0.0275779 0.0168275
26 0.1084872 0.5480768 0.0275779 0.0168276
18 0.3190821 0.6086561 0.0275779 0.0168275
10 0.5296769 0.5480768 0.0275779 0.0168276
12 0.1786855 0.3663390 0.0275779 0.0168276
31 0.1084872 0.6086561 0.0275779 0.0168275
1 0.4594786 0.6086561 0.0275779 0.0168275
13 0.3892804 0.4874975 0.0275779 0.0168276
27 0.1786855 0.6086561 0.0275779 0.0168275
17 0.4594786 0.4269182 0.0275779 0.0168276
22 0.1786855 0.3057597 0.0275779 0.0168276
3 0.3892804 0.5480768 0.0275779 0.0168276
26 0.2488838 0.5480768 0.0275779 0.0168276
7 0.3190821 0.5480768 0.0275779 0.0168276
18 0.5296769 0.3663390 0.0275779 0.0168276
8 0.5296769 0.4874975 0.0275779 0.0168276
30 0.5296769 0.3057597 0.0275779 0.0168276
30 0.3892804 0.3663390 0.0275779 0.0168276
24 0.1786855 0.4269182 0.0275779 0.0168276
