12 0.2860048 0.1858235 0.0275983 0.0163860
14 0.4265054 0.2448132 0.0275983 0.0163860
32 0.2853776 0.2786777 0.5030425 0.4839342
33 0.3625275 0.0503657 0.0125447 0.0142012
14 0.3562551 0.1858235 0.0275983 0.0163860
13 0.2860048 0.2448132 0.0275983 0.0163860
6 0.3562551 0.2448132 0.0275983 0.0163860
17 0.4967558 0.2448132 0.0275983 0.0163860
28 0.2157545 0.3038030 0.0275983 0.0163860
20 0.4265054 0.3038030 0.0275983 0.0163860
8 0.2860048 0.3627927 0.0275983 0.0163860
34 0.4967558 0.4223286 0.0652324 0.0589897
31 0.4967558 0.4217824 0.0275983 0.0163860
25 0.2860048 0.4217824 0.0275983 0.0163860
24 0.4967558 0.3038030 0.0275983 0.0163860
4 0.2157545 0.3627927 0.0275983 0.0163860
10 0.1455042 0.3627927 0.0275983 0.0163860
21 0.2157545 0.1858235 0.0275983 0.0163860
28 0.4265054 0.4217824 0.0275983 0.0163860
15 0.1455042 0.3038030 0.0275983 0.0163860
17 0.1455042 0.2448132 0.0275983 0.0163860
3 0.0752538 0.2448132 0.0275983 0.0163860
20 0.0752538 0.3038030 0.0275983 0.0163860
23 0.0752538 0.1858235 0.0275983 0.0163860
6 0.3562551 0.4217824 0.0275983 0.0163860
18 0.4967558 0.3627927 0.0275983 0.0163860
29 0.0752538 0.3627927 0.0275983 0.0163860
7 0.3562551 0.3627927 0.0275983 0.0163860
31 0.2157545 0.2448132 0.0275983 0.0163860
30 0.2860048 0.3038030 0.0275983 0.0163860
6 0.3562551 0.3038030 0.0275983 0.0163860
16 0.2157545 0.4217824 0.0275983 0.0163860
20 0.1455042 0.1858235 0.0275983 0.0163860
31 0.4265054 0.3627927 0.0275983 0.0163860
10 0.4967558 0.1858235 0.0275983 0.0163860
27 0.4265054 0.1858235 0.0275983 0.0163860
23 0.0752538 0.4217824 0.0275983 0.0163860
3 0.1455042 0.4217824 0.0275983 0.0163860
