6 0.7508763 0.7246143 0.0262844 0.0171069
20 0.7508763 0.4166890 0.0262844 0.0171070
32 0.6164673 0.5535447 0.4790938 0.4961019
33 0.6905416 0.3180389 0.0107527 0.0136856
10 0.4832529 0.5398591 0.0262844 0.0171069
28 0.6170646 0.5398591 0.0262844 0.0171069
17 0.6839705 0.5398591 0.0262845 0.0171069
34 0.8177822 0.5404293 0.0621269 0.0615851
7 0.8177823 0.5398591 0.0262844 0.0171069
20 0.4163470 0.6014442 0.0262844 0.0171071
15 0.4832529 0.6014442 0.0262844 0.0171071
3 0.6839705 0.6014442 0.0262845 0.0171071
24 0.7508763 0.6014442 0.0262844 0.0171071
26 0.8177823 0.6014442 0.0262844 0.0171071
5 0.4832529 0.6630292 0.0262844 0.0171069
2 0.6170646 0.6630292 0.0262844 0.0171069
19 0.6839705 0.6630292 0.0262845 0.0171069
23 0.4832529 0.7246143 0.0262844 0.0171069
31 0.5501588 0.7246143 0.0262844 0.0171069
16 0.8177823 0.7246143 0.0262844 0.0171069
28 0.5501588 0.4166890 0.0262844 0.0171070
21 0.8177823 0.4782741 0.0262844 0.0171070
30 0.8177823 0.4166890 0.0262844 0.0171070
7 0.6839705 0.4782741 0.0262845 0.0171070
24 0.5501588 0.6630292 0.0262844 0.0171069
3 0.4163470 0.4166890 0.0262844 0.0171070
20 0.8177823 0.6630292 0.0262844 0.0171069
4 0.5501588 0.5398591 0.0262844 0.0171069
20 0.5501588 0.4782741 0.0262844 0.0171070
21 0.4832529 0.4166890 0.0262844 0.0171070
7 0.4832529 0.4782741 0.0262844 0.0171070
2 0.5501588 0.6014442 0.0262844 0.0171071
16 0.4163470 0.7246143 0.0262844 0.0171069
3 0.4163470 0.5398591 0.0262844 0.0171069
25 0.6170646 0.4782741 0.0262844 0.0171070
6 0.6170646 0.7246143 0.0262844 0.0171069
27 0.6839705 0.7246143 0.0262845 0.0171069
17 0.4163470 0.4782741 0.0262844 0.0171070
5 0.4163470 0.6630292 0.0262844 0.0171069
3 0.7508763 0.6630292 0.0262844 0.0171069
15 0.6839705 0.4166890 0.0262845 0.0171070
29 0.6170646 0.4166890 0.0262844 0.0171070
21 0.6170646 0.6014442 0.0262844 0.0171071
21 0.7508763 0.5398591 0.0262844 0.0171069
18 0.7508763 0.4782741 0.0262844 0.0171070
