18 0.0668559 0.4927777 0.0288522 0.0164011
22 0.3606237 0.5518217 0.0288522 0.0164011
32 0.2871817 0.5797036 0.5298311 0.4854724
33 0.3678368 0.3484481 0.0118032 0.0142143
28 0.4340656 0.4337338 0.0288522 0.0164011
15 0.3606237 0.4927777 0.0288522 0.0164011
24 0.2871817 0.5518217 0.0288522 0.0164011
16 0.0668559 0.6108656 0.0288522 0.0164011
20 0.3606237 0.6108656 0.0288522 0.0164011
2 0.4340656 0.6108656 0.0288522 0.0164011
23 0.1402979 0.6699095 0.0288522 0.0164011
34 0.4340656 0.6704563 0.0681961 0.0590441
14 0.4340656 0.6699095 0.0288522 0.0164011
12 0.3606237 0.6699095 0.0288522 0.0164011
2 0.4340656 0.5518217 0.0288522 0.0164011
26 0.3606237 0.4337338 0.0288522 0.0164011
16 0.1402979 0.4337338 0.0288522 0.0164011
14 0.2137398 0.6699095 0.0288522 0.0164011
11 0.2137398 0.6108656 0.0288522 0.0164011
23 0.5075076 0.6699095 0.0288522 0.0164011
13 0.1402979 0.5518217 0.0288522 0.0164011
29 0.0668559 0.6699095 0.0288522 0.0164011
9 0.5075076 0.6108656 0.0288522 0.0164011
17 0.1402979 0.4927777 0.0288522 0.0164011
31 0.1402979 0.6108656 0.0288522 0.0164011
23 0.2871817 0.6699095 0.0288522 0.0164011
24 0.2137398 0.5518217 0.0288522 0.0164011
21 0.5075076 0.5518217 0.0288522 0.0164011
19 0.2871817 0.6108656 0.0288522 0.0164011
27 0.0668559 0.4337338 0.0288522 0.0164011
5 0.2137398 0.4337338 0.0288522 0.0164011
8 0.5075076 0.4337338 0.0288522 0.0164011
5 0.2871817 0.4927777 0.0288522 0.0164011
1 0.4340656 0.4927777 0.0288522 0.0164011
15 0.5075076 0.4927777 0.0288522 0.0164011
23 0.0668559 0.5518217 0.0288522 0.0164011
15 0.2871817 0.4337338 0.0288522 0.0164011
6 0.2137398 0.4927777 0.0288522 0.0164011
