11 0.4733253 0.3083706 0.0262378 0.0162950
28 0.7404733 0.4256948 0.0262377 0.0162950
32 0.5395161 0.4007091 0.4782426 0.4812466
33 0.6128625 0.1736650 0.0119263 0.0141224
10 0.4065384 0.3083706 0.0262377 0.0162950
34 0.3397514 0.3675759 0.0620165 0.0586621
27 0.3397514 0.3670327 0.0262378 0.0162950
18 0.5401123 0.3670327 0.0262377 0.0162950
23 0.4065384 0.4256948 0.0262377 0.0162950
22 0.6068993 0.4256948 0.0262378 0.0162950
24 0.6736864 0.4256948 0.0262377 0.0162950
31 0.6068993 0.4843569 0.0262378 0.0162950
3 0.7404733 0.4843569 0.0262377 0.0162950
22 0.5401123 0.4256948 0.0262377 0.0162950
23 0.7404733 0.5430190 0.0262377 0.0162950
5 0.3397514 0.4843569 0.0262378 0.0162950
7 0.4065384 0.5430190 0.0262377 0.0162950
21 0.4065384 0.4843569 0.0262377 0.0162950
10 0.4065384 0.3670327 0.0262377 0.0162950
12 0.4733253 0.4843569 0.0262378 0.0162950
9 0.6736864 0.5430190 0.0262377 0.0162950
23 0.7404733 0.3083706 0.0262377 0.0162950
25 0.6068993 0.3670327 0.0262378 0.0162950
14 0.3397514 0.4256948 0.0262378 0.0162950
26 0.6068993 0.3083706 0.0262378 0.0162950
19 0.6736864 0.3083706 0.0262377 0.0162950
3 0.3397514 0.3083706 0.0262378 0.0162950
14 0.6068993 0.5430190 0.0262378 0.0162950
9 0.6736864 0.3670327 0.0262377 0.0162950
7 0.5401123 0.4843569 0.0262377 0.0162950
21 0.4733253 0.5430190 0.0262378 0.0162950
3 0.3397514 0.5430190 0.0262378 0.0162950
22 0.6736864 0.4843569 0.0262377 0.0162950
22 0.5401123 0.3083706 0.0262377 0.0162950
10 0.4733253 0.3670327 0.0262378 0.0162950
3 0.5401123 0.5430190 0.0262377 0.0162950
8 0.4733253 0.4256948 0.0262378 0.0162950
13 0.7404733 0.3670327 0.0262377 0.0162950
