27 0.7053109 0.6288026 0.0255025 0.0152157
21 0.6461915 0.5722875 0.0255025 0.0152156
32 0.7650098 0.5581586 0.4184723 0.4151690
33 0.9545395 0.3674200 0.0115920 0.0163025
16 0.6461915 0.4587137 0.0255025 0.0163025
21 0.7053109 0.4587137 0.0255025 0.0163025
31 0.7661690 0.4587137 0.0243433 0.0163025
9 0.8264476 0.4587137 0.0243433 0.0163025
25 0.7661690 0.5152289 0.0243433 0.0163025
34 0.7655894 0.5722875 0.0510049 0.0478204
20 0.7661690 0.5722875 0.0243433 0.0152156
4 0.8873058 0.5722875 0.0255025 0.0152156
29 0.9464251 0.5722875 0.0255025 0.0152156
12 0.8264476 0.6288026 0.0243433 0.0152157
3 0.5859130 0.6842310 0.0255025 0.0152157
24 0.7661690 0.6842310 0.0243433 0.0152157
23 0.5859130 0.7412895 0.0255025 0.0163025
17 0.7661690 0.7412895 0.0243433 0.0163025
15 0.8873058 0.7412895 0.0255025 0.0163025
1 0.9464251 0.7412895 0.0255025 0.0163025
1 0.5859130 0.5722875 0.0255025 0.0152156
26 0.5859130 0.5152289 0.0255025 0.0163025
3 0.8873058 0.6288026 0.0255025 0.0152157
22 0.7661690 0.6288026 0.0243433 0.0152157
24 0.7053109 0.5152289 0.0255025 0.0163025
5 0.8873058 0.5152289 0.0255025 0.0163025
5 0.8873058 0.4587137 0.0255025 0.0163025
4 0.5859130 0.4587137 0.0255025 0.0163025
15 0.6461915 0.7412895 0.0255025 0.0163025
28 0.8873058 0.6842310 0.0255025 0.0152157
19 0.9464251 0.6288026 0.0255025 0.0152157
19 0.6461915 0.6842310 0.0255025 0.0152157
26 0.7053109 0.6842310 0.0255025 0.0152157
16 0.8264476 0.5722875 0.0243433 0.0152156
26 0.8264476 0.6842310 0.0243433 0.0152157
9 0.9464251 0.6842310 0.0255025 0.0152157
4 0.6461915 0.6288026 0.0255025 0.0152157
31 0.8264476 0.5152289 0.0243433 0.0163025
27 0.9464251 0.5152289 0.0255025 0.0163025
20 0.7053109 0.7412895 0.0255025 0.0163025
14 0.5859130 0.6288026 0.0255025 0.0152157
28 0.9464251 0.4587137 0.0255025 0.0163025
5 0.7053109 0.5722875 0.0255025 0.0152156
11 0.6461915 0.5152289 0.0255025 0.0163025
7 0.8264476 0.7412895 0.0243433 0.0163025
