14 0.4477874 0.4758342 0.0268056 0.0166825
5 0.3113226 0.6560055 0.0268056 0.0166825
32 0.3107134 0.5492373 0.4885924 0.4837933
33 0.3862564 0.3195745 0.0109659 0.0133460
34 0.3113226 0.4163332 0.0633586 0.0600571
12 0.3113226 0.4157771 0.0268056 0.0166825
11 0.4477874 0.4157771 0.0268056 0.0166825
8 0.3795550 0.4758342 0.0268056 0.0166825
21 0.1748579 0.5358913 0.0268056 0.0166825
18 0.3113226 0.5358913 0.0268056 0.0166825
19 0.4477874 0.5358913 0.0268056 0.0166825
30 0.3795550 0.5959484 0.0268056 0.0166825
3 0.2430903 0.6560055 0.0268056 0.0166825
27 0.1066256 0.4758342 0.0268056 0.0166825
13 0.2430903 0.4758342 0.0268056 0.0166825
28 0.1748579 0.4758342 0.0268056 0.0166825
28 0.2430903 0.5959484 0.0268056 0.0166825
24 0.5160197 0.4157771 0.0268056 0.0166825
20 0.5160197 0.5959484 0.0268056 0.0166825
19 0.1748579 0.6560055 0.0268056 0.0166825
7 0.3113226 0.5959484 0.0268056 0.0166825
17 0.3795550 0.5358913 0.0268056 0.0166825
29 0.1066256 0.6560055 0.0268056 0.0166825
14 0.5160197 0.6560055 0.0268056 0.0166825
13 0.4477874 0.5959484 0.0268056 0.0166825
15 0.2430903 0.4157771 0.0268056 0.0166825
5 0.3113226 0.4758342 0.0268056 0.0166825
30 0.5160197 0.4758342 0.0268056 0.0166825
15 0.3795550 0.4157771 0.0268056 0.0166825
13 0.1066256 0.5959484 0.0268056 0.0166825
16 0.5160197 0.5358913 0.0268056 0.0166825
14 0.1748579 0.5959484 0.0268056 0.0166825
13 0.1748579 0.4157771 0.0268056 0.0166825
5 0.3795550 0.6560055 0.0268056 0.0166825
20 0.4477874 0.6560055 0.0268056 0.0166825
31 0.1066256 0.4157771 0.0268056 0.0166825
17 0.2430903 0.5358913 0.0268056 0.0166825
24 0.1066256 0.5358913 0.0268056 0.0166825
