3 0.7039617 0.2377970 0.0276758 0.0169289
27 0.6335144 0.3596853 0.0276757 0.0169289
32 0.5630670 0.3884645 0.5082272 0.5010965
33 0.6404333 0.1497665 0.0113219 0.0146717
19 0.4221724 0.2377970 0.0276757 0.0169289
28 0.5630670 0.2377970 0.0276757 0.0169289
20 0.6335144 0.2377970 0.0276757 0.0169289
12 0.7744090 0.2377970 0.0276757 0.0169289
4 0.5630670 0.2987411 0.0276757 0.0169289
3 0.7039617 0.2987411 0.0276758 0.0169289
2 0.7744090 0.2987411 0.0276757 0.0169289
5 0.4221724 0.3596853 0.0276757 0.0169289
31 0.5630670 0.3596853 0.0276757 0.0169289
16 0.7039617 0.3596853 0.0276758 0.0169289
27 0.4221724 0.4206294 0.0276757 0.0169289
14 0.5630670 0.4206294 0.0276757 0.0169289
34 0.7039617 0.4821379 0.0654153 0.0609441
15 0.7039617 0.4815736 0.0276758 0.0169290
6 0.4926197 0.5425178 0.0276758 0.0169289
10 0.7744090 0.5425178 0.0276757 0.0169289
27 0.5630670 0.4815736 0.0276757 0.0169290
15 0.4926197 0.2987411 0.0276758 0.0169289
25 0.4926197 0.4815736 0.0276758 0.0169290
6 0.5630670 0.5425178 0.0276757 0.0169289
23 0.7744090 0.3596853 0.0276757 0.0169289
7 0.6335144 0.4206294 0.0276757 0.0169289
7 0.3517250 0.2377970 0.0276757 0.0169289
15 0.7039617 0.5425178 0.0276758 0.0169289
10 0.7744090 0.4815736 0.0276757 0.0169290
2 0.6335144 0.4815736 0.0276757 0.0169290
30 0.4221724 0.5425178 0.0276757 0.0169289
22 0.6335144 0.5425178 0.0276757 0.0169289
31 0.4221724 0.2987411 0.0276757 0.0169289
17 0.3517250 0.5425178 0.0276757 0.0169289
17 0.4926197 0.3596853 0.0276758 0.0169289
20 0.6335144 0.2987411 0.0276757 0.0169289
10 0.4926197 0.2377970 0.0276758 0.0169289
23 0.3517250 0.3596853 0.0276757 0.0169289
5 0.7039617 0.4206294 0.0276758 0.0169289
13 0.3517250 0.4206294 0.0276757 0.0169289
11 0.7744090 0.4206294 0.0276757 0.0169289
25 0.3517250 0.4815736 0.0276757 0.0169290
11 0.4926197 0.4206294 0.0276758 0.0169289
16 0.4221724 0.4815736 0.0276757 0.0169290
17 0.3517250 0.2987411 0.0276757 0.0169289
