5 0.4117663 0.3946613 0.0277704 0.0162473
10 0.4117663 0.5116414 0.0277704 0.0162472
32 0.4818235 0.4282389 0.5061790 0.4798351
33 0.5594544 0.2018607 0.0126230 0.0140809
16 0.4824546 0.3361712 0.0277704 0.0162473
1 0.6238313 0.3361712 0.0277705 0.0162473
6 0.2703896 0.3946613 0.0277704 0.0162473
34 0.4824546 0.3952028 0.0656392 0.0584901
24 0.4824546 0.3946613 0.0277704 0.0162473
8 0.6945197 0.3946613 0.0277704 0.0162473
22 0.3410780 0.4531513 0.0277704 0.0162473
24 0.4117663 0.4531513 0.0277704 0.0162473
7 0.5531430 0.4531513 0.0277705 0.0162473
28 0.6238313 0.4531513 0.0277705 0.0162473
2 0.3410780 0.5116414 0.0277704 0.0162472
20 0.5531430 0.5701314 0.0277705 0.0162472
29 0.6945197 0.5701314 0.0277704 0.0162472
26 0.4117663 0.6286216 0.0277704 0.0162472
21 0.5531430 0.6286216 0.0277705 0.0162472
31 0.6945197 0.6286216 0.0277704 0.0162472
12 0.6945197 0.5116414 0.0277704 0.0162472
5 0.6238313 0.5116414 0.0277705 0.0162472
17 0.4824546 0.6286216 0.0277704 0.0162472
18 0.6945197 0.3361712 0.0277704 0.0162473
11 0.2703896 0.3361712 0.0277704 0.0162473
15 0.4824546 0.5116414 0.0277704 0.0162472
3 0.2703896 0.5116414 0.0277704 0.0162472
10 0.2703896 0.5701314 0.0277704 0.0162472
17 0.4117663 0.3361712 0.0277704 0.0162473
2 0.3410780 0.3946613 0.0277704 0.0162473
20 0.5531430 0.5116414 0.0277705 0.0162472
2 0.5531430 0.3946613 0.0277705 0.0162473
1 0.6238313 0.3946613 0.0277705 0.0162473
8 0.5531430 0.3361712 0.0277705 0.0162473
12 0.4824546 0.5701314 0.0277704 0.0162472
12 0.6238313 0.5701314 0.0277705 0.0162472
21 0.3410780 0.3361712 0.0277704 0.0162473
22 0.4117663 0.5701314 0.0277704 0.0162472
11 0.4824546 0.4531513 0.0277704 0.0162473
22 0.6945197 0.4531513 0.0277704 0.0162473
17 0.6238313 0.6286216 0.0277705 0.0162472
17 0.3410780 0.5701314 0.0277704 0.0162472
9 0.2703896 0.6286216 0.0277704 0.0162472
30 0.2703896 0.4531513 0.0277704 0.0162473
16 0.3410780 0.6286216 0.0277704 0.0162472
