30 0.7620081 0.4425593 0.0228176 0.0149471
11 0.9309667 0.5530612 0.0239041 0.0160147
32 0.7609215 0.3731620 0.3922447 0.4078426
33 0.9385725 0.1857893 0.0108656 0.0160147
26 0.7049641 0.2754720 0.0239041 0.0160148
15 0.8755526 0.2754720 0.0239041 0.0160148
27 0.9309667 0.2754720 0.0239041 0.0160148
24 0.6495501 0.3309898 0.0239041 0.0160147
1 0.7049641 0.3309898 0.0239041 0.0160147
3 0.8755526 0.3309898 0.0239041 0.0160147
29 0.7620081 0.3870414 0.0228176 0.0149471
21 0.9309667 0.3870414 0.0239041 0.0149471
19 0.7049641 0.4425593 0.0239041 0.0149471
31 0.9309667 0.4425593 0.0239041 0.0149471
25 0.5930495 0.4970095 0.0239041 0.0149471
30 0.7049641 0.4970095 0.0239041 0.0149471
7 0.7620081 0.4970095 0.0228176 0.0149471
34 0.5930495 0.5525273 0.0478082 0.0469766
23 0.5930495 0.5530612 0.0239041 0.0160147
17 0.8185086 0.5530612 0.0228175 0.0160147
3 0.8755526 0.5530612 0.0239041 0.0160147
29 0.8185086 0.2754720 0.0228175 0.0160148
11 0.5930495 0.3870414 0.0239041 0.0149471
17 0.5930495 0.2754720 0.0239041 0.0160148
2 0.8185086 0.3870414 0.0228175 0.0149471
7 0.7620081 0.5530612 0.0228176 0.0160147
18 0.6495501 0.4425593 0.0239041 0.0149471
30 0.8755526 0.4970095 0.0239041 0.0149471
9 0.8185086 0.4425593 0.0228175 0.0149471
2 0.7049641 0.5530612 0.0239041 0.0160147
28 0.5930495 0.4425593 0.0239041 0.0149471
31 0.6495501 0.5530612 0.0239041 0.0160147
7 0.7620081 0.2754720 0.0228176 0.0160148
24 0.8185086 0.3309898 0.0228175 0.0160147
20 0.7049641 0.3870414 0.0239041 0.0149471
17 0.6495501 0.3870414 0.0239041 0.0149471
10 0.9309667 0.3309898 0.0239041 0.0160147
27 0.7620081 0.3309898 0.0228176 0.0160147
6 0.6495501 0.4970095 0.0239041 0.0149471
7 0.8185086 0.4970095 0.0228175 0.0149471
10 0.6495501 0.2754720 0.0239041 0.0160148
25 0.8755526 0.4425593 0.0239041 0.0149471
19 0.8755526 0.3870414 0.0239041 0.0149471
19 0.9309667 0.4970095 0.0239041 0.0149471
3 0.5930495 0.3309898 0.0239041 0.0160147
