28 0.4756750 0.6602498 0.0252478 0.0152035
25 0.4159984 0.4913824 0.0252478 0.0162895
32 0.5933069 0.5342780 0.4142936 0.4148383
33 0.7809439 0.3436913 0.0114762 0.0162894
5 0.4159984 0.4349123 0.0252478 0.0162895
26 0.5944545 0.4349123 0.0241002 0.0162895
12 0.7729106 0.4349123 0.0252478 0.0162895
19 0.4756750 0.4913824 0.0252478 0.0162895
9 0.7143816 0.4913824 0.0252478 0.0162895
34 0.7729106 0.4913824 0.0504956 0.0488684
5 0.7729106 0.4913824 0.0252478 0.0162895
3 0.5342040 0.5483955 0.0252478 0.0152035
2 0.6541311 0.5483955 0.0241001 0.0152035
17 0.5342040 0.6048657 0.0252478 0.0152036
14 0.7729106 0.6048657 0.0252478 0.0152036
31 0.5342040 0.6602498 0.0252478 0.0152035
8 0.5944545 0.6602498 0.0241002 0.0152035
20 0.7143816 0.6602498 0.0252478 0.0152035
21 0.5944545 0.7172630 0.0241002 0.0162895
30 0.6541311 0.7172630 0.0241001 0.0162895
15 0.7143816 0.5483955 0.0252478 0.0152035
11 0.5944545 0.6048657 0.0241002 0.0152036
24 0.5944545 0.4913824 0.0241002 0.0162895
20 0.7729106 0.7172630 0.0252478 0.0162895
25 0.5342040 0.4913824 0.0252478 0.0162895
31 0.4756750 0.4349123 0.0252478 0.0162895
25 0.4756750 0.5483955 0.0252478 0.0152035
17 0.7729106 0.5483955 0.0252478 0.0152035
25 0.7143816 0.6048657 0.0252478 0.0152036
14 0.4159984 0.6602498 0.0252478 0.0152035
5 0.4756750 0.7172630 0.0252478 0.0162895
19 0.5342040 0.4349123 0.0252478 0.0162895
14 0.5944545 0.5483955 0.0241002 0.0152035
11 0.5342040 0.7172630 0.0252478 0.0162895
19 0.6541311 0.6602498 0.0241001 0.0152035
20 0.4159984 0.6048657 0.0252478 0.0152036
14 0.6541311 0.4349123 0.0241001 0.0162895
3 0.7143816 0.7172630 0.0252478 0.0162895
13 0.6541311 0.4913824 0.0241001 0.0162895
6 0.4159984 0.5483955 0.0252478 0.0152035
3 0.4159984 0.7172630 0.0252478 0.0162895
26 0.7143816 0.4349123 0.0252478 0.0162895
19 0.7729106 0.6602498 0.0252478 0.0152035
3 0.4756750 0.6048657 0.0252478 0.0152036
25 0.6541311 0.6048657 0.0241001 0.0152036
