9 0.7723523 0.4668688 0.0288026 0.0158702
30 0.4790900 0.5240013 0.0288026 0.0158701
32 0.5530602 0.4044463 0.5302286 0.4665819
33 0.6309579 0.1970765 0.0104737 0.0116381
20 0.3324589 0.2954713 0.0288025 0.0158701
30 0.3324589 0.3520748 0.0288025 0.0148121
7 0.4790900 0.3520748 0.0288026 0.0148121
13 0.6257211 0.4097363 0.0288025 0.0158702
18 0.7723523 0.4097363 0.0288026 0.0158702
34 0.6257211 0.4663398 0.0680788 0.0571325
19 0.6257211 0.4668688 0.0288025 0.0158702
26 0.6990367 0.4668688 0.0288025 0.0158702
3 0.6257211 0.5240013 0.0288025 0.0158701
11 0.7723523 0.2954713 0.0288026 0.0158701
18 0.6990367 0.3520748 0.0288025 0.0148121
5 0.6990367 0.2954713 0.0288025 0.0158701
19 0.4057745 0.4668688 0.0288025 0.0158702
10 0.4057745 0.2954713 0.0288025 0.0158701
11 0.4057745 0.5240013 0.0288025 0.0158701
8 0.5524056 0.4097363 0.0288026 0.0158702
16 0.6257211 0.3520748 0.0288025 0.0148121
11 0.6990367 0.4097363 0.0288025 0.0158702
9 0.3324589 0.5240013 0.0288025 0.0158701
18 0.5524056 0.3520748 0.0288026 0.0148121
15 0.6257211 0.2954713 0.0288025 0.0158701
1 0.5524056 0.2954713 0.0288026 0.0158701
18 0.5524056 0.4668688 0.0288026 0.0158702
5 0.5524056 0.5240013 0.0288026 0.0158701
29 0.4790900 0.4668688 0.0288026 0.0158702
7 0.7723523 0.3520748 0.0288026 0.0148121
31 0.4057745 0.3520748 0.0288025 0.0148121
20 0.6990367 0.5240013 0.0288025 0.0158701
2 0.7723523 0.5240013 0.0288026 0.0158701
30 0.4057745 0.4097363 0.0288025 0.0158702
18 0.4790900 0.2954713 0.0288026 0.0158701
26 0.3324589 0.4097363 0.0288025 0.0158702
11 0.4790900 0.4097363 0.0288026 0.0158702
14 0.3324589 0.4668688 0.0288025 0.0158702
