2 0.5200001 0.4735206 0.0280974 0.0168654
26 0.3769589 0.4735206 0.0280974 0.0168654
32 0.5193616 0.4262973 0.5121386 0.4890988
33 0.5985451 0.1941159 0.0114944 0.0134924
24 0.4484795 0.2913735 0.0280974 0.0168655
5 0.5200001 0.2913735 0.0280974 0.0168655
29 0.5915207 0.2913735 0.0280974 0.0168655
6 0.6630413 0.2913735 0.0280974 0.0168655
8 0.7345619 0.2913735 0.0280974 0.0168655
30 0.3054383 0.3520892 0.0280974 0.0168655
3 0.5200001 0.3520892 0.0280974 0.0168655
10 0.6630413 0.3520892 0.0280974 0.0168655
19 0.3769589 0.4128049 0.0280974 0.0168655
21 0.3054383 0.4735206 0.0280974 0.0168654
7 0.5915207 0.4735206 0.0280974 0.0168654
34 0.3769589 0.5347985 0.0664120 0.0607157
6 0.3769589 0.5342363 0.0280974 0.0168655
26 0.5200001 0.5342363 0.0280974 0.0168655
22 0.6630413 0.5342363 0.0280974 0.0168655
27 0.7345619 0.5342363 0.0280974 0.0168655
25 0.6630413 0.4128049 0.0280974 0.0168655
20 0.3769589 0.2913735 0.0280974 0.0168655
4 0.3054383 0.5342363 0.0280974 0.0168655
26 0.6630413 0.4735206 0.0280974 0.0168654
14 0.5915207 0.5342363 0.0280974 0.0168655
19 0.7345619 0.5949521 0.0280974 0.0168655
23 0.3054383 0.4128049 0.0280974 0.0168655
14 0.3769589 0.5949521 0.0280974 0.0168655
29 0.3054383 0.2913735 0.0280974 0.0168655
13 0.4484795 0.4735206 0.0280974 0.0168654
24 0.3054383 0.5949521 0.0280974 0.0168655
4 0.5200001 0.4128049 0.0280974 0.0168655
15 0.5915207 0.5949521 0.0280974 0.0168655
24 0.4484795 0.4128049 0.0280974 0.0168655
1 0.7345619 0.4128049 0.0280974 0.0168655
16 0.5915207 0.3520892 0.0280974 0.0168655
28 0.4484795 0.5949521 0.0280974 0.0168655
21 0.7345619 0.3520892 0.0280974 0.0168655
20 0.5200001 0.5949521 0.0280974 0.0168655
4 0.7345619 0.4735206 0.0280974 0.0168654
19 0.3769589 0.3520892 0.0280974 0.0168655
19 0.4484795 0.3520892 0.0280974 0.0168655
3 0.5915207 0.4128049 0.0280974 0.0168655
15 0.6630413 0.5949521 0.0280974 0.0168655
30 0.4484795 0.5342363 0.0280974 0.0168655
