13 0.2876796 0.4080069 0.0277844 0.0169608
24 0.1462316 0.5911834 0.0277844 0.0169608
32 0.2883111 0.5244710 0.5114862 0.4986471
33 0.3634554 0.3028500 0.0101034 0.0124379
5 0.0755076 0.4080069 0.0277844 0.0169608
9 0.3584036 0.4685004 0.0277845 0.0158301
34 0.1462316 0.5295592 0.0656723 0.0610589
10 0.1462316 0.5301245 0.0277844 0.0169608
25 0.3584036 0.5301245 0.0277845 0.0169608
20 0.3584036 0.5911834 0.0277845 0.0169608
1 0.4998517 0.5911834 0.0277845 0.0169608
8 0.1462316 0.6522422 0.0277844 0.0169608
3 0.4291277 0.6522422 0.0277844 0.0169608
7 0.4998517 0.4685004 0.0277845 0.0158301
17 0.2876796 0.6522422 0.0277844 0.0169608
2 0.2169556 0.4080069 0.0277844 0.0169608
15 0.2169556 0.5301245 0.0277844 0.0169608
28 0.3584036 0.4080069 0.0277845 0.0169608
20 0.2169556 0.5911834 0.0277844 0.0169608
14 0.0755076 0.5301245 0.0277844 0.0169608
16 0.1462316 0.4080069 0.0277844 0.0169608
17 0.4998517 0.5301245 0.0277845 0.0169608
31 0.2169556 0.4685004 0.0277844 0.0158301
25 0.1462316 0.4685004 0.0277844 0.0158301
21 0.2876796 0.4685004 0.0277844 0.0158301
18 0.2876796 0.5301245 0.0277844 0.0169608
17 0.4998517 0.6522422 0.0277845 0.0169608
14 0.2876796 0.5911834 0.0277844 0.0169608
10 0.4291277 0.5301245 0.0277844 0.0169608
4 0.2169556 0.6522422 0.0277844 0.0169608
10 0.4291277 0.4080069 0.0277844 0.0169608
31 0.0755076 0.6522422 0.0277844 0.0169608
10 0.4998517 0.4080069 0.0277845 0.0169608
8 0.4291277 0.5911834 0.0277844 0.0169608
13 0.0755076 0.4685004 0.0277844 0.0158301
9 0.0755076 0.5911834 0.0277844 0.0169608
9 0.4291277 0.4685004 0.0277844 0.0158301
30 0.3584036 0.6522422 0.0277845 0.0169608
