16 0.7263921 0.2503294 0.0242213 0.0151079
24 0.6735457 0.3933150 0.0242213 0.0161871
32 0.5728071 0.2400776 0.4106609 0.4046764
33 0.7473105 0.0825236 0.0088077 0.0118705
24 0.4676647 0.1564444 0.0242213 0.0151079
1 0.5188597 0.1564444 0.0231203 0.0151079
10 0.5706052 0.1564444 0.0231203 0.0151079
13 0.6735457 0.1564444 0.0242213 0.0151079
9 0.5706052 0.2028473 0.0231203 0.0151079
4 0.7263921 0.2028473 0.0242213 0.0151079
11 0.4148183 0.2503294 0.0242213 0.0151079
6 0.5188597 0.2978114 0.0231203 0.0151079
16 0.5706052 0.2978114 0.0231203 0.0151079
28 0.6735457 0.2978114 0.0242213 0.0151079
18 0.7263921 0.2978114 0.0242213 0.0151079
15 0.4148183 0.3458330 0.0242213 0.0161871
35 0.5194102 0.3458330 0.0440387 0.0420864
12 0.5188597 0.3458330 0.0231203 0.0161871
7 0.4676647 0.3933150 0.0242213 0.0161871
21 0.5188597 0.3933150 0.0231203 0.0161871
30 0.5188597 0.2028473 0.0231203 0.0151079
30 0.6218002 0.2028473 0.0242213 0.0151079
5 0.6218002 0.3458330 0.0242213 0.0161871
20 0.6735457 0.2028473 0.0242213 0.0151079
11 0.6218002 0.3933150 0.0242213 0.0161871
21 0.7263921 0.3933150 0.0242213 0.0161871
3 0.6218002 0.1564444 0.0242213 0.0151079
31 0.5706052 0.2503294 0.0231203 0.0151079
4 0.4148183 0.3933150 0.0242213 0.0161871
11 0.4676647 0.2978114 0.0242213 0.0151079
21 0.6218002 0.2503294 0.0242213 0.0151079
11 0.4676647 0.2503294 0.0242213 0.0151079
1 0.5706052 0.3933150 0.0231203 0.0161871
30 0.4676647 0.2028473 0.0242213 0.0151079
21 0.4148183 0.1564444 0.0242213 0.0151079
22 0.7263921 0.1564444 0.0242213 0.0151079
14 0.5188597 0.2503294 0.0231203 0.0151079
14 0.4148183 0.2978114 0.0242213 0.0151079
26 0.4676647 0.3458330 0.0242213 0.0161871
18 0.6218002 0.2978114 0.0242213 0.0151079
7 0.4148183 0.2028473 0.0242213 0.0151079
22 0.7263921 0.3458330 0.0242213 0.0161871
4 0.6735457 0.2503294 0.0242213 0.0151079
9 0.6735457 0.3458330 0.0242213 0.0161871
22 0.5706052 0.3458330 0.0231203 0.0161871
