20 0.6381082 0.4147711 0.0280516 0.0174641
14 0.4953000 0.6662535 0.0280516 0.0174641
32 0.4946624 0.4916129 0.5113044 0.5064577
33 0.5737170 0.2511910 0.0114756 0.0139713
2 0.2810876 0.3519004 0.0280516 0.0174641
20 0.3524918 0.3519004 0.0280516 0.0174641
31 0.5667041 0.3519004 0.0280516 0.0174641
10 0.6381082 0.3519004 0.0280516 0.0174641
6 0.2810876 0.4147711 0.0280516 0.0174641
24 0.4953000 0.4147711 0.0280516 0.0174641
5 0.3524918 0.4776417 0.0280516 0.0174641
28 0.6381082 0.4776417 0.0280516 0.0174641
15 0.3524918 0.5405123 0.0280516 0.0174641
23 0.5667041 0.5405123 0.0280516 0.0174641
14 0.3524918 0.6033829 0.0280516 0.0174641
34 0.4953000 0.6039650 0.0663038 0.0628706
18 0.4953000 0.6033829 0.0280516 0.0174641
17 0.5667041 0.6033829 0.0280516 0.0174641
19 0.7095123 0.6033829 0.0280517 0.0174641
4 0.6381082 0.6662535 0.0280516 0.0174641
26 0.3524918 0.4147711 0.0280516 0.0174641
26 0.4238959 0.6033829 0.0280516 0.0174641
15 0.2810876 0.6033829 0.0280516 0.0174641
4 0.4238959 0.4776417 0.0280516 0.0174641
4 0.7095123 0.3519004 0.0280517 0.0174641
1 0.5667041 0.6662535 0.0280516 0.0174641
25 0.2810876 0.4776417 0.0280516 0.0174641
27 0.4238959 0.6662535 0.0280516 0.0174641
26 0.2810876 0.6662535 0.0280516 0.0174641
14 0.4238959 0.5405123 0.0280516 0.0174641
3 0.3524918 0.6662535 0.0280516 0.0174641
20 0.7095123 0.6662535 0.0280517 0.0174641
29 0.6381082 0.6033829 0.0280516 0.0174641
19 0.2810876 0.5405123 0.0280516 0.0174641
3 0.6381082 0.5405123 0.0280516 0.0174641
30 0.7095123 0.4147711 0.0280517 0.0174641
4 0.7095123 0.4776417 0.0280517 0.0174641
14 0.7095123 0.5405123 0.0280517 0.0174641
24 0.4953000 0.5405123 0.0280516 0.0174641
28 0.4953000 0.3519004 0.0280516 0.0174641
14 0.4238959 0.4147711 0.0280516 0.0174641
4 0.4238959 0.3519004 0.0280516 0.0174641
3 0.5667041 0.4776417 0.0280516 0.0174641
23 0.5667041 0.4147711 0.0280516 0.0174641
20 0.4953000 0.4776417 0.0280516 0.0174641
