16 0.3625425 0.5980479 0.0261710 0.0171562
23 0.6290111 0.4127616 0.0261710 0.0171561
32 0.5617991 0.5500107 0.4770264 0.4975279
33 0.6355539 0.3138279 0.0107063 0.0137249
23 0.5623940 0.4127616 0.0261710 0.0171561
31 0.4291596 0.4745237 0.0261710 0.0171561
26 0.6290111 0.4745237 0.0261710 0.0171561
34 0.3625425 0.5368576 0.0618588 0.0617621
8 0.3625425 0.5362858 0.0261710 0.0171562
25 0.6290111 0.5362858 0.0261710 0.0171562
27 0.4957768 0.5980479 0.0261710 0.0171562
20 0.5623940 0.5980479 0.0261710 0.0171562
24 0.5623940 0.6598099 0.0261710 0.0171562
4 0.3625425 0.4127616 0.0261710 0.0171561
3 0.7622455 0.6598099 0.0261710 0.0171562
18 0.4957768 0.5362858 0.0261710 0.0171562
3 0.6956283 0.5980479 0.0261711 0.0171562
17 0.4291596 0.6598099 0.0261710 0.0171562
14 0.4291596 0.5362858 0.0261710 0.0171562
21 0.6290111 0.5980479 0.0261710 0.0171562
18 0.3625425 0.4745237 0.0261710 0.0171561
25 0.6956283 0.6598099 0.0261711 0.0171562
18 0.5623940 0.4745237 0.0261710 0.0171561
31 0.6956283 0.5362858 0.0261711 0.0171562
31 0.5623940 0.5362858 0.0261710 0.0171562
28 0.6956283 0.4745237 0.0261711 0.0171561
29 0.7622455 0.4745237 0.0261710 0.0171561
5 0.7622455 0.5980479 0.0261710 0.0171562
23 0.6290111 0.6598099 0.0261710 0.0171562
13 0.4291596 0.4127616 0.0261710 0.0171561
5 0.4957768 0.4127616 0.0261710 0.0171561
14 0.6956283 0.4127616 0.0261711 0.0171561
2 0.4291596 0.5980479 0.0261710 0.0171562
7 0.3625425 0.6598099 0.0261710 0.0171562
15 0.4957768 0.6598099 0.0261710 0.0171562
26 0.7622455 0.4127616 0.0261710 0.0171561
15 0.7622455 0.5362858 0.0261710 0.0171562
2 0.4957768 0.4745237 0.0261710 0.0171561
