28 0.2689904 0.5163424 0.0275673 0.0169275
8 0.4795043 0.4554036 0.0275673 0.0169275
32 0.2683639 0.4903869 0.5024766 0.4999240
33 0.3454270 0.2545312 0.0125306 0.0146704
26 0.0584765 0.3944647 0.0275673 0.0169275
3 0.4093330 0.4554036 0.0275673 0.0169275
34 0.1988191 0.5169066 0.0651591 0.0609388
20 0.1988191 0.5163424 0.0275673 0.0169275
14 0.4093330 0.5163424 0.0275673 0.0169275
21 0.4795043 0.5163424 0.0275673 0.0169275
1 0.0584765 0.6382200 0.0275673 0.0169275
23 0.2689904 0.6382200 0.0275673 0.0169275
24 0.4795043 0.6382200 0.0275673 0.0169275
20 0.4795043 0.5772812 0.0275673 0.0169274
5 0.0584765 0.4554036 0.0275673 0.0169275
15 0.2689904 0.5772812 0.0275673 0.0169274
16 0.3391617 0.5772812 0.0275673 0.0169274
4 0.1286478 0.5772812 0.0275673 0.0169274
27 0.1988191 0.4554036 0.0275673 0.0169275
1 0.4093330 0.5772812 0.0275673 0.0169274
30 0.4093330 0.3944647 0.0275673 0.0169275
4 0.0584765 0.5772812 0.0275673 0.0169274
3 0.3391617 0.3944647 0.0275673 0.0169275
27 0.1988191 0.3944647 0.0275673 0.0169275
10 0.1286478 0.5163424 0.0275673 0.0169275
27 0.1286478 0.4554036 0.0275673 0.0169275
26 0.2689904 0.4554036 0.0275673 0.0169275
14 0.0584765 0.5163424 0.0275673 0.0169275
10 0.3391617 0.6382200 0.0275673 0.0169275
30 0.4093330 0.6382200 0.0275673 0.0169275
28 0.3391617 0.4554036 0.0275673 0.0169275
3 0.4795043 0.3944647 0.0275673 0.0169275
10 0.1286478 0.6382200 0.0275673 0.0169275
14 0.3391617 0.5163424 0.0275673 0.0169275
4 0.1988191 0.5772812 0.0275673 0.0169274
20 0.2689904 0.3944647 0.0275673 0.0169275
1 0.1988191 0.6382200 0.0275673 0.0169275
7 0.1286478 0.3944647 0.0275673 0.0169275
