14 0.4382861 0.2316022 0.0268181 0.0172728
6 0.7113435 0.3559668 0.0268182 0.0172729
32 0.5742053 0.3076027 0.4888217 0.5009131
33 0.6497837 0.0698130 0.0109711 0.0138183
9 0.5065504 0.1694198 0.0268182 0.0172728
4 0.5065504 0.2316022 0.0268182 0.0172728
21 0.7113435 0.2316022 0.0268182 0.0172728
22 0.5748148 0.2937845 0.0268182 0.0172729
34 0.4382861 0.3565425 0.0633884 0.0621823
13 0.4382861 0.3559668 0.0268181 0.0172729
18 0.3700217 0.4181491 0.0268182 0.0172729
12 0.4382861 0.4181491 0.0268181 0.0172729
14 0.5065504 0.4181491 0.0268182 0.0172729
4 0.7796079 0.2937845 0.0268181 0.0172729
26 0.7113435 0.4181491 0.0268182 0.0172729
2 0.6430791 0.3559668 0.0268181 0.0172729
16 0.3700217 0.1694198 0.0268182 0.0172728
1 0.6430791 0.2937845 0.0268181 0.0172729
19 0.5748148 0.2316022 0.0268182 0.0172728
25 0.3700217 0.3559668 0.0268182 0.0172729
30 0.3700217 0.2316022 0.0268182 0.0172728
6 0.7796079 0.3559668 0.0268181 0.0172729
26 0.7113435 0.2937845 0.0268182 0.0172729
21 0.4382861 0.2937845 0.0268181 0.0172729
3 0.5065504 0.2937845 0.0268182 0.0172729
31 0.7796079 0.4181491 0.0268181 0.0172729
25 0.5748148 0.4181491 0.0268182 0.0172729
3 0.6430791 0.4181491 0.0268181 0.0172729
1 0.5065504 0.3559668 0.0268182 0.0172729
1 0.6430791 0.2316022 0.0268181 0.0172728
17 0.5748148 0.1694198 0.0268182 0.0172728
15 0.6430791 0.1694198 0.0268181 0.0172728
4 0.4382861 0.1694198 0.0268181 0.0172728
15 0.3700217 0.2937845 0.0268182 0.0172729
28 0.7113435 0.1694198 0.0268182 0.0172728
31 0.7796079 0.1694198 0.0268181 0.0172728
20 0.5748148 0.3559668 0.0268182 0.0172729
17 0.7796079 0.2316022 0.0268181 0.0172728
