27 0.5784517 0.6544744 0.0266049 0.0169537
1 0.3752870 0.3493075 0.0266049 0.0169537
32 0.4424039 0.4453786 0.4849348 0.5006999
33 0.5167767 0.2091567 0.0120931 0.0146932
17 0.2398439 0.3493075 0.0266049 0.0169537
16 0.3075655 0.3493075 0.0266049 0.0169537
22 0.5107301 0.3493075 0.0266049 0.0169537
25 0.2398439 0.4103409 0.0266049 0.0169537
28 0.3752870 0.4103409 0.0266049 0.0169537
31 0.5107301 0.4103409 0.0266049 0.0169537
19 0.6461732 0.4103409 0.0266049 0.0169537
20 0.2398439 0.4713743 0.0266049 0.0169537
21 0.4430086 0.4713743 0.0266049 0.0169537
6 0.5107301 0.4713743 0.0266049 0.0169537
30 0.5107301 0.5324077 0.0266049 0.0169537
8 0.6461732 0.5324077 0.0266049 0.0169537
29 0.2398439 0.5934410 0.0266049 0.0169537
7 0.3075655 0.6544744 0.0266049 0.0169537
34 0.3752870 0.6550396 0.0628843 0.0610334
28 0.3752870 0.6544744 0.0266049 0.0169537
8 0.3075655 0.5934410 0.0266049 0.0169537
15 0.4430086 0.5934410 0.0266049 0.0169537
23 0.3752870 0.5324077 0.0266049 0.0169537
25 0.5107301 0.5934410 0.0266049 0.0169537
29 0.5784517 0.5934410 0.0266049 0.0169537
27 0.5784517 0.4713743 0.0266049 0.0169537
25 0.5784517 0.3493075 0.0266049 0.0169537
8 0.2398439 0.5324077 0.0266049 0.0169537
31 0.2398439 0.6544744 0.0266049 0.0169537
22 0.6461732 0.4713743 0.0266049 0.0169537
10 0.4430086 0.5324077 0.0266049 0.0169537
22 0.6461732 0.6544744 0.0266049 0.0169537
18 0.3075655 0.4713743 0.0266049 0.0169537
2 0.3752870 0.4713743 0.0266049 0.0169537
13 0.6461732 0.3493075 0.0266049 0.0169537
24 0.5107301 0.6544744 0.0266049 0.0169537
31 0.3075655 0.5324077 0.0266049 0.0169537
14 0.4430086 0.4103409 0.0266049 0.0169537
8 0.6461732 0.5934410 0.0266049 0.0169537
13 0.3075655 0.4103409 0.0266049 0.0169537
2 0.5784517 0.4103409 0.0266049 0.0169537
14 0.4430086 0.6544744 0.0266049 0.0169537
6 0.3752870 0.5934410 0.0266049 0.0169537
9 0.5784517 0.5324077 0.0266049 0.0169537
19 0.4430086 0.3493075 0.0266049 0.0169537
