30 0.5109532 0.6748907 0.0240024 0.0150081
7 0.5109532 0.6062825 0.0240024 0.0150080
32 0.3983703 0.4851460 0.3908970 0.4695376
33 0.5332412 0.3023694 0.0137157 0.0182240
26 0.2537842 0.4696019 0.0240024 0.0160801
29 0.5623871 0.4696019 0.0240025 0.0160801
10 0.4080856 0.5382102 0.0240024 0.0160801
24 0.4595194 0.5382102 0.0240024 0.0160801
1 0.3052180 0.6062825 0.0240024 0.0150080
34 0.3566518 0.6068185 0.0445760 0.0418081
29 0.3566518 0.6062825 0.0240024 0.0150080
11 0.2537842 0.6748907 0.0240024 0.0150081
13 0.5623871 0.6748907 0.0240025 0.0150081
12 0.4595194 0.6062825 0.0240024 0.0150080
16 0.2537842 0.4009937 0.0240024 0.0160801
18 0.4595194 0.6748907 0.0240024 0.0150081
11 0.5623871 0.6062825 0.0240025 0.0150080
13 0.3566518 0.4696019 0.0240024 0.0160801
12 0.5623871 0.4009937 0.0240025 0.0160801
17 0.4080856 0.6748907 0.0240024 0.0150081
19 0.5109532 0.4009937 0.0240024 0.0160801
17 0.3052180 0.6748907 0.0240024 0.0150081
10 0.3052180 0.4009937 0.0240024 0.0160801
19 0.4080856 0.6062825 0.0240024 0.0150080
24 0.5109532 0.5382102 0.0240024 0.0160801
31 0.5623871 0.5382102 0.0240025 0.0160801
19 0.3566518 0.4009937 0.0240024 0.0160801
10 0.3052180 0.5382102 0.0240024 0.0160801
6 0.3566518 0.6748907 0.0240024 0.0150081
3 0.5109532 0.4696019 0.0240024 0.0160801
18 0.4080856 0.4009937 0.0240024 0.0160801
19 0.2537842 0.6062825 0.0240024 0.0150080
1 0.3566518 0.5382102 0.0240024 0.0160801
23 0.4080856 0.4696019 0.0240024 0.0160801
3 0.3052180 0.4696019 0.0240024 0.0160801
6 0.2537842 0.5382102 0.0240024 0.0160801
20 0.4595194 0.4009937 0.0240024 0.0160801
18 0.4595194 0.4696019 0.0240024 0.0160801
