11 0.3403258 0.3508513 0.0229793 0.0164609
28 0.6357735 0.5610028 0.0229793 0.0153636
32 0.4787484 0.4369970 0.3742338 0.4806599
33 0.6078701 0.2498908 0.0131311 0.0186558
8 0.3895670 0.3508513 0.0229793 0.0164609
15 0.5865322 0.3508513 0.0229792 0.0164609
26 0.4880496 0.4210847 0.0229793 0.0164609
5 0.3403258 0.4913182 0.0229793 0.0164609
21 0.4880496 0.4913182 0.0229793 0.0164609
34 0.6357735 0.4913181 0.0426758 0.0427985
3 0.6357735 0.4913182 0.0229793 0.0164609
18 0.4880496 0.5610028 0.0229793 0.0153636
22 0.4880496 0.6312363 0.0229793 0.0153636
8 0.4388083 0.4210847 0.0229793 0.0164609
4 0.3895670 0.4913182 0.0229793 0.0164609
3 0.6357735 0.4210847 0.0229793 0.0164609
26 0.3895670 0.6312363 0.0229793 0.0153636
27 0.4388083 0.3508513 0.0229793 0.0164609
6 0.4388083 0.4913182 0.0229793 0.0164609
9 0.4388083 0.5610028 0.0229793 0.0153636
3 0.3895670 0.4210847 0.0229793 0.0164609
28 0.6357735 0.6312363 0.0229793 0.0153636
7 0.5372909 0.5610028 0.0229793 0.0153636
10 0.4880496 0.3508513 0.0229793 0.0164609
4 0.5372909 0.6312363 0.0229793 0.0153636
18 0.6357735 0.3508513 0.0229793 0.0164609
28 0.5372909 0.4913182 0.0229793 0.0164609
15 0.5372909 0.3508513 0.0229793 0.0164609
11 0.5865322 0.4210847 0.0229792 0.0164609
9 0.3895670 0.5610028 0.0229793 0.0153636
3 0.5865322 0.6312363 0.0229792 0.0153636
2 0.4388083 0.6312363 0.0229793 0.0153636
3 0.3403258 0.6312363 0.0229793 0.0153636
2 0.5865322 0.4913182 0.0229792 0.0164609
23 0.5865322 0.5610028 0.0229792 0.0153636
28 0.5372909 0.4210847 0.0229793 0.0164609
25 0.3403258 0.5610028 0.0229793 0.0153636
13 0.3403258 0.4210847 0.0229793 0.0164609
