3 0.6137926 0.6217129 0.0272389 0.0163376
18 0.4057869 0.5040821 0.0272388 0.0163376
32 0.4051678 0.5759676 0.4964899 0.4737908
33 0.4819319 0.3510531 0.0111432 0.0130701
6 0.1977812 0.4452667 0.0272388 0.0163376
13 0.1977812 0.5040821 0.0272388 0.0163376
34 0.6137926 0.5046267 0.0643827 0.0588154
21 0.6137926 0.5040821 0.0272389 0.0163376
1 0.5444574 0.5628975 0.0272388 0.0163376
27 0.2671164 0.6217129 0.0272388 0.0163376
19 0.3364517 0.6217129 0.0272388 0.0163376
20 0.4057869 0.6805283 0.0272388 0.0163376
7 0.6137926 0.6805283 0.0272389 0.0163376
1 0.4751222 0.6217129 0.0272388 0.0163376
15 0.6137926 0.5628975 0.0272389 0.0163376
31 0.3364517 0.5628975 0.0272388 0.0163376
28 0.2671164 0.4452667 0.0272388 0.0163376
17 0.4751222 0.4452667 0.0272388 0.0163376
3 0.4751222 0.5040821 0.0272388 0.0163376
26 0.5444574 0.5040821 0.0272388 0.0163376
24 0.2671164 0.5040821 0.0272388 0.0163376
25 0.4751222 0.6805283 0.0272388 0.0163376
5 0.1977812 0.5628975 0.0272388 0.0163376
27 0.3364517 0.6805283 0.0272388 0.0163376
27 0.6137926 0.4452667 0.0272389 0.0163376
28 0.5444574 0.6805283 0.0272388 0.0163376
31 0.2671164 0.5628975 0.0272388 0.0163376
21 0.2671164 0.6805283 0.0272388 0.0163376
15 0.4057869 0.5628975 0.0272388 0.0163376
15 0.5444574 0.6217129 0.0272388 0.0163376
15 0.3364517 0.5040821 0.0272388 0.0163376
5 0.3364517 0.4452667 0.0272388 0.0163376
31 0.5444574 0.4452667 0.0272388 0.0163376
5 0.4057869 0.6217129 0.0272388 0.0163376
7 0.1977812 0.6805283 0.0272388 0.0163376
26 0.4751222 0.5628975 0.0272388 0.0163376
17 0.4057869 0.4452667 0.0272388 0.0163376
6 0.1977812 0.6217129 0.0272388 0.0163376
