8 0.7227019 0.4625155 0.0243014 0.0161319
14 0.6185533 0.5313448 0.0243014 0.0161319
32 0.6087170 0.4781096 0.3957648 0.4710505
33 0.7452675 0.2947441 0.0138864 0.0182828
11 0.4623303 0.3936862 0.0243014 0.0161319
29 0.6185533 0.3936862 0.0243014 0.0161319
5 0.6185533 0.4625155 0.0243014 0.0161319
21 0.7747762 0.4625155 0.0243014 0.0161319
25 0.6706276 0.5313448 0.0243014 0.0161319
16 0.7227019 0.5313448 0.0243014 0.0161319
34 0.5664789 0.6684656 0.0451310 0.0430183
7 0.5664789 0.6684656 0.0243014 0.0150564
2 0.7227019 0.6684656 0.0243014 0.0150564
9 0.4623303 0.6684656 0.0243014 0.0150564
12 0.5144046 0.4625155 0.0243014 0.0161319
28 0.7227019 0.5996364 0.0243014 0.0150564
26 0.5144046 0.5996364 0.0243014 0.0150564
4 0.7227019 0.3936862 0.0243014 0.0161319
7 0.4623303 0.5996364 0.0243014 0.0150564
19 0.7747762 0.5996364 0.0243014 0.0150564
14 0.7747762 0.5313448 0.0243014 0.0161319
10 0.5664789 0.4625155 0.0243014 0.0161319
17 0.6185533 0.6684656 0.0243014 0.0150564
12 0.4623303 0.4625155 0.0243014 0.0161319
8 0.6185533 0.5996364 0.0243014 0.0150564
6 0.6706276 0.6684656 0.0243014 0.0150564
8 0.5144046 0.6684656 0.0243014 0.0150564
30 0.6706276 0.3936862 0.0243014 0.0161319
25 0.5664789 0.5996364 0.0243014 0.0150564
2 0.5144046 0.5313448 0.0243014 0.0161319
14 0.7747762 0.3936862 0.0243014 0.0161319
18 0.5664789 0.5313448 0.0243014 0.0161319
16 0.5664789 0.3936862 0.0243014 0.0161319
6 0.4623303 0.5313448 0.0243014 0.0161319
6 0.6706276 0.4625155 0.0243014 0.0161319
6 0.7747762 0.6684656 0.0243014 0.0150564
20 0.6706276 0.5996364 0.0243014 0.0150564
30 0.5144046 0.3936862 0.0243014 0.0161319
