21 0.3466227 0.3656421 0.0287915 0.0172746
14 0.2733352 0.3656421 0.0287915 0.0172746
32 0.2726808 0.3172729 0.5247913 0.5009662
33 0.3538206 0.0794579 0.0117783 0.0138197
9 0.0534725 0.1790753 0.0287915 0.0172747
34 0.4931979 0.1796511 0.0680527 0.0621889
25 0.4931979 0.1790753 0.0287915 0.0172747
4 0.4199103 0.2412642 0.0287915 0.0172747
8 0.4931979 0.2412642 0.0287915 0.0172747
16 0.2733352 0.3034532 0.0287915 0.0172747
11 0.3466227 0.3034532 0.0287915 0.0172747
21 0.1267601 0.3656421 0.0287915 0.0172746
13 0.4199103 0.3656421 0.0287915 0.0172746
12 0.0534725 0.4278309 0.0287915 0.0172747
26 0.1267601 0.4278309 0.0287915 0.0172747
3 0.3466227 0.4278309 0.0287915 0.0172747
22 0.4931979 0.4278309 0.0287915 0.0172747
2 0.1267601 0.4900199 0.0287915 0.0172747
29 0.4199103 0.4900199 0.0287915 0.0172747
1 0.4931979 0.4900199 0.0287915 0.0172747
7 0.0534725 0.3034532 0.0287915 0.0172747
18 0.4199103 0.1790753 0.0287915 0.0172747
25 0.2000476 0.3656421 0.0287915 0.0172746
14 0.4199103 0.3034532 0.0287915 0.0172747
31 0.2733352 0.4278309 0.0287915 0.0172747
27 0.3466227 0.4900199 0.0287915 0.0172747
1 0.4931979 0.3034532 0.0287915 0.0172747
21 0.0534725 0.4900199 0.0287915 0.0172747
4 0.2733352 0.2412642 0.0287915 0.0172747
30 0.2000476 0.3034532 0.0287915 0.0172747
4 0.1267601 0.2412642 0.0287915 0.0172747
2 0.4199103 0.4278309 0.0287915 0.0172747
1 0.4931979 0.3656421 0.0287915 0.0172746
20 0.1267601 0.1790753 0.0287915 0.0172747
30 0.2000476 0.2412642 0.0287915 0.0172747
16 0.2733352 0.4900199 0.0287915 0.0172747
25 0.0534725 0.3656421 0.0287915 0.0172746
29 0.3466227 0.2412642 0.0287915 0.0172747
2 0.2000476 0.4278309 0.0287915 0.0172747
26 0.0534725 0.2412642 0.0287915 0.0172747
28 0.3466227 0.1790753 0.0287915 0.0172747
29 0.2000476 0.4900199 0.0287915 0.0172747
1 0.2733352 0.1790753 0.0287915 0.0172747
4 0.2000476 0.1790753 0.0287915 0.0172747
23 0.1267601 0.3034532 0.0287915 0.0172747
