12 0.5623855 0.4525820 0.0236681 0.0154607
27 0.5116682 0.1704227 0.0236680 0.0165651
32 0.4513710 0.2571135 0.3854514 0.4837016
33 0.5843629 0.0688232 0.0135246 0.0187738
30 0.4102336 0.3117784 0.0236680 0.0165651
14 0.5116682 0.3117784 0.0236680 0.0165651
29 0.6131028 0.3117784 0.0236681 0.0165651
34 0.4102336 0.3824563 0.0439550 0.0430693
11 0.4102336 0.3819041 0.0236680 0.0154607
10 0.5623855 0.3819041 0.0236681 0.0154607
1 0.6131028 0.3819041 0.0236681 0.0154607
4 0.4609509 0.4525820 0.0236681 0.0154607
16 0.6131028 0.4525820 0.0236681 0.0154607
10 0.3595163 0.2411005 0.0236681 0.0165651
28 0.3595163 0.3819041 0.0236681 0.0154607
20 0.3087990 0.3819041 0.0236681 0.0154607
25 0.3087990 0.2411005 0.0236681 0.0165651
24 0.4102336 0.4525820 0.0236680 0.0154607
7 0.3087990 0.3117784 0.0236681 0.0165651
18 0.4102336 0.1704227 0.0236680 0.0165651
14 0.3595163 0.3117784 0.0236681 0.0165651
24 0.6131028 0.2411005 0.0236681 0.0165651
6 0.4102336 0.2411005 0.0236680 0.0165651
15 0.3087990 0.4525820 0.0236681 0.0154607
24 0.3595163 0.4525820 0.0236681 0.0154607
18 0.4609509 0.2411005 0.0236681 0.0165651
8 0.5623855 0.2411005 0.0236681 0.0165651
11 0.3087990 0.1704227 0.0236681 0.0165651
17 0.5116682 0.2411005 0.0236680 0.0165651
4 0.5116682 0.3819041 0.0236680 0.0154607
11 0.4609509 0.3819041 0.0236681 0.0154607
12 0.5623855 0.3117784 0.0236681 0.0165651
1 0.6131028 0.1704227 0.0236681 0.0165651
18 0.4609509 0.1704227 0.0236681 0.0165651
15 0.4609509 0.3117784 0.0236681 0.0165651
26 0.5623855 0.1704227 0.0236681 0.0165651
10 0.3595163 0.1704227 0.0236681 0.0165651
28 0.5116682 0.4525820 0.0236680 0.0154607
