28 0.2791327 0.6879898 0.0285491 0.0173422
18 0.1337920 0.6255579 0.0285491 0.0173422
32 0.2791327 0.5926077 0.5242647 0.5133291
33 0.3589404 0.3480827 0.0116792 0.0150299
28 0.3518031 0.4382621 0.0285490 0.0173422
22 0.1337920 0.5006940 0.0285491 0.0173422
6 0.2064624 0.5006940 0.0285491 0.0173422
34 0.2791327 0.5012721 0.0674796 0.0624319
7 0.2791327 0.5006940 0.0285491 0.0173422
23 0.4971438 0.5006940 0.0285491 0.0173422
24 0.1337920 0.5631259 0.0285491 0.0173422
27 0.2064624 0.5631259 0.0285491 0.0173422
21 0.2791327 0.5631259 0.0285491 0.0173422
16 0.2064624 0.6255579 0.0285491 0.0173422
31 0.4244734 0.6255579 0.0285491 0.0173422
2 0.4971438 0.6255579 0.0285491 0.0173422
10 0.2064624 0.6879898 0.0285491 0.0173422
3 0.4971438 0.6879898 0.0285491 0.0173422
9 0.2064624 0.7504217 0.0285491 0.0173422
12 0.3518031 0.7504217 0.0285490 0.0173422
7 0.4971438 0.4382621 0.0285491 0.0173422
9 0.3518031 0.6879898 0.0285490 0.0173422
27 0.0611217 0.6255579 0.0285491 0.0173422
17 0.3518031 0.5006940 0.0285490 0.0173422
7 0.4244734 0.4382621 0.0285491 0.0173422
13 0.4244734 0.7504217 0.0285491 0.0173422
29 0.4244734 0.5006940 0.0285491 0.0173422
5 0.2791327 0.4382621 0.0285491 0.0173422
7 0.2791327 0.6255579 0.0285491 0.0173422
10 0.0611217 0.5006940 0.0285491 0.0173422
10 0.1337920 0.4382621 0.0285491 0.0173422
24 0.0611217 0.7504217 0.0285491 0.0173422
22 0.1337920 0.6879898 0.0285491 0.0173422
12 0.4971438 0.7504217 0.0285491 0.0173422
2 0.0611217 0.4382621 0.0285491 0.0173422
14 0.3518031 0.5631259 0.0285490 0.0173422
13 0.1337920 0.7504217 0.0285491 0.0173422
13 0.0611217 0.5631259 0.0285491 0.0173422
29 0.0611217 0.6879898 0.0285491 0.0173422
19 0.2791327 0.7504217 0.0285491 0.0173422
14 0.4244734 0.5631259 0.0285491 0.0173422
10 0.3518031 0.6255579 0.0285490 0.0173422
22 0.2064624 0.4382621 0.0285491 0.0173422
18 0.4971438 0.5631259 0.0285491 0.0173422
25 0.4244734 0.6879898 0.0285491 0.0173422
