17 0.7572715 0.5432686 0.0226534 0.0154847
24 0.8133655 0.4293455 0.0226533 0.0154847
32 0.7561928 0.4149668 0.3894219 0.4225110
33 0.9325652 0.2208551 0.0107873 0.0165907
26 0.7006382 0.3137633 0.0237321 0.0165907
3 0.8133655 0.3137633 0.0226533 0.0165907
24 0.8699989 0.3137633 0.0237320 0.0165907
15 0.7006382 0.3712779 0.0237321 0.0165907
21 0.7572715 0.3712779 0.0226534 0.0165907
31 0.8133655 0.3712779 0.0226533 0.0165907
12 0.7572715 0.4293455 0.0226534 0.0154847
6 0.8699989 0.4293455 0.0237320 0.0154847
30 0.9250142 0.4293455 0.0237321 0.0154847
1 0.5895289 0.4868600 0.0237321 0.0154847
14 0.6456228 0.4868600 0.0237320 0.0154847
8 0.9250142 0.4868600 0.0237321 0.0154847
34 0.7006382 0.5432686 0.0474642 0.0486662
16 0.7006382 0.5432686 0.0237321 0.0154847
9 0.8699989 0.5432686 0.0237320 0.0154847
20 0.8133655 0.6013362 0.0226533 0.0165907
25 0.9250142 0.6013362 0.0237321 0.0165907
24 0.9250142 0.5432686 0.0237321 0.0154847
18 0.7006382 0.4293455 0.0237321 0.0154847
12 0.7572715 0.3137633 0.0226534 0.0165907
13 0.7572715 0.4868600 0.0226534 0.0154847
9 0.7006382 0.6013362 0.0237321 0.0165907
15 0.6456228 0.4293455 0.0237320 0.0154847
12 0.9250142 0.3712779 0.0237321 0.0165907
9 0.5895289 0.5432686 0.0237321 0.0154847
24 0.8699989 0.3712779 0.0237320 0.0165907
2 0.8699989 0.4868600 0.0237320 0.0154847
13 0.6456228 0.3712779 0.0237320 0.0165907
22 0.6456228 0.6013362 0.0237320 0.0165907
9 0.9250142 0.3137633 0.0237321 0.0165907
27 0.7572715 0.6013362 0.0226534 0.0165907
13 0.8133655 0.4868600 0.0226533 0.0154847
21 0.6456228 0.5432686 0.0237320 0.0154847
12 0.5895289 0.6013362 0.0237321 0.0165907
18 0.8133655 0.5432686 0.0226533 0.0154847
30 0.5895289 0.4293455 0.0237321 0.0154847
5 0.6456228 0.3137633 0.0237320 0.0165907
16 0.7006382 0.4868600 0.0237321 0.0154847
5 0.5895289 0.3712779 0.0237321 0.0165907
28 0.8699989 0.6013362 0.0237320 0.0165907
5 0.5895289 0.3137633 0.0237321 0.0165907
