10 0.5424861 0.4197194 0.0230912 0.0157769
31 0.4930050 0.3481601 0.0230912 0.0169038
32 0.4341774 0.2923777 0.3760565 0.4935904
33 0.5639279 0.1002381 0.0131950 0.0191576
2 0.2950805 0.2039145 0.0230912 0.0169038
7 0.5919672 0.2039145 0.0230912 0.0169038
23 0.2950805 0.2760373 0.0230912 0.0169038
20 0.3445616 0.2760373 0.0230912 0.0169038
5 0.5919672 0.2760373 0.0230912 0.0169038
27 0.3940427 0.3481601 0.0230912 0.0169038
17 0.2950805 0.4197194 0.0230912 0.0157769
34 0.3940427 0.4918422 0.0428836 0.0450768
5 0.3940427 0.4918422 0.0230912 0.0157768
14 0.3940427 0.2039145 0.0230912 0.0169038
18 0.4930050 0.2039145 0.0230912 0.0169038
2 0.3940427 0.4197194 0.0230912 0.0157769
2 0.4435238 0.4918422 0.0230912 0.0157768
31 0.4435238 0.2039145 0.0230912 0.0169038
22 0.5424861 0.4918422 0.0230912 0.0157768
24 0.4930050 0.2760373 0.0230912 0.0169038
13 0.4435238 0.3481601 0.0230912 0.0169038
1 0.4435238 0.4197194 0.0230912 0.0157769
7 0.3445616 0.2039145 0.0230912 0.0169038
31 0.5424861 0.2039145 0.0230912 0.0169038
31 0.3940427 0.2760373 0.0230912 0.0169038
20 0.5424861 0.3481601 0.0230912 0.0169038
27 0.2950805 0.4918422 0.0230912 0.0157768
14 0.3445616 0.3481601 0.0230912 0.0169038
4 0.5919672 0.4918422 0.0230912 0.0157768
23 0.4930050 0.4197194 0.0230912 0.0157769
9 0.2950805 0.3481601 0.0230912 0.0169038
31 0.5424861 0.2760373 0.0230912 0.0169038
13 0.5919672 0.3481601 0.0230912 0.0169038
22 0.4435238 0.2760373 0.0230912 0.0169038
3 0.4930050 0.4918422 0.0230912 0.0157768
18 0.3445616 0.4918422 0.0230912 0.0157768
31 0.3445616 0.4197194 0.0230912 0.0157769
25 0.5919672 0.4197194 0.0230912 0.0157769
