20 0.3426800 0.4821760 0.0243398 0.0169345
25 0.2383663 0.4099220 0.0243399 0.0169345
32 0.3328282 0.4262920 0.3963919 0.4944883
33 0.4695950 0.2338029 0.0139085 0.0191925
16 0.3948368 0.3376680 0.0243399 0.0169345
23 0.1862095 0.4821760 0.0243399 0.0169345
9 0.3948368 0.4821760 0.0243399 0.0169345
30 0.2383663 0.5538655 0.0243399 0.0158055
14 0.3426800 0.5538655 0.0243398 0.0158055
4 0.4991505 0.5538655 0.0243398 0.0158055
34 0.2383663 0.6261195 0.0452026 0.0451588
23 0.2383663 0.6261195 0.0243399 0.0158056
8 0.2905231 0.6261195 0.0243398 0.0158056
7 0.3426800 0.4099220 0.0243398 0.0169345
10 0.4469937 0.4099220 0.0243398 0.0169345
18 0.2383663 0.3376680 0.0243399 0.0169345
18 0.2905231 0.4821760 0.0243398 0.0169345
12 0.1862095 0.5538655 0.0243399 0.0158055
8 0.4991505 0.3376680 0.0243398 0.0169345
11 0.4469937 0.6261195 0.0243398 0.0158056
24 0.1862095 0.4099220 0.0243399 0.0169345
25 0.4469937 0.5538655 0.0243398 0.0158055
22 0.3426800 0.3376680 0.0243398 0.0169345
6 0.3426800 0.6261195 0.0243398 0.0158056
12 0.4469937 0.4821760 0.0243398 0.0169345
13 0.3948368 0.6261195 0.0243399 0.0158056
14 0.4991505 0.4099220 0.0243398 0.0169345
3 0.3948368 0.4099220 0.0243399 0.0169345
18 0.3948368 0.5538655 0.0243399 0.0158055
18 0.2905231 0.5538655 0.0243398 0.0158055
8 0.1862095 0.3376680 0.0243399 0.0169345
31 0.2383663 0.4821760 0.0243399 0.0169345
10 0.2905231 0.3376680 0.0243398 0.0169345
30 0.4991505 0.4821760 0.0243398 0.0169345
24 0.1862095 0.6261195 0.0243399 0.0158056
20 0.4469937 0.3376680 0.0243398 0.0169345
1 0.2905231 0.4099220 0.0243398 0.0169345
6 0.4991505 0.6261195 0.0243398 0.0158056
