24 0.5394102 0.4500242 0.0265899 0.0158577
20 0.4040434 0.6212880 0.0265900 0.0158577
32 0.4040434 0.5340703 0.4882875 0.4693897
33 0.4783743 0.3104759 0.0108777 0.0137434
24 0.2686766 0.3929363 0.0265899 0.0158577
13 0.3363600 0.3929363 0.0265899 0.0158577
10 0.3363600 0.4500242 0.0265899 0.0158577
21 0.6070937 0.4500242 0.0265899 0.0158577
34 0.6070937 0.5647287 0.0628489 0.0570879
14 0.6070937 0.5642001 0.0265899 0.0158577
29 0.2686766 0.6212880 0.0265899 0.0158577
16 0.4717268 0.6212880 0.0265899 0.0158577
26 0.6070937 0.6212880 0.0265899 0.0158577
6 0.2686766 0.4500242 0.0265899 0.0158577
19 0.2686766 0.5071122 0.0265899 0.0158577
15 0.4717268 0.3929363 0.0265899 0.0158577
5 0.2686766 0.5642001 0.0265899 0.0158577
30 0.2009932 0.5071122 0.0265899 0.0158577
3 0.5394102 0.6212880 0.0265899 0.0158577
29 0.2009932 0.4500242 0.0265899 0.0158577
22 0.2009932 0.5642001 0.0265899 0.0158577
7 0.5394102 0.3929363 0.0265899 0.0158577
29 0.4717268 0.5642001 0.0265899 0.0158577
9 0.4040434 0.3929363 0.0265900 0.0158577
16 0.4717268 0.5071122 0.0265899 0.0158577
19 0.4717268 0.4500242 0.0265899 0.0158577
2 0.4040434 0.4500242 0.0265900 0.0158577
11 0.5394102 0.5071122 0.0265899 0.0158577
11 0.4040434 0.5642001 0.0265900 0.0158577
25 0.3363600 0.5071122 0.0265899 0.0158577
10 0.4040434 0.5071122 0.0265900 0.0158577
22 0.3363600 0.5642001 0.0265899 0.0158577
13 0.2009932 0.6212880 0.0265899 0.0158577
20 0.6070937 0.5071122 0.0265899 0.0158577
23 0.6070937 0.3929363 0.0265899 0.0158577
26 0.2009932 0.3929363 0.0265899 0.0158577
16 0.3363600 0.6212880 0.0265899 0.0158577
20 0.5394102 0.5642001 0.0265899 0.0158577
