2 0.4713084 0.4792020 0.0285921 0.0173975
8 0.6168682 0.4165712 0.0285921 0.0173975
32 0.6162183 0.4525259 0.5211560 0.5138046
33 0.6961463 0.2101215 0.0129964 0.0150778
21 0.6168682 0.3539404 0.0285921 0.0173974
18 0.3985285 0.4165712 0.0285921 0.0173975
22 0.7624280 0.4165712 0.0285921 0.0173975
4 0.8352078 0.4165712 0.0285921 0.0173975
34 0.6168682 0.4797819 0.0675813 0.0626308
28 0.6168682 0.4792020 0.0285921 0.0173975
29 0.7624280 0.4792020 0.0285921 0.0173975
27 0.8352078 0.4792020 0.0285921 0.0173975
15 0.3985285 0.5418328 0.0285921 0.0173975
26 0.4713084 0.5418328 0.0285921 0.0173975
1 0.5440883 0.5418328 0.0285921 0.0173975
28 0.8352078 0.5418328 0.0285921 0.0173975
13 0.3985285 0.6044636 0.0285921 0.0173975
16 0.4713084 0.6044636 0.0285921 0.0173975
6 0.5440883 0.6044636 0.0285921 0.0173975
2 0.7624280 0.6670945 0.0285921 0.0173974
7 0.6168682 0.5418328 0.0285921 0.0173975
13 0.5440883 0.3539404 0.0285921 0.0173974
13 0.6168682 0.6044636 0.0285921 0.0173975
9 0.7624280 0.6044636 0.0285921 0.0173975
6 0.4713084 0.3539404 0.0285921 0.0173974
20 0.8352078 0.6670945 0.0285921 0.0173974
22 0.6896481 0.6670945 0.0285921 0.0173974
11 0.6896481 0.3539404 0.0285921 0.0173974
31 0.6896481 0.5418328 0.0285921 0.0173975
17 0.5440883 0.6670945 0.0285921 0.0173974
22 0.8352078 0.6044636 0.0285921 0.0173975
9 0.6896481 0.4165712 0.0285921 0.0173975
21 0.3985285 0.3539404 0.0285921 0.0173974
29 0.6896481 0.4792020 0.0285921 0.0173975
30 0.5440883 0.4165712 0.0285921 0.0173975
2 0.7624280 0.5418328 0.0285921 0.0173975
30 0.3985285 0.6670945 0.0285921 0.0173974
7 0.4713084 0.6670945 0.0285921 0.0173974
2 0.6896481 0.6044636 0.0285921 0.0173975
6 0.4713084 0.4165712 0.0285921 0.0173975
4 0.8352078 0.3539404 0.0285921 0.0173974
4 0.7624280 0.3539404 0.0285921 0.0173974
10 0.5440883 0.4792020 0.0285921 0.0173975
8 0.6168682 0.6670945 0.0285921 0.0173974
18 0.3985285 0.4792020 0.0285921 0.0173975
