4 0.2275601 0.3843876 0.0249105 0.0165950
28 0.1732099 0.2377984 0.0249105 0.0154887
32 0.3385251 0.2554997 0.4280077 0.3695156
33 0.5151632 0.1155485 0.0090584 0.0143823
18 0.2275601 0.1902260 0.0249105 0.0154887
6 0.3334298 0.2864771 0.0237782 0.0154887
19 0.2275601 0.3351558 0.0249105 0.0154887
35 0.3334298 0.3351558 0.0441595 0.0442533
8 0.3334298 0.3351558 0.0237782 0.0154887
27 0.3860815 0.3351558 0.0249105 0.0154887
26 0.4936496 0.3351558 0.0249105 0.0154887
3 0.3334298 0.3843876 0.0237782 0.0165950
4 0.4392994 0.3843876 0.0249105 0.0165950
13 0.4392994 0.2377984 0.0249105 0.0154887
13 0.2802119 0.1902260 0.0237782 0.0154887
12 0.3334298 0.2377984 0.0237782 0.0154887
5 0.4936496 0.1902260 0.0249105 0.0154887
27 0.2275601 0.2377984 0.0249105 0.0154887
1 0.4936496 0.2377984 0.0249105 0.0154887
9 0.1732099 0.1902260 0.0249105 0.0154887
17 0.1732099 0.3351558 0.0249105 0.0154887
10 0.4392994 0.2864771 0.0249105 0.0154887
16 0.2802119 0.2864771 0.0237782 0.0154887
1 0.3334298 0.1902260 0.0237782 0.0154887
27 0.4936496 0.2864771 0.0249105 0.0154887
15 0.2802119 0.2377984 0.0237782 0.0154887
6 0.3860815 0.2377984 0.0249105 0.0154887
20 0.2802119 0.3843876 0.0237782 0.0165950
22 0.3860815 0.3843876 0.0249105 0.0165950
1 0.2275601 0.2864771 0.0249105 0.0154887
10 0.4392994 0.3351558 0.0249105 0.0154887
7 0.1732099 0.3843876 0.0249105 0.0165950
24 0.3860815 0.1902260 0.0249105 0.0154887
16 0.4936496 0.3843876 0.0249105 0.0165950
29 0.4392994 0.1902260 0.0249105 0.0154887
7 0.2802119 0.3351558 0.0237782 0.0154887
17 0.3860815 0.2864771 0.0249105 0.0154887
20 0.1732099 0.2864771 0.0249105 0.0154887
