26 0.6596522 0.5537912 0.0239406 0.0151074
23 0.7717375 0.5537912 0.0239406 0.0151074
32 0.8135029 0.4647659 0.3729941 0.3701296
18 0.7162389 0.3849128 0.0239406 0.0161865
25 0.7162389 0.4410258 0.0239406 0.0161864
27 0.8854553 0.4410258 0.0228524 0.0161864
6 0.7162389 0.4976783 0.0239406 0.0151074
1 0.6596522 0.6088250 0.0239406 0.0151074
14 0.7717375 0.6088250 0.0239406 0.0151074
34 0.8283244 0.6088251 0.0478811 0.0474802
4 0.8288684 0.6088250 0.0228524 0.0151074
23 0.8854553 0.6088250 0.0228524 0.0151074
31 0.9425862 0.6088250 0.0239406 0.0151074
26 0.6596522 0.3849128 0.0239406 0.0161865
27 0.9930573 0.5537912 0.0138855 0.0151074
14 0.7717375 0.4410258 0.0239406 0.0161864
5 0.9425862 0.4410258 0.0239406 0.0161864
19 0.6596522 0.4976783 0.0239406 0.0151074
30 0.8854553 0.3849128 0.0228524 0.0161865
16 0.9930573 0.6088250 0.0138855 0.0151074
8 0.8288684 0.3849128 0.0228524 0.0161865
24 0.9930573 0.3849128 0.0138855 0.0161865
10 0.6596522 0.4410258 0.0239406 0.0161864
6 0.7717375 0.4976783 0.0239406 0.0151074
15 0.7717375 0.3849128 0.0239406 0.0161865
13 0.8288684 0.4976783 0.0228524 0.0151074
4 0.9425862 0.4976783 0.0239406 0.0151074
26 0.9425862 0.5537912 0.0239406 0.0151074
22 0.9930573 0.4410258 0.0138855 0.0161864
4 0.9425862 0.3849128 0.0239406 0.0161865
7 0.8288684 0.4410258 0.0228524 0.0161864
10 0.7162389 0.5537912 0.0239406 0.0151074
8 0.8854553 0.4976783 0.0228524 0.0151074
17 0.8854553 0.5537912 0.0228524 0.0151074
19 0.7162389 0.6088250 0.0239406 0.0151074
13 0.8288684 0.5537912 0.0228524 0.0151074
23 0.9930573 0.4976783 0.0138855 0.0151074
