2 0.7728918 0.3654956 0.0286705 0.0158355
19 0.4809729 0.2514800 0.0286706 0.0158355
32 0.6262807 0.3781641 0.5225868 0.4592295
33 0.7070798 0.1601620 0.0117289 0.0126684
10 0.6999121 0.2514800 0.0286706 0.0158355
34 0.4079932 0.3660235 0.0677669 0.0570078
18 0.4079932 0.3654956 0.0286706 0.0158355
9 0.6999121 0.4225035 0.0286706 0.0158355
28 0.7728918 0.4225035 0.0286705 0.0158355
16 0.4079932 0.4795112 0.0286706 0.0158355
27 0.7728918 0.4795112 0.0286705 0.0158355
3 0.8458714 0.4795112 0.0286706 0.0158355
28 0.6999121 0.4795112 0.0286706 0.0158355
2 0.4809729 0.4795112 0.0286706 0.0158355
25 0.8458714 0.4225035 0.0286706 0.0158355
7 0.4809729 0.4225035 0.0286706 0.0158355
26 0.8458714 0.2514800 0.0286706 0.0158355
6 0.5539526 0.4225035 0.0286706 0.0158355
6 0.6269323 0.4795112 0.0286706 0.0158355
3 0.4809729 0.3654956 0.0286706 0.0158355
17 0.8458714 0.3084878 0.0286706 0.0158355
3 0.4079932 0.3084878 0.0286706 0.0158355
27 0.5539526 0.3084878 0.0286706 0.0158355
19 0.6269323 0.3084878 0.0286706 0.0158355
4 0.6269323 0.2514800 0.0286706 0.0158355
15 0.4079932 0.4225035 0.0286706 0.0158355
26 0.7728918 0.2514800 0.0286705 0.0158355
13 0.6269323 0.3654956 0.0286706 0.0158355
6 0.4079932 0.2514800 0.0286706 0.0158355
6 0.7728918 0.3084878 0.0286705 0.0158355
19 0.8458714 0.3654956 0.0286706 0.0158355
3 0.5539526 0.2514800 0.0286706 0.0158355
4 0.6999121 0.3654956 0.0286706 0.0158355
27 0.6269323 0.4225035 0.0286706 0.0158355
14 0.5539526 0.3654956 0.0286706 0.0158355
31 0.5539526 0.4795112 0.0286706 0.0158355
24 0.6999121 0.3084878 0.0286706 0.0158355
16 0.4809729 0.3084878 0.0286706 0.0158355
