6 0.4305582 0.3527208 0.0263651 0.0165952
27 0.3634470 0.6514340 0.0263651 0.0165952
32 0.4970702 0.4467601 0.4805640 0.4901109
33 0.5707726 0.2155340 0.0119841 0.0143825
29 0.2963359 0.3527208 0.0263651 0.0165952
8 0.3634470 0.3527208 0.0263651 0.0165952
26 0.4976694 0.3527208 0.0263651 0.0165952
23 0.3634470 0.4124634 0.0263651 0.0165952
4 0.5647806 0.4124634 0.0263651 0.0165952
25 0.2963359 0.4722061 0.0263651 0.0165952
28 0.6318917 0.4722061 0.0263651 0.0165952
34 0.4305582 0.5325019 0.0623175 0.0597426
24 0.4305582 0.5319487 0.0263651 0.0165952
18 0.4976694 0.5319487 0.0263651 0.0165952
22 0.6318917 0.5319487 0.0263651 0.0165952
16 0.6990030 0.5319487 0.0263651 0.0165952
5 0.4305582 0.5916914 0.0263651 0.0165952
19 0.4305582 0.6514340 0.0263651 0.0165952
30 0.6318917 0.6514340 0.0263651 0.0165952
29 0.2963359 0.6514340 0.0263651 0.0165952
29 0.5647806 0.6514340 0.0263651 0.0165952
15 0.3634470 0.5319487 0.0263651 0.0165952
27 0.5647806 0.5319487 0.0263651 0.0165952
24 0.6990030 0.4124634 0.0263651 0.0165952
14 0.4976694 0.5916914 0.0263651 0.0165952
3 0.4976694 0.4722061 0.0263651 0.0165952
8 0.5647806 0.4722061 0.0263651 0.0165952
4 0.4976694 0.4124634 0.0263651 0.0165952
8 0.6990030 0.4722061 0.0263651 0.0165952
8 0.2963359 0.4124634 0.0263651 0.0165952
27 0.5647806 0.3527208 0.0263651 0.0165952
5 0.3634470 0.5916914 0.0263651 0.0165952
14 0.6990030 0.6514340 0.0263651 0.0165952
11 0.6318917 0.4124634 0.0263651 0.0165952
31 0.6318917 0.3527208 0.0263651 0.0165952
22 0.6990030 0.3527208 0.0263651 0.0165952
20 0.3634470 0.4722061 0.0263651 0.0165952
15 0.2963359 0.5916914 0.0263651 0.0165952
23 0.5647806 0.5916914 0.0263651 0.0165952
16 0.6318917 0.5916914 0.0263651 0.0165952
29 0.4305582 0.4722061 0.0263651 0.0165952
15 0.2963359 0.5319487 0.0263651 0.0165952
5 0.4976694 0.6514340 0.0263651 0.0165952
27 0.6990030 0.5916914 0.0263651 0.0165952
30 0.4305582 0.4124634 0.0263651 0.0165952
