30 0.6753416 0.5423534 0.0277138 0.0168555
19 0.6753416 0.4209933 0.0277138 0.0168555
32 0.4637091 0.4496478 0.5089257 0.4989247
33 0.5411818 0.2119843 0.0113375 0.0146082
5 0.2520767 0.2996332 0.0277138 0.0168556
20 0.3226208 0.2996332 0.0277138 0.0168556
34 0.5342533 0.3001951 0.0655053 0.0606800
15 0.5342533 0.2996332 0.0277138 0.0168556
16 0.3931650 0.4209933 0.0277138 0.0168555
8 0.2520767 0.4816734 0.0277138 0.0168556
21 0.6047975 0.4816734 0.0277138 0.0168556
28 0.2520767 0.5423534 0.0277138 0.0168555
7 0.6047975 0.3603133 0.0277138 0.0168556
8 0.6047975 0.5423534 0.0277138 0.0168555
17 0.3226208 0.3603133 0.0277138 0.0168556
15 0.6753416 0.2996332 0.0277138 0.0168556
19 0.3931650 0.3603133 0.0277138 0.0168556
11 0.5342533 0.4816734 0.0277138 0.0168556
12 0.6753416 0.3603133 0.0277138 0.0168556
13 0.6047975 0.2996332 0.0277138 0.0168556
18 0.6753416 0.4816734 0.0277138 0.0168556
3 0.4637092 0.5423534 0.0277138 0.0168555
20 0.3226208 0.4209933 0.0277138 0.0168555
23 0.3931650 0.4816734 0.0277138 0.0168556
2 0.3931650 0.2996332 0.0277138 0.0168556
31 0.5342533 0.5423534 0.0277138 0.0168555
25 0.3931650 0.5423534 0.0277138 0.0168555
24 0.3226208 0.4816734 0.0277138 0.0168556
10 0.2520767 0.3603133 0.0277138 0.0168556
2 0.4637092 0.4209933 0.0277138 0.0168555
28 0.5342533 0.4209933 0.0277138 0.0168555
30 0.3226208 0.5423534 0.0277138 0.0168555
25 0.6047975 0.4209933 0.0277138 0.0168555
23 0.4637092 0.3603133 0.0277138 0.0168556
19 0.2520767 0.4209933 0.0277138 0.0168555
11 0.5342533 0.3603133 0.0277138 0.0168556
7 0.4637092 0.4816734 0.0277138 0.0168556
9 0.4637092 0.2996332 0.0277138 0.0168556
