29 0.5780522 0.4903635 0.0244520 0.0150397
7 0.5780522 0.3222412 0.0244520 0.0161140
32 0.6308462 0.4017368 0.4012350 0.3684724
33 0.8186820 0.2309288 0.0100031 0.0139654
8 0.5213680 0.3222412 0.0244520 0.0161140
10 0.4635724 0.3781030 0.0244520 0.0161140
29 0.6364035 0.3781030 0.0233406 0.0161140
2 0.7525505 0.3781030 0.0244520 0.0161140
25 0.7525505 0.4345018 0.0244520 0.0150397
34 0.6358478 0.4903635 0.0489039 0.0472676
7 0.6364035 0.4903635 0.0233406 0.0150397
27 0.6941992 0.4903635 0.0233405 0.0150397
18 0.8092347 0.4345018 0.0244520 0.0150397
24 0.5213680 0.4345018 0.0244520 0.0150397
18 0.4635724 0.3222412 0.0244520 0.0161140
10 0.6941992 0.4345018 0.0233405 0.0150397
17 0.4635724 0.5451510 0.0244520 0.0150397
23 0.6364035 0.3222412 0.0233406 0.0161140
1 0.8092347 0.3222412 0.0244520 0.0161140
8 0.4635724 0.4903635 0.0244520 0.0150397
12 0.8092347 0.4903635 0.0244520 0.0150397
1 0.7525505 0.5451510 0.0244520 0.0150397
14 0.6941992 0.5451510 0.0233405 0.0150397
28 0.5213680 0.3781030 0.0244520 0.0161140
2 0.5213680 0.4903635 0.0244520 0.0150397
20 0.8092347 0.5451510 0.0244520 0.0150397
5 0.7525505 0.3222412 0.0244520 0.0161140
11 0.6941992 0.3222412 0.0233405 0.0161140
7 0.6941992 0.3781030 0.0233405 0.0161140
28 0.5213680 0.5451510 0.0244520 0.0150397
20 0.8092347 0.3781030 0.0244520 0.0161140
24 0.6364035 0.5451510 0.0233406 0.0150397
22 0.7525505 0.4903635 0.0244520 0.0150397
13 0.4635724 0.4345018 0.0244520 0.0150397
29 0.6364035 0.4345018 0.0233406 0.0150397
22 0.5780522 0.5451510 0.0244520 0.0150397
9 0.5780522 0.4345018 0.0244520 0.0150397
24 0.5780522 0.3781030 0.0244520 0.0161140
