2 0.8835145 0.4685122 0.0231227 0.0159123
27 0.7695527 0.7443254 0.0242238 0.0159123
32 0.8418342 0.5655772 0.3163315 0.4052332
34 0.7122965 0.4679818 0.0484475 0.0466761
28 0.7122965 0.4685122 0.0242238 0.0159123
12 0.7695527 0.5236748 0.0242238 0.0159123
9 0.8257078 0.5236748 0.0242238 0.0159123
18 0.8835145 0.5236748 0.0231227 0.0159123
1 0.9932328 0.5236748 0.0135345 0.0159123
24 0.7695527 0.5793679 0.0242238 0.0148515
17 0.8835145 0.5793679 0.0231227 0.0148515
22 0.7695527 0.6345305 0.0242238 0.0148515
19 0.8835145 0.6345305 0.0231227 0.0148515
11 0.9932328 0.6345305 0.0135345 0.0148515
26 0.9932328 0.6886323 0.0135345 0.0148515
5 0.8835145 0.7443254 0.0231227 0.0159123
9 0.7695527 0.4685122 0.0242238 0.0159123
19 0.9407707 0.4685122 0.0231227 0.0159123
4 0.9407707 0.5236748 0.0231227 0.0159123
9 0.9407707 0.6886323 0.0231227 0.0148515
5 0.8257078 0.6345305 0.0242238 0.0148515
6 0.9932328 0.4685122 0.0135345 0.0159123
7 0.7695527 0.6886323 0.0242238 0.0148515
26 0.9932328 0.5793679 0.0135345 0.0148515
15 0.7122965 0.5793679 0.0242238 0.0148515
31 0.8257078 0.6886323 0.0242238 0.0148515
29 0.9407707 0.7443254 0.0231227 0.0159123
20 0.8835145 0.6886323 0.0231227 0.0148515
27 0.7122965 0.6886323 0.0242238 0.0148515
23 0.9932328 0.7443254 0.0135345 0.0159123
31 0.9407707 0.5793679 0.0231227 0.0148515
22 0.8257078 0.7443254 0.0242238 0.0159123
23 0.8257078 0.4685122 0.0242238 0.0159123
22 0.7122965 0.6345305 0.0242238 0.0148515
9 0.8257078 0.5793679 0.0242238 0.0148515
9 0.7122965 0.7443254 0.0242238 0.0159123
2 0.9407707 0.6345305 0.0231227 0.0148515
11 0.7122965 0.5236748 0.0242238 0.0159123
