1 0.3340491 0.3735528 0.0241810 0.0158217
11 0.2822326 0.3017898 0.0241810 0.0169519
32 0.3242616 0.2472286 0.3938056 0.4922350
33 0.4601360 0.0531620 0.0138177 0.0192121
20 0.4376822 0.1571336 0.0241810 0.0169519
7 0.4894987 0.1571336 0.0241810 0.0169519
24 0.3340491 0.2294617 0.0241810 0.0169519
34 0.3858657 0.2294617 0.0449077 0.0440749
29 0.3858657 0.2294617 0.0241810 0.0169519
6 0.2304161 0.3017898 0.0241810 0.0169519
19 0.4894987 0.3017898 0.0241810 0.0169519
4 0.2822326 0.3735528 0.0241810 0.0158217
28 0.1785996 0.3017898 0.0241810 0.0169519
24 0.3858657 0.3735528 0.0241810 0.0158217
16 0.4894987 0.4458808 0.0241810 0.0158217
25 0.3858657 0.3017898 0.0241810 0.0169519
11 0.2822326 0.2294617 0.0241810 0.0169519
14 0.1785996 0.2294617 0.0241810 0.0169519
18 0.3858657 0.4458808 0.0241810 0.0158217
24 0.2822326 0.1571336 0.0241810 0.0169519
12 0.4894987 0.2294617 0.0241810 0.0169519
16 0.2304161 0.4458808 0.0241810 0.0158217
18 0.4376822 0.2294617 0.0241810 0.0169519
6 0.1785996 0.1571336 0.0241810 0.0169519
4 0.3858657 0.1571336 0.0241810 0.0169519
27 0.3340491 0.3017898 0.0241810 0.0169519
7 0.2304161 0.1571336 0.0241810 0.0169519
22 0.4376822 0.4458808 0.0241810 0.0158217
4 0.4894987 0.3735528 0.0241810 0.0158217
17 0.2822326 0.4458808 0.0241810 0.0158217
8 0.4376822 0.3735528 0.0241810 0.0158217
20 0.3340491 0.4458808 0.0241810 0.0158217
4 0.2304161 0.2294617 0.0241810 0.0169519
5 0.2304161 0.3735528 0.0241810 0.0158217
24 0.3340491 0.1571336 0.0241810 0.0169519
25 0.4376822 0.3017898 0.0241810 0.0169519
3 0.1785996 0.4458808 0.0241810 0.0158217
16 0.1785996 0.3735528 0.0241810 0.0158217
