22 0.4475047 0.3071757 0.0267299 0.0159285
2 0.7877030 0.4218606 0.0267299 0.0159284
32 0.5835841 0.3915965 0.4908577 0.4714822
33 0.6583062 0.1670053 0.0109349 0.0138047
1 0.3794650 0.3071757 0.0267299 0.0159285
9 0.5835841 0.3071757 0.0267299 0.0159285
13 0.6516237 0.3071757 0.0267299 0.0159285
31 0.7877030 0.3071757 0.0267299 0.0159285
2 0.3794650 0.3645182 0.0267299 0.0159284
12 0.4475047 0.3645182 0.0267299 0.0159284
28 0.5155444 0.3645182 0.0267299 0.0159284
15 0.3794650 0.4218606 0.0267299 0.0159284
19 0.5155444 0.4218606 0.0267299 0.0159284
21 0.7196634 0.4218606 0.0267299 0.0159284
26 0.5155444 0.4792030 0.0267299 0.0159285
34 0.7196634 0.4797340 0.0631796 0.0573424
24 0.7196634 0.4792030 0.0267299 0.0159285
4 0.4475047 0.5365454 0.0267299 0.0159285
6 0.5835841 0.5365454 0.0267299 0.0159285
14 0.7196634 0.3645182 0.0267299 0.0159284
9 0.7877030 0.5365454 0.0267299 0.0159285
18 0.7196634 0.3071757 0.0267299 0.0159285
1 0.3794650 0.5365454 0.0267299 0.0159285
4 0.5835841 0.4792030 0.0267299 0.0159285
1 0.4475047 0.2498333 0.0267299 0.0159285
12 0.7877030 0.4792030 0.0267299 0.0159285
31 0.6516237 0.3645182 0.0267299 0.0159284
31 0.5155444 0.2498333 0.0267299 0.0159285
5 0.5835841 0.3645182 0.0267299 0.0159284
22 0.6516237 0.4792030 0.0267299 0.0159285
14 0.6516237 0.4218606 0.0267299 0.0159284
24 0.7196634 0.5365454 0.0267299 0.0159285
14 0.5155444 0.5365454 0.0267299 0.0159285
15 0.3794650 0.4792030 0.0267299 0.0159285
16 0.5835841 0.4218606 0.0267299 0.0159284
21 0.7877030 0.2498333 0.0267299 0.0159285
2 0.6516237 0.2498333 0.0267299 0.0159285
9 0.6516237 0.5365454 0.0267299 0.0159285
28 0.4475047 0.4792030 0.0267299 0.0159285
20 0.3794650 0.2498333 0.0267299 0.0159285
9 0.4475047 0.4218606 0.0267299 0.0159284
30 0.7877030 0.3645182 0.0267299 0.0159284
21 0.7196634 0.2498333 0.0267299 0.0159285
20 0.5835841 0.2498333 0.0267299 0.0159285
4 0.5155444 0.3071757 0.0267299 0.0159285
