15 0.7646446 0.3438978 0.0268528 0.0160203
30 0.4912342 0.5169171 0.0268528 0.0160203
32 0.5589765 0.4720603 0.4894536 0.4645889
33 0.6346526 0.2515141 0.0109853 0.0128162
8 0.6279394 0.3438978 0.0268528 0.0160203
7 0.4228815 0.4015709 0.0268528 0.0160203
25 0.4912342 0.4015709 0.0268528 0.0160203
34 0.5595868 0.4021050 0.0634703 0.0576731
22 0.5595868 0.4015709 0.0268528 0.0160203
17 0.6962920 0.5169171 0.0268529 0.0160203
31 0.6279394 0.5745903 0.0268528 0.0160203
22 0.6962920 0.5745903 0.0268529 0.0160203
26 0.6962920 0.4015709 0.0268529 0.0160203
19 0.3545290 0.3438978 0.0268528 0.0160203
19 0.3545290 0.4015709 0.0268528 0.0160203
25 0.5595868 0.3438978 0.0268528 0.0160203
27 0.6279394 0.4592440 0.0268528 0.0160203
23 0.5595868 0.4592440 0.0268528 0.0160203
25 0.7646446 0.5745903 0.0268528 0.0160203
19 0.3545290 0.4592440 0.0268528 0.0160203
28 0.6279394 0.4015709 0.0268528 0.0160203
18 0.4228815 0.4592440 0.0268528 0.0160203
15 0.7646446 0.4592440 0.0268528 0.0160203
16 0.4912342 0.5745903 0.0268528 0.0160203
4 0.4912342 0.3438978 0.0268528 0.0160203
3 0.7646446 0.4015709 0.0268528 0.0160203
16 0.3545290 0.5745903 0.0268528 0.0160203
3 0.7646446 0.5169171 0.0268528 0.0160203
19 0.6962920 0.4592440 0.0268529 0.0160203
5 0.6279394 0.5169171 0.0268528 0.0160203
27 0.4228815 0.5169171 0.0268528 0.0160203
14 0.4912342 0.4592440 0.0268528 0.0160203
26 0.4228815 0.3438978 0.0268528 0.0160203
21 0.6962920 0.3438978 0.0268529 0.0160203
16 0.3545290 0.5169171 0.0268528 0.0160203
14 0.5595868 0.5169171 0.0268528 0.0160203
19 0.4228815 0.5745903 0.0268528 0.0160203
7 0.5595868 0.5745903 0.0268528 0.0160203
