30 0.2248377 0.2740872 0.0235733 0.0157592
5 0.2248377 0.3236162 0.0235733 0.0157592
32 0.2826484 0.2920977 0.4243194 0.3759704
33 0.4577644 0.1497018 0.0089803 0.0146336
2 0.3825543 0.2256838 0.0246958 0.0157592
23 0.1187579 0.2740872 0.0246958 0.0157592
18 0.2775970 0.2740872 0.0235733 0.0157592
26 0.4364362 0.2740872 0.0246958 0.0157592
14 0.1187579 0.4232371 0.0246958 0.0168849
35 0.2253990 0.4232371 0.0449015 0.0439008
6 0.2248377 0.4232371 0.0235733 0.0168849
4 0.2775970 0.4232371 0.0235733 0.0168849
7 0.4364362 0.3731453 0.0246958 0.0157592
24 0.2248377 0.3731453 0.0235733 0.0157592
25 0.2248377 0.2256838 0.0235733 0.0157592
2 0.2775970 0.3236162 0.0235733 0.0157592
3 0.3297950 0.3236162 0.0246958 0.0157592
26 0.1726397 0.2256838 0.0246958 0.0157592
8 0.3825543 0.2740872 0.0246958 0.0157592
20 0.1726397 0.2740872 0.0246958 0.0157592
28 0.1726397 0.3731453 0.0246958 0.0157592
16 0.3297950 0.2256838 0.0246958 0.0157592
14 0.1187579 0.2256838 0.0246958 0.0157592
19 0.1187579 0.3236162 0.0246958 0.0157592
17 0.2775970 0.3731453 0.0235733 0.0157592
29 0.2775970 0.2256838 0.0235733 0.0157592
22 0.3297950 0.4232371 0.0246958 0.0168849
1 0.4364362 0.4232371 0.0246958 0.0168849
14 0.3825543 0.3731453 0.0246958 0.0157592
29 0.3825543 0.3236162 0.0246958 0.0157592
25 0.3825543 0.4232371 0.0246958 0.0168849
24 0.4364362 0.2256838 0.0246958 0.0157592
3 0.1726397 0.3236162 0.0246958 0.0157592
7 0.3297950 0.3731453 0.0246958 0.0157592
20 0.1726397 0.4232371 0.0246958 0.0168849
9 0.3297950 0.2740872 0.0246958 0.0157592
20 0.4364362 0.3236162 0.0246958 0.0157592
3 0.1187579 0.3731453 0.0246958 0.0157592
