15 0.3281006 0.2427474 0.0280538 0.0158711
11 0.1852814 0.4141549 0.0280538 0.0158710
32 0.4001478 0.3517287 0.5164446 0.4666092
33 0.4760206 0.1443468 0.0102014 0.0116388
20 0.3995102 0.2427474 0.0280538 0.0158711
15 0.1852814 0.2993542 0.0280538 0.0148130
29 0.5423295 0.2993542 0.0280538 0.0148130
11 0.6137391 0.2993542 0.0280538 0.0148130
14 0.3281006 0.3570190 0.0280538 0.0158710
18 0.4709199 0.3570190 0.0280538 0.0158710
10 0.6137391 0.3570190 0.0280538 0.0158710
2 0.3995102 0.4141549 0.0280538 0.0158710
34 0.4709199 0.4136258 0.0663089 0.0571358
16 0.4709199 0.4141549 0.0280538 0.0158710
4 0.2566910 0.4712907 0.0280538 0.0158710
23 0.3281006 0.4712907 0.0280538 0.0158710
19 0.6137391 0.4712907 0.0280538 0.0158710
8 0.1852814 0.5278975 0.0280538 0.0148130
21 0.4709199 0.5278975 0.0280538 0.0148130
3 0.5423295 0.4712907 0.0280538 0.0158710
26 0.2566910 0.3570190 0.0280538 0.0158710
29 0.6137391 0.2427474 0.0280538 0.0158711
19 0.2566910 0.2993542 0.0280538 0.0148130
5 0.1852814 0.4712907 0.0280538 0.0158710
16 0.3995102 0.4712907 0.0280538 0.0158710
7 0.3995102 0.2993542 0.0280538 0.0148130
22 0.2566910 0.5278975 0.0280538 0.0148130
31 0.3995102 0.3570190 0.0280538 0.0158710
5 0.5423295 0.4141549 0.0280538 0.0158710
18 0.3281006 0.2993542 0.0280538 0.0148130
19 0.3281006 0.4141549 0.0280538 0.0158710
24 0.2566910 0.2427474 0.0280538 0.0158711
25 0.5423295 0.3570190 0.0280538 0.0158710
17 0.6137391 0.5278975 0.0280538 0.0148130
26 0.4709199 0.2427474 0.0280538 0.0158711
7 0.6137391 0.4141549 0.0280538 0.0158710
9 0.3995102 0.5278975 0.0280538 0.0148130
21 0.4709199 0.4712907 0.0280538 0.0158710
19 0.5423295 0.2427474 0.0280538 0.0158711
8 0.3281006 0.5278975 0.0280538 0.0148130
10 0.1852814 0.2427474 0.0280538 0.0158711
5 0.5423295 0.5278975 0.0280538 0.0148130
2 0.1852814 0.3570190 0.0280538 0.0158710
14 0.4709199 0.2993542 0.0280538 0.0148130
12 0.2566910 0.4141549 0.0280538 0.0158710
