2 0.6758264 0.5447293 0.0256076 0.0155461
17 0.7369355 0.6591047 0.0244437 0.0155462
32 0.7311157 0.5108609 0.4201982 0.3808812
33 0.9278289 0.3343007 0.0104758 0.0144357
10 0.6164632 0.4286882 0.0256076 0.0166566
3 0.9179350 0.4864312 0.0256076 0.0166566
9 0.6164632 0.5447293 0.0256076 0.0155461
34 0.9179350 0.5447293 0.0512153 0.0488594
22 0.9179350 0.5447293 0.0256076 0.0155461
26 0.5559361 0.6024723 0.0256076 0.0155462
24 0.7974627 0.6024723 0.0244436 0.0155462
28 0.9179350 0.6591047 0.0256076 0.0155462
29 0.6758264 0.4286882 0.0256076 0.0166566
3 0.6758264 0.6591047 0.0256076 0.0155462
31 0.7974627 0.6591047 0.0244436 0.0155462
7 0.7369355 0.4286882 0.0244437 0.0166566
30 0.8585718 0.4864312 0.0256076 0.0166566
23 0.6758264 0.4864312 0.0256076 0.0166566
2 0.8585718 0.6591047 0.0256076 0.0155462
14 0.8585718 0.6024723 0.0256076 0.0155462
23 0.7974627 0.4286882 0.0244436 0.0166566
11 0.7369355 0.6024723 0.0244437 0.0155462
29 0.7369355 0.5447293 0.0244437 0.0155461
4 0.6164632 0.4864312 0.0256076 0.0166566
13 0.9179350 0.4286882 0.0256076 0.0166566
14 0.7369355 0.4864312 0.0244437 0.0166566
12 0.7974627 0.5447293 0.0244436 0.0155461
16 0.8585718 0.4286882 0.0256076 0.0166566
6 0.5559361 0.6591047 0.0256076 0.0155462
14 0.8585718 0.5447293 0.0256076 0.0155461
23 0.5559361 0.5447293 0.0256076 0.0155461
27 0.6758264 0.6024723 0.0256076 0.0155462
23 0.5559361 0.4864312 0.0256076 0.0166566
4 0.6164632 0.6591047 0.0256076 0.0155462
11 0.7974627 0.4864312 0.0244436 0.0166566
2 0.9179350 0.6024723 0.0256076 0.0155462
11 0.6164632 0.6024723 0.0256076 0.0155462
8 0.5559361 0.4286882 0.0256076 0.0166566
