18 0.6144316 0.3310250 0.0243185 0.0158894
4 0.6144316 0.4417213 0.0243185 0.0148301
32 0.6086415 0.3543295 0.4180474 0.3633381
33 0.8043478 0.1859016 0.0104222 0.0137708
20 0.4343586 0.2759417 0.0254766 0.0158894
27 0.5536353 0.2759417 0.0254766 0.0158894
17 0.7945047 0.2759417 0.0254766 0.0158894
8 0.4343586 0.3310250 0.0254766 0.0158894
3 0.5536353 0.3310250 0.0254766 0.0158894
5 0.4945759 0.4957453 0.0254766 0.0148301
34 0.5536353 0.4957453 0.0509531 0.0466090
23 0.5536353 0.4957453 0.0254766 0.0148301
18 0.5536353 0.4417213 0.0254766 0.0148301
14 0.4945759 0.2759417 0.0254766 0.0158894
20 0.6746490 0.3310250 0.0243186 0.0158894
23 0.7945047 0.4957453 0.0254766 0.0148301
19 0.4343586 0.4417213 0.0254766 0.0148301
30 0.6746490 0.2759417 0.0243186 0.0158894
12 0.4343586 0.4957453 0.0254766 0.0148301
23 0.6144316 0.4957453 0.0243185 0.0148301
3 0.5536353 0.3866380 0.0254766 0.0148301
11 0.4945759 0.3866380 0.0254766 0.0148301
22 0.4343586 0.3866380 0.0254766 0.0148301
23 0.7354453 0.3866380 0.0254766 0.0148301
25 0.6746490 0.4417213 0.0243186 0.0148301
28 0.7354453 0.2759417 0.0254766 0.0158894
17 0.7945047 0.4417213 0.0254766 0.0148301
27 0.4945759 0.3310250 0.0254766 0.0158894
17 0.7945047 0.3866380 0.0254766 0.0148301
5 0.7354453 0.4417213 0.0254766 0.0148301
15 0.6746490 0.3866380 0.0243186 0.0148301
12 0.4945759 0.4417213 0.0254766 0.0148301
29 0.6746490 0.4957453 0.0243186 0.0148301
7 0.6144316 0.2759417 0.0243185 0.0158894
17 0.6144316 0.3866380 0.0243185 0.0148301
2 0.7354453 0.3310250 0.0254766 0.0158894
1 0.7354453 0.4957453 0.0254766 0.0148301
25 0.7945047 0.3310250 0.0254766 0.0158894
