4 0.5540630 0.3502823 0.0286124 0.0173326
22 0.4812313 0.4126799 0.0286124 0.0173326
32 0.5540630 0.3173503 0.5254283 0.5130461
33 0.6340477 0.0729601 0.0117051 0.0150216
15 0.5540630 0.1630899 0.0286124 0.0173327
2 0.6268946 0.1630899 0.0286124 0.0173327
17 0.7725580 0.1630899 0.0286124 0.0173327
25 0.4083997 0.2254873 0.0286124 0.0173327
8 0.4812313 0.2878849 0.0286124 0.0173326
20 0.5540630 0.2878849 0.0286124 0.0173326
10 0.3355680 0.3502823 0.0286124 0.0173326
6 0.6268946 0.4126799 0.0286124 0.0173326
14 0.7725580 0.4126799 0.0286124 0.0173326
9 0.4083997 0.4750773 0.0286124 0.0173326
28 0.4812313 0.4750773 0.0286124 0.0173326
23 0.6268946 0.4750773 0.0286124 0.0173326
34 0.6997263 0.4756551 0.0676294 0.0623975
26 0.6997263 0.4750773 0.0286124 0.0173326
12 0.7725580 0.4750773 0.0286124 0.0173326
17 0.7725580 0.2254873 0.0286124 0.0173327
19 0.7725580 0.2878849 0.0286124 0.0173326
22 0.3355680 0.2254873 0.0286124 0.0173327
25 0.6997263 0.4126799 0.0286124 0.0173326
17 0.3355680 0.2878849 0.0286124 0.0173326
2 0.6268946 0.3502823 0.0286124 0.0173326
31 0.6997263 0.1630899 0.0286124 0.0173327
7 0.4812313 0.2254873 0.0286124 0.0173327
8 0.3355680 0.4126799 0.0286124 0.0173326
4 0.3355680 0.1630899 0.0286124 0.0173327
11 0.3355680 0.4750773 0.0286124 0.0173326
2 0.5540630 0.2254873 0.0286124 0.0173327
11 0.4812313 0.3502823 0.0286124 0.0173326
31 0.6268946 0.2878849 0.0286124 0.0173326
27 0.6997263 0.3502823 0.0286124 0.0173326
9 0.5540630 0.4126799 0.0286124 0.0173326
25 0.4083997 0.3502823 0.0286124 0.0173326
19 0.7725580 0.3502823 0.0286124 0.0173326
29 0.6997263 0.2254873 0.0286124 0.0173327
3 0.4812313 0.1630899 0.0286124 0.0173327
27 0.6268946 0.2254873 0.0286124 0.0173327
8 0.4083997 0.2878849 0.0286124 0.0173326
16 0.5540630 0.4750773 0.0286124 0.0173326
10 0.4083997 0.4126799 0.0286124 0.0173326
9 0.4083997 0.1630899 0.0286124 0.0173327
8 0.6997263 0.2878849 0.0286124 0.0173326
