4 0.5702526 0.7154178 0.0268490 0.0162511
21 0.1601950 0.7154178 0.0268490 0.0162511
32 0.3646136 0.5149866 0.4893843 0.4799515
33 0.4396687 0.2885535 0.0122041 0.0140844
12 0.3652238 0.4228965 0.0268491 0.0162512
9 0.1601950 0.4814008 0.0268490 0.0162512
30 0.3652238 0.4814008 0.0268491 0.0162512
31 0.5019096 0.4814008 0.0268490 0.0162512
28 0.2285379 0.5399051 0.0268490 0.0162512
17 0.3652238 0.5399051 0.0268491 0.0162512
26 0.1601950 0.5984093 0.0268490 0.0162511
34 0.2968808 0.5989510 0.0634613 0.0585042
31 0.2968808 0.5984093 0.0268490 0.0162511
10 0.3652238 0.5984093 0.0268491 0.0162511
19 0.4335667 0.5984093 0.0268490 0.0162511
5 0.2285379 0.6569135 0.0268490 0.0162511
25 0.5702526 0.6569135 0.0268490 0.0162511
3 0.2968808 0.7154178 0.0268490 0.0162511
29 0.3652238 0.7154178 0.0268491 0.0162511
11 0.2968808 0.4814008 0.0268490 0.0162512
21 0.5702526 0.4814008 0.0268490 0.0162512
25 0.5019096 0.7154178 0.0268490 0.0162511
7 0.2968808 0.6569135 0.0268490 0.0162511
22 0.4335667 0.4814008 0.0268490 0.0162512
10 0.4335667 0.6569135 0.0268490 0.0162511
18 0.5019096 0.4228965 0.0268490 0.0162512
31 0.4335667 0.4228965 0.0268490 0.0162512
8 0.5702526 0.5984093 0.0268490 0.0162511
11 0.5702526 0.4228965 0.0268490 0.0162512
20 0.5019096 0.5984093 0.0268490 0.0162511
15 0.2285379 0.4814008 0.0268490 0.0162512
12 0.1601950 0.4228965 0.0268490 0.0162512
26 0.5702526 0.5399051 0.0268490 0.0162512
14 0.1601950 0.6569135 0.0268490 0.0162511
29 0.3652238 0.6569135 0.0268491 0.0162511
22 0.5019096 0.6569135 0.0268490 0.0162511
27 0.5019096 0.5399051 0.0268490 0.0162512
24 0.4335667 0.5399051 0.0268490 0.0162512
15 0.4335667 0.7154178 0.0268490 0.0162511
23 0.2968808 0.5399051 0.0268490 0.0162512
1 0.2285379 0.4228965 0.0268490 0.0162512
22 0.1601950 0.5399051 0.0268490 0.0162512
30 0.2285379 0.5984093 0.0268490 0.0162511
5 0.2285379 0.7154178 0.0268490 0.0162511
16 0.2968808 0.4228965 0.0268490 0.0162512
