4 0.4727659 0.6039795 0.0287707 0.0167209
27 0.4727659 0.3631993 0.0287707 0.0167209
32 0.3988774 0.4969660 0.5244119 0.4849044
33 0.4799585 0.2667758 0.0117699 0.0133767
27 0.1798275 0.3631993 0.0287707 0.0167209
2 0.2530621 0.3631993 0.0287707 0.0167209
22 0.3995313 0.3631993 0.0287707 0.0167209
15 0.5460004 0.3631993 0.0287708 0.0167209
30 0.6192350 0.3631993 0.0287707 0.0167209
14 0.3262967 0.4233944 0.0287707 0.0167208
10 0.4727659 0.4233944 0.0287707 0.0167208
8 0.3262967 0.4835894 0.0287707 0.0167209
26 0.1798275 0.5437844 0.0287707 0.0167209
7 0.3262967 0.5437844 0.0287707 0.0167209
25 0.5460004 0.5437844 0.0287708 0.0167209
19 0.5460004 0.6039795 0.0287708 0.0167209
6 0.1798275 0.6641745 0.0287707 0.0167209
34 0.5460004 0.6647319 0.0680035 0.0601950
31 0.5460004 0.6641745 0.0287708 0.0167209
23 0.3995313 0.4233944 0.0287707 0.0167208
5 0.3262967 0.6039795 0.0287707 0.0167209
30 0.2530621 0.6039795 0.0287707 0.0167209
14 0.3995313 0.6039795 0.0287707 0.0167209
13 0.1798275 0.4835894 0.0287707 0.0167209
3 0.2530621 0.5437844 0.0287707 0.0167209
31 0.6192350 0.5437844 0.0287707 0.0167209
5 0.2530621 0.4835894 0.0287707 0.0167209
3 0.4727659 0.6641745 0.0287707 0.0167209
3 0.3995313 0.4835894 0.0287707 0.0167209
13 0.3995313 0.5437844 0.0287707 0.0167209
17 0.5460004 0.4233944 0.0287708 0.0167208
28 0.6192350 0.4835894 0.0287707 0.0167209
31 0.2530621 0.4233944 0.0287707 0.0167208
20 0.4727659 0.5437844 0.0287707 0.0167209
28 0.3995313 0.6641745 0.0287707 0.0167209
31 0.6192350 0.6039795 0.0287707 0.0167209
17 0.6192350 0.4233944 0.0287707 0.0167208
18 0.2530621 0.6641745 0.0287707 0.0167209
27 0.5460004 0.4835894 0.0287708 0.0167209
19 0.4727659 0.4835894 0.0287707 0.0167209
4 0.6192350 0.6641745 0.0287707 0.0167209
30 0.3262967 0.3631993 0.0287707 0.0167209
3 0.1798275 0.6039795 0.0287707 0.0167209
15 0.1798275 0.4233944 0.0287707 0.0167208
31 0.3262967 0.6641745 0.0287707 0.0167209
