19 0.2005742 0.4517774 0.0287679 0.0163685
2 0.1273467 0.3928509 0.0287680 0.0163685
32 0.2738017 0.5385305 0.5282843 0.4845075
33 0.3542213 0.3077346 0.0117687 0.0141860
2 0.2005742 0.3928509 0.0287679 0.0163685
23 0.3470293 0.3928509 0.0287680 0.0163685
27 0.0541191 0.4517774 0.0287680 0.0163685
29 0.4202568 0.5107040 0.0287680 0.0163685
34 0.4934843 0.5112497 0.0679970 0.0589266
4 0.4934843 0.5107040 0.0287679 0.0163685
24 0.0541191 0.5696307 0.0287680 0.0163685
25 0.3470293 0.5696307 0.0287680 0.0163685
30 0.4934843 0.5696307 0.0287679 0.0163685
3 0.0541191 0.6285573 0.0287680 0.0163685
5 0.1273467 0.6285573 0.0287680 0.0163685
8 0.4934843 0.6285573 0.0287679 0.0163685
20 0.1273467 0.6874839 0.0287680 0.0163685
21 0.2005742 0.6874839 0.0287679 0.0163685
17 0.2738017 0.6874839 0.0287680 0.0163685
17 0.3470293 0.5107040 0.0287680 0.0163685
25 0.4202568 0.5696307 0.0287680 0.0163685
14 0.2738017 0.3928509 0.0287680 0.0163685
11 0.3470293 0.6285573 0.0287680 0.0163685
30 0.2738017 0.4517774 0.0287680 0.0163685
2 0.4202568 0.4517774 0.0287680 0.0163685
1 0.4934843 0.3928509 0.0287679 0.0163685
16 0.2005742 0.5696307 0.0287679 0.0163685
12 0.3470293 0.6874839 0.0287680 0.0163685
18 0.2738017 0.6285573 0.0287680 0.0163685
3 0.1273467 0.4517774 0.0287680 0.0163685
5 0.0541191 0.5107040 0.0287680 0.0163685
8 0.4202568 0.3928509 0.0287680 0.0163685
11 0.2005742 0.6285573 0.0287679 0.0163685
16 0.4202568 0.6874839 0.0287680 0.0163685
26 0.2005742 0.5107040 0.0287679 0.0163685
14 0.3470293 0.4517774 0.0287680 0.0163685
24 0.4202568 0.6285573 0.0287680 0.0163685
5 0.0541191 0.3928509 0.0287680 0.0163685
23 0.2738017 0.5107040 0.0287680 0.0163685
9 0.2738017 0.5696307 0.0287680 0.0163685
19 0.1273467 0.5107040 0.0287680 0.0163685
23 0.4934843 0.6874839 0.0287679 0.0163685
18 0.0541191 0.6874839 0.0287680 0.0163685
13 0.4934843 0.4517774 0.0287679 0.0163685
24 0.1273467 0.5696307 0.0287680 0.0163685
