15 0.7333050 0.3213222 0.0250812 0.0158510
21 0.5719876 0.2715047 0.0239411 0.0158510
32 0.5771178 0.2398028 0.4309396 0.3781594
33 0.7549659 0.0965777 0.0091204 0.0147188
35 0.6785824 0.1730021 0.0456021 0.0452886
17 0.6785825 0.1730021 0.0250812 0.0158510
24 0.4106702 0.2715047 0.0250811 0.0158510
11 0.6250000 0.2715047 0.0250811 0.0158510
23 0.4106702 0.3213222 0.0250811 0.0158510
18 0.4106702 0.3717056 0.0250811 0.0169832
27 0.4653927 0.3717056 0.0250811 0.0169832
22 0.7333050 0.3717056 0.0250812 0.0169832
12 0.5719876 0.3717056 0.0239411 0.0169832
22 0.7333050 0.1730021 0.0250812 0.0158510
17 0.5184052 0.1730021 0.0239411 0.0158510
1 0.5184052 0.3213222 0.0239411 0.0158510
30 0.4653927 0.3213222 0.0250811 0.0158510
24 0.6785825 0.3717056 0.0250812 0.0169832
26 0.4106702 0.2216873 0.0250811 0.0158510
6 0.6785825 0.3213222 0.0250812 0.0158510
6 0.5184052 0.2216873 0.0239411 0.0158510
21 0.4106702 0.1730021 0.0250811 0.0158510
12 0.4653927 0.1730021 0.0250811 0.0158510
24 0.5719876 0.2216873 0.0239411 0.0158510
31 0.5719876 0.3213222 0.0239411 0.0158510
25 0.6250000 0.3717056 0.0250811 0.0169832
18 0.5184052 0.3717056 0.0239411 0.0169832
21 0.5719876 0.1730021 0.0239411 0.0158510
29 0.4653927 0.2216873 0.0250811 0.0158510
2 0.5184052 0.2715047 0.0239411 0.0158510
18 0.6785825 0.2216873 0.0250812 0.0158510
16 0.6250000 0.1730021 0.0250811 0.0158510
30 0.6250000 0.2216873 0.0250811 0.0158510
7 0.4653927 0.2715047 0.0250811 0.0158510
23 0.7333050 0.2715047 0.0250812 0.0158510
31 0.6250000 0.3213222 0.0250811 0.0158510
5 0.6785825 0.2715047 0.0250812 0.0158510
3 0.7333050 0.2216873 0.0250812 0.0158510
