5 0.6015717 0.4027219 0.0225849 0.0154870
19 0.6499679 0.3319242 0.0225848 0.0154870
32 0.4956377 0.2251470 0.3678111 0.4480717
33 0.6225434 0.0183128 0.0129056 0.0188056
17 0.4079869 0.1200844 0.0225849 0.0165932
26 0.5047793 0.1200844 0.0225849 0.0165932
20 0.6015717 0.1200844 0.0225849 0.0165932
29 0.5531755 0.1908820 0.0225849 0.0165932
34 0.6015717 0.3324773 0.0419434 0.0431423
18 0.6015717 0.3319242 0.0225849 0.0154870
13 0.4563831 0.4027219 0.0225849 0.0154870
22 0.5047793 0.4027219 0.0225849 0.0154870
28 0.4079869 0.4027219 0.0225849 0.0154870
11 0.6499679 0.1200844 0.0225848 0.0165932
26 0.6015717 0.1908820 0.0225849 0.0165932
14 0.5047793 0.3319242 0.0225849 0.0154870
23 0.3595907 0.2616797 0.0225849 0.0165932
5 0.4563831 0.3319242 0.0225849 0.0154870
3 0.5531755 0.3319242 0.0225849 0.0154870
8 0.5531755 0.1200844 0.0225849 0.0165932
25 0.3595907 0.3319242 0.0225849 0.0154870
30 0.6499679 0.2616797 0.0225848 0.0165932
6 0.6499679 0.4027219 0.0225848 0.0154870
28 0.5531755 0.2616797 0.0225849 0.0165932
6 0.6015717 0.2616797 0.0225849 0.0165932
20 0.4563831 0.1908820 0.0225849 0.0165932
16 0.5047793 0.2616797 0.0225849 0.0165932
31 0.5047793 0.1908820 0.0225849 0.0165932
25 0.4563831 0.1200844 0.0225849 0.0165932
14 0.4079869 0.2616797 0.0225849 0.0165932
29 0.3595907 0.1200844 0.0225849 0.0165932
23 0.4079869 0.3319242 0.0225849 0.0154870
26 0.4563831 0.2616797 0.0225849 0.0165932
16 0.4079869 0.1908820 0.0225849 0.0165932
22 0.5531755 0.4027219 0.0225849 0.0154870
11 0.3595907 0.1908820 0.0225849 0.0165932
18 0.6499679 0.1908820 0.0225848 0.0165932
8 0.3595907 0.4027219 0.0225849 0.0154870
