26 0.1019443 0.4657743 0.0283143 0.0169899
24 0.2460900 0.3434475 0.0283143 0.0169898
32 0.2523715 0.4182027 0.5022430 0.4927050
33 0.3252414 0.1843094 0.0115831 0.0135919
30 0.2460900 0.2822841 0.0283143 0.0169898
28 0.1019443 0.3434475 0.0283143 0.0169898
34 0.3902357 0.3440138 0.0669248 0.0611634
13 0.3902357 0.3434475 0.0283143 0.0169898
2 0.4623085 0.3434475 0.0283144 0.0169898
31 0.4623085 0.4657743 0.0283144 0.0169899
14 0.1019443 0.5269377 0.0283143 0.0169899
11 0.3902357 0.5269377 0.0283143 0.0169899
3 0.4623085 0.2822841 0.0283144 0.0169898
18 0.2460900 0.4046109 0.0283143 0.0169898
2 0.3902357 0.4046109 0.0283143 0.0169898
3 0.1740171 0.3434475 0.0283143 0.0169898
24 0.3902357 0.4657743 0.0283143 0.0169899
21 0.3181628 0.5269377 0.0283143 0.0169899
20 0.1740171 0.4046109 0.0283143 0.0169898
13 0.1740171 0.5269377 0.0283143 0.0169899
29 0.1740171 0.2822841 0.0283143 0.0169898
7 0.4623085 0.4046109 0.0283144 0.0169898
25 0.4623085 0.5269377 0.0283144 0.0169899
3 0.0298714 0.4046109 0.0283143 0.0169898
2 0.0298714 0.3434475 0.0283143 0.0169898
16 0.3181628 0.4046109 0.0283143 0.0169898
13 0.1740171 0.4657743 0.0283143 0.0169899
1 0.0298714 0.5269377 0.0283143 0.0169899
6 0.0298714 0.4657743 0.0283143 0.0169899
31 0.0298714 0.2822841 0.0283143 0.0169898
16 0.3181628 0.4657743 0.0283143 0.0169899
20 0.3181628 0.3434475 0.0283143 0.0169898
3 0.3181628 0.2822841 0.0283143 0.0169898
7 0.2460900 0.4657743 0.0283143 0.0169899
13 0.1019443 0.4046109 0.0283143 0.0169898
21 0.3902357 0.2822841 0.0283143 0.0169898
5 0.2460900 0.5269377 0.0283143 0.0169899
20 0.1019443 0.2822841 0.0283143 0.0169898
