25 0.5958987 0.3409482 0.0285849 0.0173217
7 0.4503757 0.2785900 0.0285849 0.0173217
32 0.3776143 0.4327535 0.5249220 0.5127237
33 0.4575219 0.1885169 0.0116938 0.0150122
11 0.3776143 0.4033065 0.0285849 0.0173218
34 0.5231372 0.4038839 0.0675642 0.0623583
15 0.5231372 0.4033065 0.0285849 0.0173218
1 0.2320914 0.4656648 0.0285849 0.0173218
22 0.3776143 0.4656648 0.0285849 0.0173218
8 0.4503757 0.4656648 0.0285849 0.0173218
31 0.4503757 0.5280231 0.0285849 0.0173217
2 0.5958987 0.5280231 0.0285849 0.0173217
2 0.1593299 0.5280231 0.0285849 0.0173217
14 0.3048528 0.4656648 0.0285848 0.0173218
14 0.5958987 0.4656648 0.0285849 0.0173218
22 0.5231372 0.2785900 0.0285849 0.0173217
15 0.5958987 0.4033065 0.0285849 0.0173218
6 0.3048528 0.2785900 0.0285848 0.0173217
18 0.1593299 0.4033065 0.0285849 0.0173218
21 0.3048528 0.5280231 0.0285848 0.0173217
18 0.2320914 0.5280231 0.0285849 0.0173217
6 0.5231372 0.5280231 0.0285849 0.0173217
18 0.4503757 0.3409482 0.0285849 0.0173217
14 0.3776143 0.2785900 0.0285849 0.0173217
28 0.2320914 0.3409482 0.0285849 0.0173217
22 0.3048528 0.3409482 0.0285848 0.0173217
8 0.4503757 0.4033065 0.0285849 0.0173218
13 0.1593299 0.4656648 0.0285849 0.0173218
30 0.5958987 0.2785900 0.0285849 0.0173217
10 0.2320914 0.4033065 0.0285849 0.0173218
12 0.5231372 0.4656648 0.0285849 0.0173218
22 0.2320914 0.2785900 0.0285849 0.0173217
10 0.1593299 0.2785900 0.0285849 0.0173217
21 0.3776143 0.3409482 0.0285849 0.0173217
24 0.3048528 0.4033065 0.0285848 0.0173218
8 0.3776143 0.5280231 0.0285849 0.0173217
13 0.1593299 0.3409482 0.0285849 0.0173217
27 0.5231372 0.3409482 0.0285849 0.0173217
