22 0.4496383 0.3886445 0.0277411 0.0163549
27 0.5908656 0.5652776 0.0277411 0.0163549
32 0.5914962 0.5009483 0.5106884 0.4808347
33 0.6665232 0.2872440 0.0100877 0.0119936
6 0.5908656 0.3886445 0.0277411 0.0163549
17 0.6614793 0.3886445 0.0277411 0.0163549
9 0.7320930 0.3886445 0.0277411 0.0163549
26 0.8027068 0.3886445 0.0277411 0.0163549
3 0.5908656 0.4469770 0.0277411 0.0152646
1 0.5908656 0.5063999 0.0277411 0.0163549
34 0.6614793 0.5058547 0.0655699 0.0588777
24 0.6614793 0.5063999 0.0277411 0.0163549
2 0.7320930 0.5063999 0.0277411 0.0163549
11 0.3790246 0.5652776 0.0277411 0.0163549
24 0.4496383 0.5652776 0.0277411 0.0163549
18 0.8027068 0.5652776 0.0277411 0.0163549
27 0.6614793 0.6241553 0.0277411 0.0163550
16 0.6614793 0.6824879 0.0277411 0.0152646
15 0.8027068 0.6824879 0.0277411 0.0152646
7 0.5202520 0.6824879 0.0277411 0.0152646
7 0.5908656 0.6241553 0.0277411 0.0163550
13 0.5202520 0.3886445 0.0277411 0.0163549
5 0.3790246 0.6241553 0.0277411 0.0163550
1 0.8027068 0.4469770 0.0277411 0.0152646
3 0.7320930 0.4469770 0.0277411 0.0152646
26 0.7320930 0.5652776 0.0277411 0.0163549
8 0.6614793 0.5652776 0.0277411 0.0163549
22 0.4496383 0.4469770 0.0277411 0.0152646
24 0.5202520 0.4469770 0.0277411 0.0152646
27 0.7320930 0.6824879 0.0277411 0.0152646
9 0.6614793 0.4469770 0.0277411 0.0152646
6 0.5202520 0.5063999 0.0277411 0.0163549
26 0.5908656 0.6824879 0.0277411 0.0152646
20 0.3790246 0.5063999 0.0277411 0.0163549
8 0.4496383 0.5063999 0.0277411 0.0163549
22 0.3790246 0.4469770 0.0277411 0.0152646
13 0.8027068 0.5063999 0.0277411 0.0163549
17 0.5202520 0.6241553 0.0277411 0.0163550
24 0.8027068 0.6241553 0.0277411 0.0163550
31 0.4496383 0.6241553 0.0277411 0.0163550
27 0.3790246 0.6824879 0.0277411 0.0152646
21 0.7320930 0.6241553 0.0277411 0.0163550
14 0.5202520 0.5652776 0.0277411 0.0163549
1 0.4496383 0.6824879 0.0277411 0.0152646
17 0.3790246 0.3886445 0.0277411 0.0163549
