31 0.5361448 0.3505667 0.0241183 0.0162624
6 0.5878270 0.5581840 0.0241184 0.0151783
32 0.4230184 0.3662871 0.3927843 0.4748636
33 0.5585404 0.1814373 0.0137819 0.0184308
19 0.4327806 0.2811803 0.0241183 0.0162624
6 0.4844627 0.2811803 0.0241183 0.0162624
1 0.3294163 0.3505667 0.0241183 0.0162624
17 0.3294163 0.4199532 0.0241183 0.0162624
34 0.4844627 0.4199532 0.0447912 0.0422824
19 0.4844627 0.4199532 0.0241183 0.0162624
15 0.4844627 0.4887976 0.0241183 0.0151783
10 0.5361448 0.4887976 0.0241183 0.0151783
2 0.5361448 0.2811803 0.0241183 0.0162624
26 0.4327806 0.5581840 0.0241183 0.0151783
27 0.3810984 0.4199532 0.0241183 0.0162624
19 0.3294163 0.4887976 0.0241183 0.0151783
5 0.5361448 0.4199532 0.0241183 0.0162624
1 0.4327806 0.3505667 0.0241183 0.0162624
27 0.4327806 0.4887976 0.0241183 0.0151783
2 0.5878270 0.2811803 0.0241184 0.0162624
25 0.3810984 0.5581840 0.0241183 0.0151783
8 0.4844627 0.5581840 0.0241183 0.0151783
15 0.5878270 0.4199532 0.0241184 0.0162624
28 0.3810984 0.2811803 0.0241183 0.0162624
14 0.5878270 0.4887976 0.0241184 0.0151783
17 0.3810984 0.3505667 0.0241183 0.0162624
27 0.3810984 0.4887976 0.0241183 0.0151783
20 0.4844627 0.3505667 0.0241183 0.0162624
16 0.2777342 0.4887976 0.0241183 0.0151783
19 0.2777342 0.3505667 0.0241183 0.0162624
8 0.2777342 0.2811803 0.0241183 0.0162624
24 0.5361448 0.5581840 0.0241183 0.0151783
25 0.2777342 0.5581840 0.0241183 0.0151783
11 0.5878270 0.3505667 0.0241184 0.0162624
1 0.3294163 0.2811803 0.0241183 0.0162624
24 0.4327806 0.4199532 0.0241183 0.0162624
24 0.2777342 0.4199532 0.0241183 0.0162624
22 0.3294163 0.5581840 0.0241183 0.0151783
