28 0.3917490 0.6801774 0.0244046 0.0155588
9 0.3394535 0.6801774 0.0244046 0.0155588
32 0.4341665 0.4834705 0.3974462 0.4867662
33 0.5712971 0.2939873 0.0139455 0.0188928
24 0.4963401 0.3962304 0.0244046 0.0166701
28 0.6009313 0.3962304 0.0244046 0.0166701
34 0.3394535 0.4673561 0.0453228 0.0433422
6 0.3394535 0.4673561 0.0244046 0.0166701
19 0.3917490 0.4673561 0.0244046 0.0166701
25 0.4440446 0.4673561 0.0244046 0.0166701
26 0.6009313 0.5384817 0.0244046 0.0166701
9 0.4963401 0.6090517 0.0244046 0.0155587
1 0.5486357 0.6801774 0.0244046 0.0155588
16 0.5486357 0.3962304 0.0244046 0.0166701
17 0.3394535 0.5384817 0.0244046 0.0166701
29 0.3394535 0.6090517 0.0244046 0.0155587
19 0.2871579 0.6801774 0.0244046 0.0155588
11 0.3917490 0.6090517 0.0244046 0.0155587
3 0.6009313 0.4673561 0.0244046 0.0166701
30 0.6009313 0.6801774 0.0244046 0.0155588
28 0.4440446 0.5384817 0.0244046 0.0166701
5 0.2871579 0.6090517 0.0244046 0.0155587
17 0.4440446 0.6801774 0.0244046 0.0155588
7 0.4963401 0.5384817 0.0244046 0.0166701
16 0.6009313 0.6090517 0.0244046 0.0155587
7 0.4963401 0.4673561 0.0244046 0.0166701
30 0.3917490 0.3962304 0.0244046 0.0166701
26 0.4440446 0.6090517 0.0244046 0.0155587
14 0.5486357 0.5384817 0.0244046 0.0166701
17 0.2871579 0.4673561 0.0244046 0.0166701
30 0.4963401 0.6801774 0.0244046 0.0155588
9 0.5486357 0.4673561 0.0244046 0.0166701
19 0.2871579 0.5384817 0.0244046 0.0166701
5 0.3394535 0.3962304 0.0244046 0.0166701
27 0.2871579 0.3962304 0.0244046 0.0166701
4 0.4440446 0.3962304 0.0244046 0.0166701
17 0.3917490 0.5384817 0.0244046 0.0166701
24 0.5486357 0.6090517 0.0244046 0.0155587
