4 0.4822190 0.6584275 0.0235858 0.0147934
22 0.5327600 0.5908001 0.0235858 0.0147935
32 0.5737544 0.4713956 0.3841119 0.4628246
33 0.7062842 0.2912321 0.0134776 0.0179635
9 0.4822190 0.3884464 0.0235858 0.0158502
22 0.7349242 0.3884464 0.0235858 0.0158502
2 0.6338421 0.4560737 0.0235858 0.0158502
34 0.4316780 0.5237011 0.0438022 0.0412104
13 0.4316780 0.5237011 0.0235858 0.0158502
14 0.6843831 0.5237011 0.0235858 0.0158502
13 0.6843831 0.6584275 0.0235858 0.0147934
23 0.7349242 0.6584275 0.0235858 0.0147934
25 0.4316780 0.6584275 0.0235858 0.0147934
6 0.5833011 0.6584275 0.0235858 0.0147934
14 0.5833011 0.5908001 0.0235858 0.0147935
6 0.5327600 0.5237011 0.0235858 0.0158502
17 0.4822190 0.4560737 0.0235858 0.0158502
17 0.6338421 0.5908001 0.0235858 0.0147935
7 0.4316780 0.3884464 0.0235858 0.0158502
7 0.6843831 0.4560737 0.0235858 0.0158502
14 0.5327600 0.6584275 0.0235858 0.0147934
24 0.6338421 0.3884464 0.0235858 0.0158502
26 0.5327600 0.4560737 0.0235858 0.0158502
22 0.6843831 0.3884464 0.0235858 0.0158502
2 0.5833011 0.3884464 0.0235858 0.0158502
25 0.7349242 0.5237011 0.0235858 0.0158502
24 0.6843831 0.5908001 0.0235858 0.0147935
13 0.4822190 0.5908001 0.0235858 0.0147935
12 0.5833011 0.5237011 0.0235858 0.0158502
5 0.4316780 0.4560737 0.0235858 0.0158502
2 0.6338421 0.6584275 0.0235858 0.0147934
4 0.4316780 0.5908001 0.0235858 0.0147935
2 0.5833011 0.4560737 0.0235858 0.0158502
11 0.6338421 0.5237011 0.0235858 0.0158502
22 0.7349242 0.4560737 0.0235858 0.0158502
30 0.5327600 0.3884464 0.0235858 0.0158502
27 0.4822190 0.5237011 0.0235858 0.0158502
16 0.7349242 0.5908001 0.0235858 0.0147935
