21 0.3475498 0.3506609 0.0237492 0.0149251
5 0.4986810 0.2568460 0.0237492 0.0149251
32 0.4506429 0.2936257 0.4026569 0.3997792
33 0.6217451 0.1379783 0.0086361 0.0117269
17 0.3977469 0.2110047 0.0226697 0.0149251
28 0.4986810 0.2110047 0.0237492 0.0149251
27 0.6012344 0.2568460 0.0237492 0.0149251
1 0.3475498 0.3037534 0.0237492 0.0149251
31 0.4986810 0.3037534 0.0237492 0.0149251
3 0.4986810 0.3506609 0.0237492 0.0149251
10 0.6012344 0.3506609 0.0237492 0.0149251
19 0.3475498 0.3981013 0.0237492 0.0159912
35 0.5494180 0.3981013 0.0431804 0.0415770
31 0.5494180 0.3981013 0.0237493 0.0159912
24 0.6012344 0.3981013 0.0237492 0.0159912
12 0.2957333 0.4450087 0.0237492 0.0159911
2 0.3977469 0.4450087 0.0226697 0.0159911
26 0.4484839 0.4450087 0.0226697 0.0159911
13 0.6012344 0.4450087 0.0237492 0.0159911
28 0.2957333 0.3037534 0.0237492 0.0149251
27 0.5494180 0.3037534 0.0237493 0.0149251
24 0.4484839 0.2568460 0.0226697 0.0149251
27 0.5494180 0.4450087 0.0237493 0.0159911
4 0.4484839 0.2110047 0.0226697 0.0149251
29 0.3977469 0.3037534 0.0226697 0.0149251
29 0.3977469 0.3981013 0.0226697 0.0159912
6 0.3977469 0.3506609 0.0226697 0.0149251
13 0.5494180 0.2568460 0.0237493 0.0149251
26 0.3977469 0.2568460 0.0226697 0.0149251
17 0.5494180 0.3506609 0.0237493 0.0149251
1 0.5494180 0.2110047 0.0237493 0.0149251
9 0.2957333 0.3981013 0.0237492 0.0159912
25 0.4484839 0.3506609 0.0226697 0.0149251
30 0.6012344 0.2110047 0.0237492 0.0149251
4 0.2957333 0.3506609 0.0237492 0.0149251
7 0.4986810 0.3981013 0.0237492 0.0159912
25 0.3475498 0.4450087 0.0237492 0.0159911
10 0.2957333 0.2568460 0.0237492 0.0149251
5 0.4986810 0.4450087 0.0237492 0.0159911
18 0.6012344 0.3037534 0.0237492 0.0149251
24 0.3475498 0.2110047 0.0237492 0.0149251
19 0.4484839 0.3037534 0.0226697 0.0149251
30 0.4484839 0.3981013 0.0226697 0.0159912
28 0.2957333 0.2110047 0.0237492 0.0149251
8 0.3475498 0.2568460 0.0237492 0.0149251
