16 0.5784325 0.5146272 0.0262836 0.0171736
22 0.5115287 0.2673276 0.0262836 0.0171736
32 0.5778351 0.3028196 0.4790786 0.5071933
33 0.6513098 0.0635343 0.0119471 0.0148838
9 0.4446249 0.2055026 0.0262836 0.0171736
25 0.5115287 0.2055026 0.0262836 0.0171736
17 0.6453362 0.2055026 0.0262836 0.0171736
10 0.7122400 0.2055026 0.0262836 0.0171736
6 0.3777212 0.2673276 0.0262836 0.0171736
12 0.4446249 0.2673276 0.0262836 0.0171736
34 0.5784325 0.3297249 0.0621249 0.0618250
21 0.5784325 0.3291525 0.0262836 0.0171736
11 0.6453362 0.3291525 0.0262836 0.0171736
7 0.7791437 0.3291525 0.0262836 0.0171736
19 0.4446249 0.3909774 0.0262836 0.0171736
14 0.6453362 0.3909774 0.0262836 0.0171736
15 0.5115287 0.4528023 0.0262836 0.0171736
4 0.4446249 0.5146272 0.0262836 0.0171736
20 0.7791437 0.5146272 0.0262836 0.0171736
6 0.7122400 0.3909774 0.0262836 0.0171736
28 0.3777212 0.4528023 0.0262836 0.0171736
27 0.7122400 0.2673276 0.0262836 0.0171736
2 0.5115287 0.3909774 0.0262836 0.0171736
19 0.6453362 0.4528023 0.0262836 0.0171736
23 0.3777212 0.5146272 0.0262836 0.0171736
13 0.4446249 0.3291525 0.0262836 0.0171736
31 0.6453362 0.5146272 0.0262836 0.0171736
5 0.7791437 0.4528023 0.0262836 0.0171736
19 0.6453362 0.2673276 0.0262836 0.0171736
7 0.7791437 0.3909774 0.0262836 0.0171736
18 0.7122400 0.4528023 0.0262836 0.0171736
11 0.5115287 0.3291525 0.0262836 0.0171736
26 0.7791437 0.2673276 0.0262836 0.0171736
8 0.5784325 0.2055026 0.0262836 0.0171736
4 0.7122400 0.5146272 0.0262836 0.0171736
20 0.3777212 0.2055026 0.0262836 0.0171736
3 0.5115287 0.5146272 0.0262836 0.0171736
23 0.5784325 0.3909774 0.0262836 0.0171736
31 0.4446249 0.4528023 0.0262836 0.0171736
7 0.3777212 0.3291525 0.0262836 0.0171736
26 0.7791437 0.2055026 0.0262836 0.0171736
5 0.3777212 0.3909774 0.0262836 0.0171736
8 0.7122400 0.3291525 0.0262836 0.0171736
19 0.5784325 0.2673276 0.0262836 0.0171736
30 0.5784325 0.4528023 0.0262836 0.0171736
