15 0.6145418 0.3377875 0.0225411 0.0161221
27 0.4213324 0.3377875 0.0225411 0.0161221
32 0.5571156 0.2845844 0.3670977 0.4707665
33 0.6837751 0.1013294 0.0128806 0.0182718
17 0.7111464 0.2002118 0.0225411 0.0161221
4 0.4696347 0.2689997 0.0225411 0.0161221
25 0.7111464 0.2689997 0.0225411 0.0161221
34 0.4696347 0.3377875 0.0418620 0.0419176
25 0.4696347 0.3377875 0.0225411 0.0161221
11 0.5179371 0.3377875 0.0225411 0.0161221
8 0.7111464 0.3377875 0.0225411 0.0161221
12 0.4213324 0.4060379 0.0225411 0.0150473
21 0.5179371 0.4060379 0.0225411 0.0150473
15 0.6145418 0.4060379 0.0225411 0.0150473
1 0.6145418 0.4748256 0.0225411 0.0150473
15 0.4213324 0.2002118 0.0225411 0.0161221
18 0.5662394 0.4748256 0.0225411 0.0150473
24 0.7111464 0.4748256 0.0225411 0.0150473
23 0.6628440 0.2002118 0.0225411 0.0161221
13 0.4213324 0.2689997 0.0225411 0.0161221
24 0.7111464 0.4060379 0.0225411 0.0150473
30 0.5179371 0.2689997 0.0225411 0.0161221
18 0.6628440 0.4748256 0.0225411 0.0150473
24 0.4696347 0.4060379 0.0225411 0.0150473
22 0.5662394 0.3377875 0.0225411 0.0161221
25 0.5662394 0.2689997 0.0225411 0.0161221
26 0.5179371 0.2002118 0.0225411 0.0161221
16 0.4696347 0.4748256 0.0225411 0.0150473
7 0.6628440 0.2689997 0.0225411 0.0161221
22 0.5179371 0.4748256 0.0225411 0.0150473
16 0.4213324 0.4748256 0.0225411 0.0150473
27 0.5662394 0.2002118 0.0225411 0.0161221
22 0.6145418 0.2689997 0.0225411 0.0161221
6 0.6628440 0.4060379 0.0225411 0.0150473
26 0.4696347 0.2002118 0.0225411 0.0161221
17 0.6145418 0.2002118 0.0225411 0.0161221
11 0.6628440 0.3377875 0.0225411 0.0161221
11 0.5662394 0.4060379 0.0225411 0.0150473
