8 0.2644982 0.2344775 0.0264010 0.0168109
6 0.2644982 0.4160353 0.0264010 0.0168109
32 0.3311008 0.2692200 0.4812190 0.4964819
33 0.4049038 0.0349881 0.0120005 0.0145695
4 0.1972956 0.1739583 0.0264011 0.0168109
7 0.3989036 0.1739583 0.0264010 0.0168109
29 0.5333089 0.1739583 0.0264010 0.0168109
20 0.1300929 0.2344775 0.0264010 0.0168109
1 0.1972956 0.2344775 0.0264011 0.0168109
21 0.3317009 0.2344775 0.0264011 0.0168109
14 0.3989036 0.2344775 0.0264010 0.0168109
13 0.4661062 0.2344775 0.0264010 0.0168109
28 0.3989036 0.2949968 0.0264010 0.0168109
2 0.2644982 0.3555160 0.0264010 0.0168109
34 0.3317009 0.3560764 0.0624025 0.0605193
29 0.3317009 0.3555160 0.0264011 0.0168109
27 0.1300929 0.4160353 0.0264010 0.0168109
30 0.4661062 0.4160353 0.0264010 0.0168109
12 0.3989036 0.4765545 0.0264010 0.0168108
21 0.3317009 0.4765545 0.0264011 0.0168108
1 0.3317009 0.4160353 0.0264011 0.0168109
31 0.5333089 0.4160353 0.0264010 0.0168109
8 0.1300929 0.3555160 0.0264010 0.0168109
22 0.1972956 0.2949968 0.0264011 0.0168109
5 0.1300929 0.1739583 0.0264010 0.0168109
13 0.2644982 0.2949968 0.0264010 0.0168109
3 0.3989036 0.4160353 0.0264010 0.0168109
26 0.2644982 0.4765545 0.0264010 0.0168108
9 0.5333089 0.2344775 0.0264010 0.0168109
9 0.5333089 0.3555160 0.0264010 0.0168109
21 0.3989036 0.3555160 0.0264010 0.0168109
3 0.3317009 0.2949968 0.0264011 0.0168109
27 0.4661062 0.3555160 0.0264010 0.0168109
24 0.1972956 0.4765545 0.0264011 0.0168108
14 0.4661062 0.2949968 0.0264010 0.0168109
22 0.3317009 0.1739583 0.0264011 0.0168109
10 0.4661062 0.1739583 0.0264010 0.0168109
25 0.2644982 0.1739583 0.0264010 0.0168109
21 0.5333089 0.4765545 0.0264010 0.0168108
25 0.5333089 0.2949968 0.0264010 0.0168109
17 0.1972956 0.4160353 0.0264011 0.0168109
13 0.1300929 0.2949968 0.0264010 0.0168109
7 0.4661062 0.4765545 0.0264010 0.0168108
16 0.1300929 0.4765545 0.0264010 0.0168108
10 0.1972956 0.3555160 0.0264011 0.0168109
