30 0.7114615 0.3991542 0.0272829 0.0164208
1 0.4336715 0.5764992 0.0272829 0.0164208
32 0.6426340 0.5119106 0.5022541 0.4827726
33 0.7164220 0.2973450 0.0099210 0.0120420
8 0.5031190 0.3991542 0.0272829 0.0164208
26 0.5725665 0.3991542 0.0272829 0.0164208
6 0.4336715 0.4577218 0.0272829 0.0153261
9 0.5725665 0.4577218 0.0272829 0.0153261
23 0.6420140 0.4577218 0.0272829 0.0153261
34 0.6420140 0.5168369 0.0644869 0.0591151
21 0.6420140 0.5173842 0.0272829 0.0164208
10 0.8503564 0.5173842 0.0272829 0.0164208
3 0.5031190 0.5764992 0.0272829 0.0164208
14 0.5725665 0.5764992 0.0272829 0.0164208
30 0.4336715 0.6356143 0.0272829 0.0164208
27 0.5031190 0.6356143 0.0272829 0.0164208
31 0.6420140 0.6356143 0.0272829 0.0164208
7 0.4336715 0.6941819 0.0272829 0.0153261
13 0.6420140 0.6941819 0.0272829 0.0153261
13 0.8503564 0.6356143 0.0272829 0.0164208
5 0.7114615 0.4577218 0.0272829 0.0153261
9 0.8503564 0.6941819 0.0272829 0.0153261
31 0.7809090 0.3991542 0.0272829 0.0164208
6 0.4336715 0.5173842 0.0272829 0.0164208
13 0.7809090 0.6356143 0.0272829 0.0164208
22 0.7114615 0.6941819 0.0272829 0.0153261
12 0.7114615 0.5764992 0.0272829 0.0164208
18 0.7809090 0.5173842 0.0272829 0.0164208
27 0.8503564 0.4577218 0.0272829 0.0153261
13 0.6420140 0.5764992 0.0272829 0.0164208
11 0.8503564 0.5764992 0.0272829 0.0164208
1 0.7114615 0.5173842 0.0272829 0.0164208
6 0.7809090 0.6941819 0.0272829 0.0153261
3 0.5031190 0.5173842 0.0272829 0.0164208
17 0.7809090 0.5764992 0.0272829 0.0164208
30 0.8503564 0.3991542 0.0272829 0.0164208
17 0.7114615 0.6356143 0.0272829 0.0164208
27 0.5725665 0.6941819 0.0272829 0.0153261
29 0.5725665 0.5173842 0.0272829 0.0164208
12 0.6420140 0.3991542 0.0272829 0.0164208
16 0.7809090 0.4577218 0.0272829 0.0153261
13 0.5725665 0.6356143 0.0272829 0.0164208
22 0.5031190 0.4577218 0.0272829 0.0153261
28 0.5031190 0.6941819 0.0272829 0.0153261
28 0.4336715 0.3991542 0.0272829 0.0164208
