30 0.4252180 0.1821202 0.0236694 0.0149811
25 0.6780500 0.0890230 0.0236694 0.0149812
32 0.5822965 0.1659865 0.4066829 0.3297507
33 0.7501340 0.0167924 0.0086070 0.0139111
14 0.4768603 0.1821202 0.0236694 0.0149811
35 0.5274267 0.2292039 0.0430352 0.0428033
19 0.5268888 0.2292039 0.0225935 0.0149812
1 0.5774551 0.2292039 0.0225935 0.0149812
17 0.6274836 0.2292039 0.0236694 0.0149812
30 0.4768603 0.2768226 0.0236694 0.0160513
20 0.6274836 0.2768226 0.0236694 0.0160513
3 0.7296922 0.2768226 0.0236694 0.0160513
27 0.5774551 0.2768226 0.0225935 0.0160513
8 0.6780500 0.2292039 0.0236694 0.0149812
23 0.7296922 0.0890230 0.0236694 0.0149812
6 0.5774551 0.1821202 0.0225935 0.0149811
24 0.4252180 0.2292039 0.0236694 0.0149812
3 0.6274836 0.1350366 0.0236694 0.0149811
25 0.7296922 0.1821202 0.0236694 0.0149811
1 0.5774551 0.1350366 0.0225935 0.0149811
18 0.6780500 0.1821202 0.0236694 0.0149811
1 0.5268888 0.0890230 0.0225935 0.0149812
7 0.5268888 0.1821202 0.0225935 0.0149811
1 0.7296922 0.2292039 0.0236694 0.0149812
27 0.4252180 0.1350366 0.0236694 0.0149811
19 0.6274836 0.0890230 0.0236694 0.0149812
9 0.5268888 0.1350366 0.0225935 0.0149811
16 0.6780500 0.2768226 0.0236694 0.0160513
7 0.4768603 0.0890230 0.0236694 0.0149812
6 0.7296922 0.1350366 0.0236694 0.0149811
2 0.6274836 0.1821202 0.0236694 0.0149811
13 0.4768603 0.1350366 0.0236694 0.0149811
23 0.4252180 0.0890230 0.0236694 0.0149812
5 0.5268888 0.2768226 0.0225935 0.0160513
12 0.6780500 0.1350366 0.0236694 0.0149811
21 0.4252180 0.2768226 0.0236694 0.0160513
18 0.5774551 0.0890230 0.0225935 0.0149812
28 0.4768603 0.2292039 0.0236694 0.0149812
