3 0.6825214 0.3415060 0.0273054 0.0160960
16 0.4740079 0.4573972 0.0273053 0.0160960
32 0.4740079 0.3688692 0.5014251 0.4764411
33 0.5503387 0.1419158 0.0111703 0.0139499
30 0.2654945 0.2256150 0.0273053 0.0160960
27 0.3349990 0.2256150 0.0273053 0.0160960
1 0.4740079 0.2256150 0.0273053 0.0160960
23 0.5435123 0.2256150 0.0273053 0.0160960
3 0.6825214 0.2256150 0.0273054 0.0160960
7 0.3349990 0.2835605 0.0273053 0.0160960
29 0.4045035 0.2835605 0.0273053 0.0160960
17 0.5435123 0.3415060 0.0273053 0.0160960
19 0.6130168 0.3415060 0.0273053 0.0160960
34 0.2654945 0.3999881 0.0645399 0.0579456
6 0.2654945 0.3994516 0.0273053 0.0160960
4 0.4045035 0.3994516 0.0273053 0.0160960
24 0.2654945 0.4573972 0.0273053 0.0160960
21 0.6825214 0.4573972 0.0273054 0.0160960
18 0.5435123 0.5153426 0.0273053 0.0160960
4 0.4045035 0.4573972 0.0273053 0.0160960
19 0.4045035 0.2256150 0.0273053 0.0160960
30 0.3349990 0.3994516 0.0273053 0.0160960
29 0.4740079 0.3415060 0.0273053 0.0160960
13 0.5435123 0.3994516 0.0273053 0.0160960
12 0.6825214 0.3994516 0.0273054 0.0160960
25 0.2654945 0.3415060 0.0273053 0.0160960
19 0.4045035 0.3415060 0.0273053 0.0160960
25 0.3349990 0.5153426 0.0273053 0.0160960
4 0.6130168 0.4573972 0.0273053 0.0160960
19 0.4740079 0.2835605 0.0273053 0.0160960
28 0.3349990 0.3415060 0.0273053 0.0160960
13 0.6130168 0.2256150 0.0273053 0.0160960
12 0.6825214 0.5153426 0.0273054 0.0160960
26 0.6130168 0.2835605 0.0273053 0.0160960
10 0.4045035 0.5153426 0.0273053 0.0160960
4 0.2654945 0.5153426 0.0273053 0.0160960
24 0.5435123 0.2835605 0.0273053 0.0160960
25 0.5435123 0.4573972 0.0273053 0.0160960
3 0.4740079 0.5153426 0.0273053 0.0160960
30 0.6130168 0.5153426 0.0273053 0.0160960
13 0.3349990 0.4573972 0.0273053 0.0160960
24 0.2654945 0.2835605 0.0273053 0.0160960
18 0.4740079 0.3994516 0.0273053 0.0160960
26 0.6825214 0.2835605 0.0273054 0.0160960
13 0.6130168 0.3994516 0.0273053 0.0160960
