17 0.7853857 0.7074279 0.0269885 0.0154607
31 0.7166875 0.7074279 0.0269886 0.0154607
32 0.6486027 0.5235554 0.4968355 0.4870135
33 0.7215945 0.3071050 0.0098140 0.0121478
13 0.5792910 0.4098085 0.0269886 0.0165651
4 0.4418945 0.4688907 0.0269886 0.0154607
6 0.5792910 0.4688907 0.0269886 0.0154607
10 0.7853857 0.4688907 0.0269885 0.0154607
34 0.4418945 0.5285250 0.0637912 0.0596343
20 0.4418945 0.5290771 0.0269886 0.0165651
22 0.5105928 0.5290771 0.0269886 0.0165651
20 0.5792910 0.5290771 0.0269886 0.0165651
21 0.6479893 0.5290771 0.0269886 0.0165651
2 0.7166875 0.5290771 0.0269886 0.0165651
25 0.4418945 0.5887115 0.0269886 0.0165651
18 0.5105928 0.5887115 0.0269886 0.0165651
29 0.6479893 0.5887115 0.0269886 0.0165651
31 0.7853857 0.6483457 0.0269885 0.0165651
11 0.5792910 0.7074279 0.0269886 0.0154607
24 0.8540840 0.4098085 0.0269885 0.0165651
8 0.4418945 0.7074279 0.0269886 0.0154607
18 0.8540840 0.7074279 0.0269885 0.0154607
8 0.5105928 0.4098085 0.0269886 0.0165651
2 0.6479893 0.4688907 0.0269886 0.0154607
15 0.7166875 0.6483457 0.0269886 0.0165651
13 0.8540840 0.5290771 0.0269885 0.0165651
11 0.5105928 0.7074279 0.0269886 0.0154607
18 0.7166875 0.4098085 0.0269886 0.0165651
16 0.8540840 0.6483457 0.0269885 0.0165651
28 0.6479893 0.6483457 0.0269886 0.0165651
24 0.8540840 0.5887115 0.0269885 0.0165651
6 0.6479893 0.7074279 0.0269886 0.0154607
2 0.8540840 0.4688907 0.0269885 0.0154607
17 0.4418945 0.6483457 0.0269886 0.0165651
29 0.6479893 0.4098085 0.0269886 0.0165651
5 0.5792910 0.6483457 0.0269886 0.0165651
18 0.7853857 0.5290771 0.0269885 0.0165651
26 0.5792910 0.5887115 0.0269886 0.0165651
16 0.7166875 0.5887115 0.0269886 0.0165651
14 0.4418945 0.4098085 0.0269886 0.0165651
1 0.7853857 0.5887115 0.0269885 0.0165651
9 0.5105928 0.4688907 0.0269886 0.0154607
27 0.5105928 0.6483457 0.0269886 0.0165651
22 0.7166875 0.4688907 0.0269886 0.0154607
2 0.7853857 0.4098085 0.0269885 0.0165651
