18 0.3230490 0.4997139 0.0269751 0.0161036
25 0.3230490 0.3837680 0.0269751 0.0161036
32 0.3224359 0.4170488 0.4916821 0.4755930
33 0.3978435 0.1926719 0.0122614 0.0139564
4 0.3230490 0.3257951 0.0269751 0.0161036
29 0.4603767 0.3257951 0.0269751 0.0161036
8 0.2543852 0.3837680 0.0269751 0.0161036
31 0.1170575 0.4417410 0.0269751 0.0161036
34 0.3230490 0.4422778 0.0637593 0.0579730
12 0.3230490 0.4417410 0.0269751 0.0161036
12 0.3917128 0.4417410 0.0269751 0.0161036
1 0.5290405 0.4417410 0.0269751 0.0161036
19 0.1857213 0.4997139 0.0269751 0.0161036
22 0.5290405 0.4997139 0.0269751 0.0161036
14 0.1170575 0.5576869 0.0269751 0.0161036
15 0.2543852 0.5576869 0.0269751 0.0161036
2 0.3230490 0.5576869 0.0269751 0.0161036
5 0.3917128 0.5576869 0.0269751 0.0161036
6 0.4603767 0.5576869 0.0269751 0.0161036
26 0.1857213 0.5576869 0.0269751 0.0161036
6 0.5290405 0.3837680 0.0269751 0.0161036
11 0.3917128 0.4997139 0.0269751 0.0161036
8 0.5290405 0.6156599 0.0269751 0.0161037
7 0.1170575 0.3257951 0.0269751 0.0161036
1 0.5290405 0.3257951 0.0269751 0.0161036
23 0.1170575 0.4997139 0.0269751 0.0161036
19 0.1857213 0.3837680 0.0269751 0.0161036
13 0.3917128 0.6156599 0.0269751 0.0161037
18 0.3917128 0.3257951 0.0269751 0.0161036
17 0.3230490 0.6156599 0.0269751 0.0161037
18 0.4603767 0.3837680 0.0269751 0.0161036
25 0.2543852 0.6156599 0.0269751 0.0161037
15 0.3917128 0.3837680 0.0269751 0.0161036
20 0.1857213 0.3257951 0.0269751 0.0161036
10 0.4603767 0.6156599 0.0269751 0.0161037
13 0.2543852 0.4997139 0.0269751 0.0161036
6 0.2543852 0.4417410 0.0269751 0.0161036
23 0.4603767 0.4417410 0.0269751 0.0161036
28 0.1170575 0.6156599 0.0269751 0.0161037
31 0.5290405 0.5576869 0.0269751 0.0161036
1 0.1857213 0.4417410 0.0269751 0.0161036
31 0.4603767 0.4997139 0.0269751 0.0161036
19 0.2543852 0.3257951 0.0269751 0.0161036
21 0.1857213 0.6156599 0.0269751 0.0161037
30 0.1170575 0.3837680 0.0269751 0.0161036
