18 0.7308766 0.4193739 0.0241783 0.0154307
29 0.6792228 0.4684216 0.0241783 0.0165329
32 0.6303166 0.3604065 0.4099329 0.4133229
33 0.8045106 0.1994861 0.0087921 0.0121241
8 0.4726079 0.2749864 0.0241783 0.0154307
35 0.5770144 0.2749864 0.0439606 0.0440878
2 0.5764648 0.2749864 0.0230794 0.0154307
5 0.6792228 0.2749864 0.0241783 0.0154307
15 0.4726079 0.3223808 0.0241783 0.0154307
12 0.6792228 0.3223808 0.0241783 0.0154307
29 0.7836294 0.3223808 0.0241783 0.0154307
3 0.4726079 0.3708773 0.0241783 0.0154307
20 0.7308766 0.3708773 0.0241783 0.0154307
19 0.7836294 0.3708773 0.0241783 0.0154307
13 0.7836294 0.4193739 0.0241783 0.0154307
16 0.4726079 0.4684216 0.0241783 0.0165329
27 0.6281186 0.5169181 0.0230794 0.0165329
25 0.7836294 0.5169181 0.0241783 0.0165329
16 0.6281186 0.3223808 0.0230794 0.0154307
19 0.6281186 0.4193739 0.0230794 0.0154307
17 0.5253606 0.2749864 0.0241784 0.0154307
19 0.4726079 0.4193739 0.0241783 0.0154307
5 0.7836294 0.2749864 0.0241783 0.0154307
20 0.5253606 0.3223808 0.0241784 0.0154307
26 0.7836294 0.4684216 0.0241783 0.0165329
27 0.7308766 0.3223808 0.0241783 0.0154307
20 0.4726079 0.5169181 0.0241783 0.0165329
8 0.6281186 0.2749864 0.0230794 0.0154307
3 0.6792228 0.5169181 0.0241783 0.0165329
22 0.6792228 0.4193739 0.0241783 0.0154307
31 0.7308766 0.2749864 0.0241783 0.0154307
2 0.5764648 0.3708773 0.0230794 0.0154307
20 0.5253606 0.3708773 0.0241784 0.0154307
22 0.6281186 0.4684216 0.0230794 0.0165329
7 0.7308766 0.5169181 0.0241783 0.0165329
12 0.6792228 0.3708773 0.0241783 0.0154307
26 0.5764648 0.4684216 0.0230794 0.0165329
29 0.5253606 0.4193739 0.0241784 0.0154307
1 0.5764648 0.3223808 0.0230794 0.0154307
30 0.7308766 0.4684216 0.0241783 0.0165329
10 0.6281186 0.3708773 0.0230794 0.0154307
29 0.5253606 0.5169181 0.0241784 0.0165329
31 0.5764648 0.5169181 0.0230794 0.0165329
6 0.5764648 0.4193739 0.0230794 0.0154307
4 0.5253606 0.4684216 0.0241784 0.0165329
