19 0.4953755 0.3808850 0.0268683 0.0171728
11 0.5637675 0.6899957 0.0268683 0.0171729
32 0.6315490 0.4781976 0.4897359 0.5071705
33 0.7066582 0.2389231 0.0122129 0.0148831
24 0.5637675 0.3808850 0.0268683 0.0171728
17 0.7005517 0.3808850 0.0268683 0.0171728
18 0.8373358 0.3808850 0.0268684 0.0171728
3 0.4269835 0.4427072 0.0268683 0.0171728
2 0.4953755 0.4427072 0.0268683 0.0171728
34 0.5637675 0.4432796 0.0635069 0.0618222
28 0.5637675 0.4427072 0.0268683 0.0171728
7 0.8373358 0.4427072 0.0268684 0.0171728
12 0.4269835 0.5045293 0.0268683 0.0171728
27 0.7689437 0.5045293 0.0268683 0.0171728
5 0.8373358 0.5045293 0.0268684 0.0171728
26 0.4269835 0.5663515 0.0268683 0.0171729
22 0.6321597 0.6281736 0.0268683 0.0171728
30 0.6321597 0.6899957 0.0268683 0.0171729
22 0.4953755 0.6899957 0.0268683 0.0171729
19 0.8373358 0.6899957 0.0268684 0.0171729
1 0.5637675 0.6281736 0.0268683 0.0171728
28 0.4953755 0.5045293 0.0268683 0.0171728
5 0.7689437 0.3808850 0.0268683 0.0171728
26 0.7689437 0.6899957 0.0268683 0.0171729
4 0.7005517 0.6899957 0.0268683 0.0171729
27 0.7689437 0.6281736 0.0268683 0.0171728
9 0.4269835 0.3808850 0.0268683 0.0171728
24 0.4269835 0.6899957 0.0268683 0.0171729
26 0.5637675 0.5045293 0.0268683 0.0171728
6 0.6321597 0.3808850 0.0268683 0.0171728
17 0.6321597 0.5045293 0.0268683 0.0171728
19 0.8373358 0.5663515 0.0268684 0.0171729
20 0.4269835 0.6281736 0.0268683 0.0171728
14 0.6321597 0.4427072 0.0268683 0.0171728
8 0.5637675 0.5663515 0.0268683 0.0171729
26 0.6321597 0.5663515 0.0268683 0.0171729
14 0.8373358 0.6281736 0.0268684 0.0171728
8 0.7689437 0.5663515 0.0268683 0.0171729
20 0.7005517 0.5663515 0.0268683 0.0171729
3 0.7005517 0.6281736 0.0268683 0.0171728
13 0.4953755 0.5663515 0.0268683 0.0171729
24 0.7005517 0.5045293 0.0268683 0.0171728
15 0.7689437 0.4427072 0.0268683 0.0171728
6 0.7005517 0.4427072 0.0268683 0.0171728
22 0.4953755 0.6281736 0.0268683 0.0171728
