29 0.8385303 0.4596585 0.0269473 0.0166229
25 0.5641581 0.1604464 0.0269473 0.0166229
32 0.6321387 0.2546428 0.4911753 0.4909295
33 0.7074686 0.0230304 0.0122488 0.0144065
8 0.6327511 0.1604464 0.0269473 0.0166229
6 0.8385303 0.1604464 0.0269473 0.0166229
29 0.4955650 0.2202888 0.0269473 0.0166229
30 0.7013441 0.2202888 0.0269473 0.0166229
19 0.4269720 0.2801312 0.0269473 0.0166229
11 0.6327511 0.2801312 0.0269473 0.0166229
25 0.4269720 0.3399736 0.0269473 0.0166229
9 0.6327511 0.3399736 0.0269473 0.0166229
1 0.7013441 0.3399736 0.0269473 0.0166229
18 0.7013441 0.3998160 0.0269473 0.0166229
34 0.7699373 0.4003701 0.0636936 0.0598424
10 0.7699373 0.3998160 0.0269473 0.0166229
12 0.4955650 0.4596585 0.0269473 0.0166229
16 0.7013441 0.4596585 0.0269473 0.0166229
20 0.7699373 0.4596585 0.0269473 0.0166229
16 0.5641581 0.2202888 0.0269473 0.0166229
9 0.4269720 0.3998160 0.0269473 0.0166229
17 0.7013441 0.1604464 0.0269473 0.0166229
30 0.7699373 0.2202888 0.0269473 0.0166229
23 0.8385303 0.3399736 0.0269473 0.0166229
19 0.7013441 0.2801312 0.0269473 0.0166229
6 0.5641581 0.3998160 0.0269473 0.0166229
5 0.6327511 0.4596585 0.0269473 0.0166229
7 0.4269720 0.1604464 0.0269473 0.0166229
24 0.4955650 0.3399736 0.0269473 0.0166229
11 0.8385303 0.3998160 0.0269473 0.0166229
21 0.8385303 0.2801312 0.0269473 0.0166229
12 0.7699373 0.3399736 0.0269473 0.0166229
24 0.6327511 0.2202888 0.0269473 0.0166229
11 0.4955650 0.1604464 0.0269473 0.0166229
23 0.7699373 0.1604464 0.0269473 0.0166229
22 0.5641581 0.4596585 0.0269473 0.0166229
29 0.4269720 0.2202888 0.0269473 0.0166229
11 0.5641581 0.2801312 0.0269473 0.0166229
20 0.5641581 0.3399736 0.0269473 0.0166229
24 0.6327511 0.3998160 0.0269473 0.0166229
4 0.4955650 0.2801312 0.0269473 0.0166229
2 0.8385303 0.2202888 0.0269473 0.0166229
27 0.4269720 0.4596585 0.0269473 0.0166229
5 0.4955650 0.3998160 0.0269473 0.0166229
17 0.7699373 0.2801312 0.0269473 0.0166229
