22 0.5370267 0.3415223 0.0271650 0.0153358
31 0.3295849 0.5195274 0.0271650 0.0164313
32 0.3302023 0.3957454 0.5000831 0.4830783
33 0.4036713 0.1810439 0.0098782 0.0120496
24 0.1221430 0.2829175 0.0271650 0.0164312
4 0.1912903 0.2829175 0.0271650 0.0164312
26 0.1912903 0.3415223 0.0271650 0.0153358
10 0.3295849 0.3415223 0.0271650 0.0153358
29 0.1912903 0.4012224 0.0271650 0.0164313
22 0.2604376 0.4012224 0.0271650 0.0164313
17 0.5370267 0.4012224 0.0271650 0.0164313
34 0.1912903 0.4598272 0.0642082 0.0591524
12 0.1912903 0.4603749 0.0271650 0.0164312
6 0.5370267 0.4603749 0.0271650 0.0164312
21 0.1912903 0.5195274 0.0271650 0.0164313
25 0.5370267 0.5195274 0.0271650 0.0164313
15 0.1912903 0.5781321 0.0271650 0.0153358
7 0.3987322 0.5781321 0.0271650 0.0153358
9 0.1221430 0.4012224 0.0271650 0.0164313
14 0.1221430 0.5195274 0.0271650 0.0164313
29 0.3295849 0.5781321 0.0271650 0.0153358
22 0.3987322 0.4012224 0.0271650 0.0164313
25 0.3987322 0.2829175 0.0271650 0.0164312
28 0.5370267 0.5781321 0.0271650 0.0153358
14 0.2604376 0.5781321 0.0271650 0.0153358
31 0.2604376 0.3415223 0.0271650 0.0153358
20 0.3987322 0.5195274 0.0271650 0.0164313
11 0.4678795 0.3415223 0.0271650 0.0153358
7 0.4678795 0.2829175 0.0271650 0.0164312
6 0.5370267 0.2829175 0.0271650 0.0164312
22 0.4678795 0.4603749 0.0271650 0.0164312
5 0.3295849 0.4012224 0.0271650 0.0164313
1 0.4678795 0.5781321 0.0271650 0.0153358
22 0.3987322 0.4603749 0.0271650 0.0164312
4 0.1221430 0.5781321 0.0271650 0.0153358
30 0.3295849 0.2829175 0.0271650 0.0164312
4 0.4678795 0.4012224 0.0271650 0.0164313
13 0.2604376 0.4603749 0.0271650 0.0164312
29 0.2604376 0.5195274 0.0271650 0.0164313
7 0.1221430 0.4603749 0.0271650 0.0164312
6 0.2604376 0.2829175 0.0271650 0.0164312
5 0.4678795 0.5195274 0.0271650 0.0164313
6 0.3295849 0.4603749 0.0271650 0.0164312
18 0.1221430 0.3415223 0.0271650 0.0153358
28 0.3987322 0.3415223 0.0271650 0.0153358
