11 0.3991877 0.4572559 0.0277369 0.0148235
3 0.1167757 0.6293139 0.0277369 0.0158823
32 0.2586121 0.5096674 0.5106111 0.4669389
33 0.3336278 0.3021389 0.0100861 0.0116470
4 0.3991877 0.4006091 0.0277369 0.0158823
27 0.3285847 0.5149614 0.0277369 0.0158823
29 0.1167757 0.5721377 0.0277369 0.0158823
15 0.1873787 0.5721377 0.0277369 0.0158823
34 0.2579817 0.5716083 0.0655599 0.0571763
11 0.2579817 0.5721377 0.0277369 0.0158823
12 0.4697908 0.6293139 0.0277369 0.0158823
9 0.0461727 0.4006091 0.0277369 0.0158823
15 0.3285847 0.4006091 0.0277369 0.0158823
26 0.4697908 0.5721377 0.0277369 0.0158823
8 0.0461727 0.4572559 0.0277369 0.0148235
17 0.1873787 0.4572559 0.0277369 0.0148235
29 0.3285847 0.5721377 0.0277369 0.0158823
8 0.3285847 0.4572559 0.0277369 0.0148235
15 0.4697908 0.4006091 0.0277369 0.0158823
18 0.3991877 0.6293139 0.0277369 0.0158823
29 0.2579817 0.4572559 0.0277369 0.0148235
16 0.0461727 0.6293139 0.0277369 0.0158823
16 0.3991877 0.5149614 0.0277369 0.0158823
10 0.1167757 0.4006091 0.0277369 0.0158823
17 0.3991877 0.5721377 0.0277369 0.0158823
2 0.0461727 0.5721377 0.0277369 0.0158823
7 0.1167757 0.5149614 0.0277369 0.0158823
10 0.2579817 0.6293139 0.0277369 0.0158823
2 0.1873787 0.4006091 0.0277369 0.0158823
14 0.2579817 0.4006091 0.0277369 0.0158823
20 0.1167757 0.4572559 0.0277369 0.0148235
21 0.1873787 0.6293139 0.0277369 0.0158823
22 0.2579817 0.5149614 0.0277369 0.0158823
4 0.4697908 0.4572559 0.0277369 0.0148235
12 0.0461727 0.5149614 0.0277369 0.0158823
19 0.3285847 0.6293139 0.0277369 0.0158823
16 0.4697908 0.5149614 0.0277369 0.0158823
17 0.1873787 0.5149614 0.0277369 0.0158823
