26 0.3337425 0.4368370 0.0287014 0.0165021
5 0.4798588 0.3180220 0.0287014 0.0165021
32 0.3337425 0.4648905 0.5270623 0.4884619
33 0.4139760 0.2322111 0.0117415 0.0143018
34 0.2606844 0.3185720 0.0678397 0.0594076
1 0.2606844 0.3180220 0.0287014 0.0165021
31 0.4068007 0.3180220 0.0287014 0.0165021
22 0.3337425 0.3774295 0.0287014 0.0165021
18 0.4068007 0.4368370 0.0287014 0.0165021
3 0.4798588 0.4368370 0.0287014 0.0165021
28 0.2606844 0.4962445 0.0287014 0.0165021
22 0.1145681 0.3180220 0.0287014 0.0165021
21 0.3337425 0.5556521 0.0287014 0.0165021
24 0.2606844 0.4368370 0.0287014 0.0165021
9 0.4798588 0.5556521 0.0287014 0.0165021
2 0.1876262 0.3774295 0.0287014 0.0165021
18 0.2606844 0.3774295 0.0287014 0.0165021
21 0.1145681 0.3774295 0.0287014 0.0165021
3 0.5529169 0.3774295 0.0287014 0.0165021
19 0.5529169 0.4368370 0.0287014 0.0165021
30 0.4068007 0.5556521 0.0287014 0.0165021
29 0.4068007 0.4962445 0.0287014 0.0165021
25 0.1145681 0.4368370 0.0287014 0.0165021
11 0.1876262 0.5556521 0.0287014 0.0165021
17 0.5529169 0.4962445 0.0287014 0.0165021
12 0.5529169 0.5556521 0.0287014 0.0165021
12 0.1145681 0.5556521 0.0287014 0.0165021
25 0.4798588 0.3774295 0.0287014 0.0165021
20 0.3337425 0.4962445 0.0287014 0.0165021
8 0.2606844 0.5556521 0.0287014 0.0165021
16 0.1145681 0.4962445 0.0287014 0.0165021
23 0.4798588 0.4962445 0.0287014 0.0165021
3 0.3337425 0.3180220 0.0287014 0.0165021
21 0.5529169 0.3180220 0.0287014 0.0165021
15 0.1876262 0.4962445 0.0287014 0.0165021
13 0.1876262 0.4368370 0.0287014 0.0165021
9 0.1876262 0.3180220 0.0287014 0.0165021
28 0.4068007 0.3774295 0.0287014 0.0165021
