2 0.6556687 0.4293231 0.0266780 0.0162386
24 0.3161311 0.4877821 0.0266780 0.0162386
32 0.5192473 0.5213420 0.4862664 0.4795808
33 0.5938243 0.2950838 0.0121264 0.0140735
8 0.5877612 0.4293231 0.0266780 0.0162386
23 0.4519461 0.4877821 0.0266780 0.0162386
2 0.7235762 0.4877821 0.0266779 0.0162386
17 0.3840386 0.5462412 0.0266780 0.0162386
34 0.5198537 0.5467824 0.0630570 0.0584590
2 0.5198537 0.5462412 0.0266780 0.0162386
20 0.5877612 0.5462412 0.0266780 0.0162386
5 0.5198537 0.4877821 0.0266780 0.0162386
1 0.4519461 0.6631593 0.0266780 0.0162387
10 0.5198537 0.4293231 0.0266780 0.0162386
21 0.3840386 0.4877821 0.0266780 0.0162386
18 0.3161311 0.4293231 0.0266780 0.0162386
1 0.3840386 0.6631593 0.0266780 0.0162387
26 0.3161311 0.5462412 0.0266780 0.0162386
15 0.3840386 0.4293231 0.0266780 0.0162386
20 0.7235762 0.6047002 0.0266779 0.0162387
27 0.6556687 0.6047002 0.0266780 0.0162387
12 0.6556687 0.4877821 0.0266780 0.0162386
1 0.5198537 0.6631593 0.0266780 0.0162387
19 0.6556687 0.6631593 0.0266780 0.0162387
2 0.4519461 0.4293231 0.0266780 0.0162386
26 0.7235762 0.4293231 0.0266779 0.0162386
13 0.7235762 0.6631593 0.0266779 0.0162387
27 0.5877612 0.6047002 0.0266780 0.0162387
27 0.7235762 0.5462412 0.0266779 0.0162386
19 0.5198537 0.6047002 0.0266780 0.0162387
24 0.3161311 0.6631593 0.0266780 0.0162387
2 0.3161311 0.6047002 0.0266780 0.0162387
17 0.3840386 0.6047002 0.0266780 0.0162387
12 0.4519461 0.5462412 0.0266780 0.0162386
9 0.6556687 0.5462412 0.0266780 0.0162386
17 0.5877612 0.4877821 0.0266780 0.0162386
3 0.4519461 0.6047002 0.0266780 0.0162387
12 0.5877612 0.6631593 0.0266780 0.0162387
