12 0.3800974 0.4212188 0.0265509 0.0163778
30 0.6504338 0.3032983 0.0265509 0.0163779
32 0.5146622 0.3961062 0.4839505 0.4836925
33 0.5888840 0.1679081 0.0120686 0.0141941
22 0.4476815 0.3032983 0.0265509 0.0163779
7 0.3125133 0.3622586 0.0265509 0.0163779
13 0.5828497 0.3622586 0.0265509 0.0163779
16 0.4476815 0.4212188 0.0265509 0.0163778
18 0.5828497 0.4212188 0.0265509 0.0163778
17 0.5828497 0.4801791 0.0265509 0.0163778
9 0.7180179 0.4801791 0.0265509 0.0163778
1 0.3125133 0.5391394 0.0265509 0.0163778
15 0.5152656 0.5391394 0.0265509 0.0163778
4 0.3800974 0.5980996 0.0265509 0.0163779
19 0.4476815 0.5980996 0.0265509 0.0163779
34 0.5152656 0.5986456 0.0627567 0.0589602
22 0.5152656 0.5980996 0.0265509 0.0163779
26 0.7180179 0.5980996 0.0265509 0.0163779
11 0.5828497 0.3032983 0.0265509 0.0163779
16 0.5152656 0.3032983 0.0265509 0.0163779
18 0.3800974 0.3622586 0.0265509 0.0163779
1 0.3800974 0.5391394 0.0265509 0.0163778
19 0.4476815 0.4801791 0.0265509 0.0163778
20 0.5828497 0.5980996 0.0265509 0.0163779
25 0.3125133 0.3032983 0.0265509 0.0163779
9 0.7180179 0.3622586 0.0265509 0.0163779
6 0.7180179 0.3032983 0.0265509 0.0163779
25 0.5152656 0.4801791 0.0265509 0.0163778
12 0.3800974 0.4801791 0.0265509 0.0163778
11 0.3125133 0.4212188 0.0265509 0.0163778
7 0.4476815 0.5391394 0.0265509 0.0163778
5 0.3125133 0.5980996 0.0265509 0.0163779
11 0.5152656 0.3622586 0.0265509 0.0163779
24 0.7180179 0.5391394 0.0265509 0.0163778
9 0.4476815 0.3622586 0.0265509 0.0163779
19 0.6504338 0.4212188 0.0265509 0.0163778
26 0.3800974 0.3032983 0.0265509 0.0163779
13 0.6504338 0.3622586 0.0265509 0.0163779
12 0.6504338 0.5980996 0.0265509 0.0163779
13 0.6504338 0.4801791 0.0265509 0.0163778
5 0.7180179 0.4212188 0.0265509 0.0163778
28 0.6504338 0.5391394 0.0265509 0.0163778
5 0.3125133 0.4801791 0.0265509 0.0163778
8 0.5828497 0.5391394 0.0265509 0.0163778
12 0.5152656 0.4212188 0.0265509 0.0163778
