21 0.6938348 0.5384631 0.0275957 0.0165908
17 0.4831037 0.4787362 0.0275957 0.0165908
32 0.6235911 0.5069405 0.5067582 0.4910884
33 0.7007337 0.2730099 0.0112892 0.0143787
3 0.4831037 0.3592822 0.0275957 0.0165908
1 0.6938348 0.3592822 0.0275957 0.0165908
21 0.5533474 0.4190092 0.0275957 0.0165908
34 0.6235911 0.4195622 0.0652263 0.0597270
12 0.6235911 0.4190092 0.0275957 0.0165908
5 0.5533474 0.5384631 0.0275957 0.0165908
2 0.4128600 0.5981901 0.0275957 0.0165908
22 0.7640785 0.4787362 0.0275958 0.0165908
28 0.5533474 0.3592822 0.0275957 0.0165908
17 0.7640785 0.5981901 0.0275958 0.0165908
18 0.7640785 0.4190092 0.0275958 0.0165908
1 0.4128600 0.4787362 0.0275957 0.0165908
17 0.8343222 0.5384631 0.0275958 0.0165908
12 0.4831037 0.4190092 0.0275957 0.0165908
17 0.4128600 0.5384631 0.0275957 0.0165908
15 0.8343222 0.4787362 0.0275958 0.0165908
20 0.4128600 0.4190092 0.0275957 0.0165908
29 0.4128600 0.3592822 0.0275957 0.0165908
18 0.7640785 0.3592822 0.0275958 0.0165908
29 0.5533474 0.5981901 0.0275957 0.0165908
22 0.8343222 0.4190092 0.0275958 0.0165908
21 0.6235911 0.5384631 0.0275957 0.0165908
26 0.6938348 0.4787362 0.0275957 0.0165908
22 0.6235911 0.4787362 0.0275957 0.0165908
16 0.7640785 0.5384631 0.0275958 0.0165908
14 0.6235911 0.5981901 0.0275957 0.0165908
3 0.4831037 0.5384631 0.0275957 0.0165908
3 0.8343222 0.3592822 0.0275958 0.0165908
17 0.4831037 0.5981901 0.0275957 0.0165908
6 0.5533474 0.4787362 0.0275957 0.0165908
12 0.6938348 0.5981901 0.0275957 0.0165908
23 0.6938348 0.4190092 0.0275957 0.0165908
12 0.8343222 0.5981901 0.0275958 0.0165908
17 0.6235911 0.3592822 0.0275957 0.0165908
