26 0.2937192 0.6226261 0.0281366 0.0174122
28 0.4369601 0.6226261 0.0281366 0.0174122
32 0.4363206 0.4078747 0.5128535 0.5142425
33 0.5149752 0.1652637 0.0127894 0.0150906
3 0.2937192 0.3092051 0.0281366 0.0174123
25 0.5802009 0.3092051 0.0281366 0.0174123
1 0.3653396 0.3718893 0.0281366 0.0174123
34 0.4369601 0.3724698 0.0665047 0.0626842
18 0.4369601 0.3718893 0.0281366 0.0174123
29 0.5085805 0.3718893 0.0281366 0.0174123
15 0.2937192 0.4345735 0.0281366 0.0174122
8 0.6518214 0.4345735 0.0281366 0.0174122
24 0.2220987 0.4972577 0.0281366 0.0174122
31 0.2220987 0.5599419 0.0281366 0.0174122
4 0.2937192 0.5599419 0.0281366 0.0174122
17 0.5085805 0.5599419 0.0281366 0.0174122
27 0.2220987 0.6226261 0.0281366 0.0174122
5 0.6518214 0.6226261 0.0281366 0.0174122
9 0.6518214 0.4972577 0.0281366 0.0174122
23 0.5802009 0.3718893 0.0281366 0.0174123
2 0.5802009 0.6226261 0.0281366 0.0174122
6 0.5802009 0.5599419 0.0281366 0.0174122
6 0.2220987 0.3718893 0.0281366 0.0174123
16 0.5085805 0.4972577 0.0281366 0.0174122
9 0.3653396 0.5599419 0.0281366 0.0174122
13 0.6518214 0.3718893 0.0281366 0.0174123
9 0.3653396 0.4972577 0.0281366 0.0174122
3 0.4369601 0.4345735 0.0281366 0.0174122
31 0.2937192 0.3718893 0.0281366 0.0174123
19 0.4369601 0.3092051 0.0281366 0.0174123
16 0.3653396 0.6226261 0.0281366 0.0174122
28 0.4369601 0.5599419 0.0281366 0.0174122
18 0.5085805 0.6226261 0.0281366 0.0174122
27 0.2937192 0.4972577 0.0281366 0.0174122
23 0.5085805 0.4345735 0.0281366 0.0174122
27 0.5802009 0.4345735 0.0281366 0.0174122
12 0.6518214 0.3092051 0.0281366 0.0174123
15 0.4369601 0.4972577 0.0281366 0.0174122
26 0.2220987 0.4345735 0.0281366 0.0174122
27 0.5802009 0.4972577 0.0281366 0.0174122
16 0.2220987 0.3092051 0.0281366 0.0174123
13 0.5085805 0.3092051 0.0281366 0.0174123
9 0.3653396 0.4345735 0.0281366 0.0174122
30 0.6518214 0.5599419 0.0281366 0.0174122
25 0.3653396 0.3092051 0.0281366 0.0174123
