2 0.3569078 0.2349266 0.0226515 0.0153284
2 0.3067509 0.4270785 0.0237302 0.0164232
32 0.4124580 0.2995247 0.4077275 0.3656908
33 0.5807265 0.1610220 0.0086292 0.0142335
2 0.4577611 0.2820065 0.0237302 0.0153284
20 0.2549760 0.3301814 0.0237302 0.0153284
8 0.3067509 0.3783562 0.0237302 0.0153283
12 0.3569078 0.3783562 0.0226515 0.0153283
35 0.4577611 0.3783562 0.0431458 0.0437953
24 0.4577611 0.3783562 0.0237302 0.0153283
18 0.2549760 0.4270785 0.0237302 0.0164232
16 0.5602323 0.2349266 0.0237302 0.0153284
3 0.5084574 0.3301814 0.0237302 0.0153284
29 0.4577611 0.2349266 0.0237302 0.0153284
31 0.5602323 0.4270785 0.0237302 0.0164232
12 0.5602323 0.2820065 0.0237302 0.0153284
27 0.4076041 0.2820065 0.0226515 0.0153284
14 0.3067509 0.2820065 0.0237302 0.0153284
31 0.4076041 0.3783562 0.0226515 0.0153283
9 0.2549760 0.3783562 0.0237302 0.0153283
21 0.3569078 0.4270785 0.0226515 0.0164232
30 0.3569078 0.3301814 0.0226515 0.0153284
21 0.2549760 0.2820065 0.0237302 0.0153284
9 0.3067509 0.3301814 0.0237302 0.0153284
27 0.4076041 0.4270785 0.0226515 0.0164232
22 0.5084574 0.3783562 0.0237302 0.0153283
6 0.5084574 0.2820065 0.0237302 0.0153284
28 0.4076041 0.3301814 0.0226515 0.0153284
13 0.3569078 0.2820065 0.0226515 0.0153284
14 0.5084574 0.2349266 0.0237302 0.0153284
15 0.4577611 0.4270785 0.0237302 0.0164232
18 0.2549760 0.2349266 0.0237302 0.0153284
1 0.5602323 0.3301814 0.0237302 0.0153284
27 0.5084574 0.4270785 0.0237302 0.0164232
28 0.3067509 0.2349266 0.0237302 0.0153284
11 0.4577611 0.3301814 0.0237302 0.0153284
18 0.5602323 0.3783562 0.0237302 0.0153283
14 0.4076041 0.2349266 0.0226515 0.0153284
