15 0.6710666 0.3445240 0.0252444 0.0165657
19 0.6113981 0.2870962 0.0252443 0.0165657
32 0.7886825 0.3881471 0.4142370 0.4218734
33 0.9762939 0.1943282 0.0114747 0.0165657
29 0.7295877 0.2870962 0.0252444 0.0165657
10 0.8494984 0.2870962 0.0240968 0.0165657
34 0.7295877 0.3445240 0.0504888 0.0496971
4 0.7295877 0.3445240 0.0252444 0.0165657
31 0.7898299 0.3445240 0.0240969 0.0165657
7 0.9682616 0.3445240 0.0252444 0.0165657
4 0.7898299 0.4599318 0.0240969 0.0154614
21 0.8494984 0.4599318 0.0240968 0.0154614
25 0.7295877 0.5162552 0.0252444 0.0154613
8 0.7898299 0.5162552 0.0240969 0.0154613
28 0.8494984 0.5162552 0.0240968 0.0154613
24 0.6113981 0.5742352 0.0252443 0.0165658
2 0.7295877 0.5742352 0.0252444 0.0165658
5 0.9097406 0.5742352 0.0252443 0.0165658
14 0.6710666 0.5162552 0.0252444 0.0154613
3 0.8494984 0.5742352 0.0240968 0.0165658
5 0.9097406 0.5162552 0.0252443 0.0154613
29 0.6113981 0.4599318 0.0252443 0.0154614
15 0.9682616 0.5742352 0.0252444 0.0165658
28 0.7898299 0.5742352 0.0240969 0.0165658
7 0.9682616 0.4599318 0.0252444 0.0154614
28 0.7898299 0.2870962 0.0240969 0.0165657
14 0.6113981 0.3445240 0.0252443 0.0165657
24 0.9097406 0.3445240 0.0252443 0.0165657
7 0.9682616 0.4025040 0.0252444 0.0154613
16 0.6710666 0.4599318 0.0252444 0.0154614
28 0.7898299 0.4025040 0.0240969 0.0154613
16 0.6710666 0.4025040 0.0252444 0.0154613
27 0.9682616 0.5162552 0.0252444 0.0154613
2 0.8494984 0.3445240 0.0240968 0.0165657
21 0.7295877 0.4025040 0.0252444 0.0154613
8 0.9682616 0.2870962 0.0252444 0.0165657
5 0.6113981 0.4025040 0.0252443 0.0154613
14 0.9097406 0.4025040 0.0252443 0.0154613
15 0.6113981 0.5162552 0.0252443 0.0154613
25 0.8494984 0.4025040 0.0240968 0.0154613
2 0.9097406 0.2870962 0.0252443 0.0165657
15 0.6710666 0.2870962 0.0252444 0.0165657
31 0.6710666 0.5742352 0.0252444 0.0165658
12 0.7295877 0.4599318 0.0252444 0.0154614
11 0.9097406 0.4599318 0.0252443 0.0154614
