21 0.8004835 0.4118349 0.0243727 0.0172932
25 0.5915743 0.4118349 0.0243728 0.0172932
32 0.6861637 0.5023357 0.3969273 0.5049604
33 0.8231153 0.3057701 0.0139273 0.0195989
12 0.8527107 0.4118349 0.0243727 0.0172932
6 0.8527107 0.4856190 0.0243727 0.0172932
34 0.5393471 0.5594032 0.0452637 0.0449622
8 0.5393471 0.5594032 0.0243727 0.0172932
4 0.6438016 0.6326109 0.0243727 0.0161403
9 0.8527107 0.6326109 0.0243727 0.0161403
25 0.7482562 0.7063951 0.0243728 0.0161403
11 0.5915743 0.7063951 0.0243728 0.0161403
2 0.8004835 0.5594032 0.0243727 0.0172932
23 0.8004835 0.4856190 0.0243727 0.0172932
6 0.6960289 0.4856190 0.0243728 0.0172932
26 0.7482562 0.6326109 0.0243728 0.0161403
21 0.5393471 0.7063951 0.0243727 0.0161403
1 0.7482562 0.5594032 0.0243728 0.0172932
31 0.5393471 0.4118349 0.0243727 0.0172932
7 0.8004835 0.7063951 0.0243727 0.0161403
27 0.5915743 0.5594032 0.0243728 0.0172932
26 0.6438016 0.4118349 0.0243727 0.0172932
1 0.7482562 0.4118349 0.0243728 0.0172932
27 0.8004835 0.6326109 0.0243727 0.0161403
12 0.5915743 0.4856190 0.0243728 0.0172932
19 0.6960289 0.4118349 0.0243728 0.0172932
5 0.8527107 0.5594032 0.0243727 0.0172932
26 0.6438016 0.5594032 0.0243727 0.0172932
1 0.7482562 0.4856190 0.0243728 0.0172932
17 0.6438016 0.7063951 0.0243727 0.0161403
18 0.5393471 0.6326109 0.0243727 0.0161403
31 0.6960289 0.7063951 0.0243728 0.0161403
24 0.8527107 0.7063951 0.0243727 0.0161403
17 0.6960289 0.5594032 0.0243728 0.0172932
29 0.5393471 0.4856190 0.0243727 0.0172932
3 0.6438016 0.4856190 0.0243727 0.0172932
26 0.6960289 0.6326109 0.0243728 0.0161403
4 0.5915743 0.6326109 0.0243728 0.0161403
