30 0.1388947 0.1436227 0.0247070 0.0153940
10 0.3500273 0.2876668 0.0247070 0.0153940
32 0.3000517 0.2288396 0.4188960 0.4123403
33 0.4780545 0.0683018 0.0089844 0.0120953
6 0.1388947 0.1909043 0.0247070 0.0153940
7 0.3500273 0.1909043 0.0247070 0.0153940
22 0.2978057 0.2392856 0.0235840 0.0153940
35 0.1928009 0.2876669 0.0449218 0.0439830
4 0.1928009 0.2876668 0.0247070 0.0153940
18 0.4028104 0.2876668 0.0247070 0.0153940
13 0.4567166 0.2876668 0.0247070 0.0153940
17 0.1388947 0.3365979 0.0247070 0.0164936
23 0.1928009 0.3365979 0.0247070 0.0164936
5 0.2978057 0.3365979 0.0235840 0.0164936
1 0.3500273 0.3365979 0.0247070 0.0164936
19 0.4028104 0.3365979 0.0247070 0.0164936
27 0.4567166 0.3365979 0.0247070 0.0164936
14 0.2978057 0.3849792 0.0235840 0.0164936
4 0.2450225 0.2876668 0.0235840 0.0153940
19 0.4028104 0.3849792 0.0247070 0.0164936
18 0.2978057 0.1909043 0.0235840 0.0153940
28 0.1388947 0.2392856 0.0247070 0.0153940
12 0.3500273 0.3849792 0.0247070 0.0164936
6 0.2450225 0.3849792 0.0235840 0.0164936
4 0.4028104 0.2392856 0.0247070 0.0153940
17 0.1388947 0.3849792 0.0247070 0.0164936
29 0.2450225 0.2392856 0.0235840 0.0153940
12 0.2450225 0.1909043 0.0235840 0.0153940
25 0.1928009 0.3849792 0.0247070 0.0164936
31 0.4028104 0.1909043 0.0247070 0.0153940
27 0.4028104 0.1436227 0.0247070 0.0153940
7 0.1928009 0.2392856 0.0247070 0.0153940
5 0.4567166 0.2392856 0.0247070 0.0153940
31 0.3500273 0.1436227 0.0247070 0.0153940
12 0.1388947 0.2876668 0.0247070 0.0153940
3 0.4567166 0.1436227 0.0247070 0.0153940
6 0.1928009 0.1436227 0.0247070 0.0153940
25 0.2450225 0.3365979 0.0235840 0.0164936
26 0.3500273 0.2392856 0.0247070 0.0153940
22 0.4567166 0.3849792 0.0247070 0.0164936
9 0.2978057 0.1436227 0.0235840 0.0153940
6 0.2450225 0.1436227 0.0235840 0.0153940
12 0.1928009 0.1909043 0.0247070 0.0153940
5 0.2978057 0.2876668 0.0235840 0.0153940
3 0.4567166 0.1909043 0.0247070 0.0153940
