9 0.3682437 0.4034085 0.0253333 0.0163176
31 0.4223648 0.3071349 0.0253333 0.0152297
32 0.3170015 0.2968004 0.4295139 0.4079395
33 0.4995161 0.1379760 0.0092121 0.0119662
11 0.3146984 0.2124929 0.0241818 0.0152297
23 0.4223648 0.2124929 0.0253333 0.0152297
19 0.3682437 0.2592700 0.0253333 0.0152298
1 0.4776374 0.2592700 0.0253333 0.0152298
14 0.1517595 0.3071349 0.0253333 0.0152297
12 0.4776374 0.3071349 0.0253333 0.0152297
26 0.1517595 0.3549997 0.0253333 0.0152297
24 0.3146984 0.3549997 0.0241818 0.0152297
13 0.2070321 0.4034085 0.0253333 0.0163176
31 0.2605774 0.4034085 0.0241817 0.0163176
5 0.3146984 0.4034085 0.0241818 0.0163176
9 0.3146984 0.4512735 0.0241818 0.0163175
35 0.4223648 0.4512735 0.0460605 0.0424257
6 0.4223648 0.4512735 0.0253333 0.0163175
20 0.3682437 0.4512735 0.0253333 0.0163175
30 0.4776374 0.3549997 0.0253333 0.0152297
18 0.2070321 0.3549997 0.0253333 0.0152297
20 0.3146984 0.2592700 0.0241818 0.0152298
15 0.3682437 0.3071349 0.0253333 0.0152297
15 0.2605774 0.2124929 0.0241817 0.0152297
4 0.4776374 0.4512735 0.0253333 0.0163175
18 0.4223648 0.2592700 0.0253333 0.0152298
20 0.4776374 0.2124929 0.0253333 0.0152297
21 0.1517595 0.2592700 0.0253333 0.0152298
24 0.3146984 0.3071349 0.0241818 0.0152297
20 0.2605774 0.2592700 0.0241817 0.0152298
4 0.2070321 0.3071349 0.0253333 0.0152297
25 0.3682437 0.2124929 0.0253333 0.0152297
24 0.2605774 0.4512735 0.0241817 0.0163175
31 0.1517595 0.4034085 0.0253333 0.0163176
6 0.2070321 0.2592700 0.0253333 0.0152298
16 0.1517595 0.4512735 0.0253333 0.0163175
4 0.2070321 0.2124929 0.0253333 0.0152297
16 0.3682437 0.3549997 0.0253333 0.0152297
2 0.1517595 0.2124929 0.0253333 0.0152297
23 0.4223648 0.3549997 0.0253333 0.0152297
6 0.2070321 0.4512735 0.0253333 0.0163175
30 0.4776374 0.4034085 0.0253333 0.0163176
9 0.2605774 0.3071349 0.0241817 0.0152297
9 0.4223648 0.4034085 0.0253333 0.0163176
22 0.2605774 0.3549997 0.0241817 0.0152297
