24 0.7050348 0.2685387 0.0279395 0.0172226
28 0.4916784 0.3925412 0.0279395 0.0172226
32 0.4910434 0.3443180 0.5092614 0.4994545
33 0.5697821 0.1072206 0.0114298 0.0137780
34 0.4205596 0.2071115 0.0660389 0.0620013
31 0.4205596 0.2065375 0.0279395 0.0172226
2 0.4205596 0.2685387 0.0279395 0.0172226
3 0.5627972 0.2685387 0.0279395 0.0172226
16 0.6339160 0.3925412 0.0279395 0.0172226
11 0.4205596 0.4545425 0.0279395 0.0172226
18 0.4916784 0.4545425 0.0279395 0.0172226
20 0.2783220 0.2065375 0.0279395 0.0172226
30 0.6339160 0.4545425 0.0279395 0.0172226
21 0.6339160 0.2685387 0.0279395 0.0172226
14 0.7050348 0.3305400 0.0279395 0.0172226
13 0.6339160 0.2065375 0.0279395 0.0172226
3 0.3494408 0.4545425 0.0279395 0.0172226
3 0.2783220 0.3925412 0.0279395 0.0172226
17 0.5627972 0.2065375 0.0279395 0.0172226
26 0.3494408 0.3925412 0.0279395 0.0172226
1 0.4916784 0.2685387 0.0279395 0.0172226
15 0.5627972 0.4545425 0.0279395 0.0172226
6 0.4205596 0.3305400 0.0279395 0.0172226
7 0.7050348 0.2065375 0.0279395 0.0172226
2 0.5627972 0.3925412 0.0279395 0.0172226
5 0.2783220 0.2685387 0.0279395 0.0172226
18 0.5627972 0.3305400 0.0279395 0.0172226
14 0.2783220 0.4545425 0.0279395 0.0172226
5 0.7050348 0.3925412 0.0279395 0.0172226
6 0.4205596 0.3925412 0.0279395 0.0172226
24 0.4916784 0.2065375 0.0279395 0.0172226
25 0.6339160 0.3305400 0.0279395 0.0172226
24 0.3494408 0.3305400 0.0279395 0.0172226
7 0.3494408 0.2065375 0.0279395 0.0172226
27 0.3494408 0.2685387 0.0279395 0.0172226
30 0.2783220 0.3305400 0.0279395 0.0172226
19 0.7050348 0.4545425 0.0279395 0.0172226
19 0.4916784 0.3305400 0.0279395 0.0172226
