22 0.4956202 0.2380174 0.0266876 0.0162354
11 0.2238922 0.1795699 0.0266876 0.0162354
32 0.3597562 0.3240651 0.4900809 0.4805684
33 0.4343601 0.0951457 0.0109176 0.0140707
12 0.1559602 0.1795699 0.0266876 0.0162354
11 0.4956202 0.1795699 0.0266876 0.0162354
31 0.2918242 0.2380174 0.0266876 0.0162354
20 0.3597562 0.2380174 0.0266875 0.0162354
15 0.5635522 0.2380174 0.0266876 0.0162354
23 0.1559602 0.2964649 0.0266876 0.0162355
34 0.2238922 0.2970061 0.0630797 0.0584475
13 0.2238922 0.2964649 0.0266876 0.0162355
10 0.5635522 0.2964649 0.0266876 0.0162355
26 0.2238922 0.3549124 0.0266876 0.0162354
27 0.4956202 0.3549124 0.0266876 0.0162354
1 0.2918242 0.4133600 0.0266876 0.0162354
4 0.3597562 0.4718074 0.0266875 0.0162354
9 0.4956202 0.4718074 0.0266876 0.0162354
16 0.1559602 0.4718074 0.0266876 0.0162354
3 0.5635522 0.3549124 0.0266876 0.0162354
11 0.3597562 0.4133600 0.0266875 0.0162354
31 0.4276882 0.3549124 0.0266876 0.0162354
25 0.1559602 0.4133600 0.0266876 0.0162354
10 0.3597562 0.2964649 0.0266875 0.0162355
28 0.5635522 0.1795699 0.0266876 0.0162354
31 0.4276882 0.2964649 0.0266876 0.0162355
24 0.4276882 0.2380174 0.0266876 0.0162354
8 0.2918242 0.2964649 0.0266876 0.0162355
23 0.2918242 0.1795699 0.0266876 0.0162354
1 0.2918242 0.4718074 0.0266876 0.0162354
26 0.5635522 0.4718074 0.0266876 0.0162354
6 0.3597562 0.3549124 0.0266875 0.0162354
23 0.2918242 0.3549124 0.0266876 0.0162354
18 0.5635522 0.4133600 0.0266876 0.0162354
13 0.4276882 0.1795699 0.0266876 0.0162354
31 0.3597562 0.1795699 0.0266875 0.0162354
4 0.1559602 0.2380174 0.0266876 0.0162354
4 0.4276882 0.4718074 0.0266876 0.0162354
4 0.2238922 0.4133600 0.0266876 0.0162354
12 0.4956202 0.4133600 0.0266876 0.0162354
27 0.2238922 0.4718074 0.0266876 0.0162354
9 0.4276882 0.4133600 0.0266876 0.0162354
1 0.4956202 0.2964649 0.0266876 0.0162355
5 0.2238922 0.2380174 0.0266876 0.0162354
11 0.1559602 0.3549124 0.0266876 0.0162354
