13 0.5346232 0.2573769 0.0256298 0.0172840
6 0.6546172 0.3172946 0.0256297 0.0172840
32 0.7146141 0.3628090 0.4205613 0.4401647
33 0.9050899 0.1605867 0.0116499 0.0172840
11 0.8969351 0.2573769 0.0256298 0.0172840
12 0.8375206 0.3172946 0.0256298 0.0172840
9 0.8969351 0.3172946 0.0256298 0.0172840
22 0.5952027 0.3777885 0.0256297 0.0161317
25 0.7157791 0.3777885 0.0244648 0.0161317
7 0.8375206 0.4377062 0.0256298 0.0161317
30 0.8969351 0.4377062 0.0256298 0.0161317
27 0.5952027 0.4964716 0.0256297 0.0161317
10 0.8375206 0.4964716 0.0256298 0.0161317
23 0.8969351 0.4964716 0.0256298 0.0161317
15 0.5952027 0.5569655 0.0256297 0.0172839
24 0.6546172 0.5569655 0.0256297 0.0172839
34 0.7769411 0.5563893 0.0512596 0.0506997
15 0.7763586 0.5569655 0.0244647 0.0172839
21 0.7157791 0.3172946 0.0244648 0.0172840
25 0.6546172 0.2573769 0.0256297 0.0172840
30 0.8969351 0.3777885 0.0256298 0.0161317
22 0.7763586 0.3172946 0.0244647 0.0172840
7 0.7763586 0.2573769 0.0244647 0.0172840
29 0.5952027 0.2573769 0.0256297 0.0172840
22 0.5952027 0.4377062 0.0256297 0.0161317
23 0.8375206 0.2573769 0.0256298 0.0172840
16 0.5346232 0.3777885 0.0256298 0.0161317
6 0.8375206 0.5569655 0.0256298 0.0172839
9 0.8375206 0.3777885 0.0256298 0.0161317
21 0.6546172 0.4377062 0.0256297 0.0161317
11 0.7763586 0.4377062 0.0244647 0.0161317
18 0.5346232 0.5569655 0.0256298 0.0172839
6 0.7157791 0.4377062 0.0244648 0.0161317
23 0.5346232 0.3172946 0.0256298 0.0172840
4 0.5952027 0.3172946 0.0256297 0.0172840
16 0.7157791 0.5569655 0.0244648 0.0172839
27 0.6546172 0.3777885 0.0256297 0.0161317
26 0.7157791 0.2573769 0.0244648 0.0172840
13 0.5346232 0.4377062 0.0256298 0.0161317
2 0.7157791 0.4964716 0.0244648 0.0161317
13 0.6546172 0.4964716 0.0256297 0.0161317
2 0.8969351 0.5569655 0.0256298 0.0172839
16 0.7763586 0.4964716 0.0244647 0.0161317
22 0.5346232 0.4964716 0.0256298 0.0161317
21 0.7763586 0.3777885 0.0244647 0.0161317
