4 0.6665340 0.4426976 0.0282909 0.0158560
29 0.3784808 0.5568607 0.0282909 0.0158560
32 0.4511370 0.5515754 0.5208103 0.4661664
33 0.5276511 0.3443904 0.0102876 0.0116277
34 0.2344542 0.4421690 0.0668695 0.0570816
9 0.2344542 0.4426976 0.0282909 0.0158560
20 0.4504940 0.4426976 0.0282909 0.0158560
30 0.5225074 0.4426976 0.0282909 0.0158560
7 0.5945206 0.5568607 0.0282909 0.0158560
29 0.3064675 0.6139423 0.0282909 0.0158560
26 0.5945206 0.6139423 0.0282909 0.0158560
18 0.6665340 0.6710239 0.0282909 0.0158561
11 0.2344542 0.6710239 0.0282909 0.0158561
26 0.3064675 0.4426976 0.0282909 0.0158560
18 0.5945206 0.6710239 0.0282909 0.0158561
22 0.3064675 0.5568607 0.0282909 0.0158560
26 0.5945206 0.4992506 0.0282909 0.0147990
4 0.2344542 0.5568607 0.0282909 0.0158560
1 0.6665340 0.4992506 0.0282909 0.0147990
8 0.6665340 0.6139423 0.0282909 0.0158560
18 0.3784808 0.4426976 0.0282909 0.0158560
16 0.5225074 0.4992506 0.0282909 0.0147990
17 0.4504940 0.6710239 0.0282909 0.0158561
8 0.5225074 0.5568607 0.0282909 0.0158560
18 0.5945206 0.4426976 0.0282909 0.0158560
31 0.5225074 0.6139423 0.0282909 0.0158560
22 0.4504940 0.6139423 0.0282909 0.0158560
30 0.5225074 0.6710239 0.0282909 0.0158561
4 0.6665340 0.5568607 0.0282909 0.0158560
30 0.2344542 0.6139423 0.0282909 0.0158560
15 0.4504940 0.5568607 0.0282909 0.0158560
13 0.3784808 0.4992506 0.0282909 0.0147990
2 0.3064675 0.4992506 0.0282909 0.0147990
20 0.3064675 0.6710239 0.0282909 0.0158561
15 0.2344542 0.4992506 0.0282909 0.0147990
20 0.4504940 0.4992506 0.0282909 0.0147990
22 0.3784808 0.6139423 0.0282909 0.0158560
11 0.3784808 0.6710239 0.0282909 0.0158561
