2 0.8544733 0.4183647 0.0273879 0.0161815
5 0.8544733 0.2436040 0.0273879 0.0161816
32 0.6453294 0.3876198 0.5029411 0.4789739
33 0.7218910 0.1594599 0.0112041 0.0140240
3 0.5756148 0.2436040 0.0273879 0.0161816
34 0.7150440 0.2441434 0.0647350 0.0582536
26 0.7150440 0.2436040 0.0273878 0.0161816
22 0.7847586 0.2436040 0.0273879 0.0161816
9 0.7150440 0.3018576 0.0273878 0.0161816
30 0.6453294 0.3601112 0.0273879 0.0161815
13 0.7150440 0.3601112 0.0273878 0.0161815
27 0.4361855 0.4183647 0.0273879 0.0161815
20 0.5059002 0.4183647 0.0273879 0.0161815
25 0.5756148 0.4183647 0.0273879 0.0161815
21 0.7847586 0.4183647 0.0273879 0.0161815
15 0.7150440 0.4766183 0.0273878 0.0161815
6 0.5756148 0.5348719 0.0273879 0.0161816
31 0.7847586 0.5348719 0.0273879 0.0161816
18 0.8544733 0.4766183 0.0273879 0.0161815
20 0.5059002 0.3018576 0.0273879 0.0161816
18 0.7847586 0.3018576 0.0273879 0.0161816
12 0.5756148 0.4766183 0.0273879 0.0161815
7 0.5059002 0.5348719 0.0273879 0.0161816
22 0.7150440 0.4183647 0.0273878 0.0161815
29 0.8544733 0.3018576 0.0273879 0.0161816
6 0.4361855 0.3601112 0.0273879 0.0161815
18 0.7150440 0.5348719 0.0273878 0.0161816
10 0.6453294 0.5348719 0.0273879 0.0161816
21 0.6453294 0.2436040 0.0273879 0.0161816
3 0.5059002 0.2436040 0.0273879 0.0161816
18 0.8544733 0.5348719 0.0273879 0.0161816
8 0.5756148 0.3601112 0.0273879 0.0161815
10 0.6453294 0.4183647 0.0273879 0.0161815
30 0.4361855 0.4766183 0.0273879 0.0161815
26 0.4361855 0.2436040 0.0273879 0.0161816
15 0.6453294 0.4766183 0.0273879 0.0161815
12 0.5059002 0.3601112 0.0273879 0.0161815
21 0.7847586 0.3601112 0.0273879 0.0161815
27 0.8544733 0.3601112 0.0273879 0.0161815
20 0.4361855 0.5348719 0.0273879 0.0161816
29 0.5756148 0.3018576 0.0273879 0.0161816
23 0.5059002 0.4766183 0.0273879 0.0161815
12 0.4361855 0.3018576 0.0273879 0.0161816
29 0.7847586 0.4766183 0.0273879 0.0161815
30 0.6453294 0.3018576 0.0273879 0.0161816
