24 0.5643291 0.4814736 0.0266826 0.0172505
3 0.7680868 0.4814736 0.0266826 0.0172505
32 0.5637227 0.4331721 0.4863501 0.5002659
33 0.6389190 0.1956896 0.0109155 0.0138005
20 0.3605715 0.2951677 0.0266825 0.0172505
13 0.6322483 0.2951677 0.0266825 0.0172505
3 0.7680868 0.4193717 0.0266826 0.0172506
34 0.7001675 0.4820486 0.0630679 0.0621020
15 0.7001675 0.4814736 0.0266825 0.0172505
28 0.4964099 0.5435756 0.0266825 0.0172505
8 0.5643291 0.5435756 0.0266826 0.0172505
24 0.4284908 0.4814736 0.0266825 0.0172505
21 0.5643291 0.3572697 0.0266826 0.0172506
20 0.4284908 0.4193717 0.0266825 0.0172506
4 0.6322483 0.4193717 0.0266825 0.0172506
20 0.4284908 0.5435756 0.0266825 0.0172505
14 0.6322483 0.3572697 0.0266825 0.0172506
30 0.6322483 0.5435756 0.0266825 0.0172505
28 0.5643291 0.4193717 0.0266826 0.0172506
27 0.4964099 0.2951677 0.0266825 0.0172505
16 0.4284908 0.3572697 0.0266825 0.0172506
30 0.4964099 0.3572697 0.0266825 0.0172506
31 0.7001675 0.4193717 0.0266825 0.0172506
13 0.7680868 0.2951677 0.0266826 0.0172505
20 0.3605715 0.4193717 0.0266825 0.0172506
6 0.6322483 0.4814736 0.0266825 0.0172505
23 0.4284908 0.2951677 0.0266825 0.0172505
24 0.7680868 0.3572697 0.0266826 0.0172506
18 0.7001675 0.2951677 0.0266825 0.0172505
27 0.7680868 0.5435756 0.0266826 0.0172505
3 0.4964099 0.4193717 0.0266825 0.0172506
15 0.4964099 0.4814736 0.0266825 0.0172505
6 0.3605715 0.3572697 0.0266825 0.0172506
31 0.7001675 0.5435756 0.0266825 0.0172505
31 0.3605715 0.5435756 0.0266825 0.0172505
27 0.3605715 0.4814736 0.0266825 0.0172505
2 0.7001675 0.3572697 0.0266825 0.0172506
29 0.5643291 0.2951677 0.0266826 0.0172505
