19 0.4236064 0.1645621 0.0270171 0.0169096
18 0.3548357 0.1645621 0.0270171 0.0169096
32 0.4917632 0.2998391 0.4924478 0.4903789
33 0.5679022 0.0670500 0.0110524 0.0135277
9 0.6299187 0.1645621 0.0270171 0.0169096
31 0.6986895 0.1645621 0.0270171 0.0169096
23 0.6986895 0.2254368 0.0270171 0.0169096
19 0.2860649 0.2863114 0.0270171 0.0169096
18 0.5611480 0.2863114 0.0270171 0.0169096
15 0.2860649 0.3471860 0.0270171 0.0169096
1 0.3548357 0.3471860 0.0270171 0.0169096
27 0.4923772 0.3471860 0.0270171 0.0169096
30 0.5611480 0.3471860 0.0270171 0.0169096
11 0.6299187 0.3471860 0.0270171 0.0169096
34 0.2860649 0.4694989 0.0638586 0.0608746
24 0.2860649 0.4689352 0.0270171 0.0169097
26 0.6299187 0.4689352 0.0270171 0.0169097
6 0.6986895 0.4689352 0.0270171 0.0169097
6 0.5611480 0.4689352 0.0270171 0.0169097
27 0.4923772 0.4080606 0.0270171 0.0169097
17 0.6986895 0.2863114 0.0270171 0.0169096
21 0.3548357 0.4689352 0.0270171 0.0169097
5 0.6299187 0.2863114 0.0270171 0.0169096
13 0.5611480 0.4080606 0.0270171 0.0169097
27 0.6986895 0.3471860 0.0270171 0.0169096
3 0.5611480 0.2254368 0.0270171 0.0169096
29 0.4236064 0.2863114 0.0270171 0.0169096
13 0.4236064 0.4080606 0.0270171 0.0169097
25 0.6299187 0.2254368 0.0270171 0.0169096
25 0.6299187 0.4080606 0.0270171 0.0169097
20 0.2860649 0.2254368 0.0270171 0.0169096
19 0.3548357 0.2254368 0.0270171 0.0169096
18 0.2860649 0.4080606 0.0270171 0.0169097
30 0.3548357 0.2863114 0.0270171 0.0169096
31 0.2860649 0.1645621 0.0270171 0.0169096
16 0.4923772 0.2254368 0.0270171 0.0169096
13 0.3548357 0.4080606 0.0270171 0.0169097
5 0.4923772 0.1645621 0.0270171 0.0169096
19 0.4236064 0.4689352 0.0270171 0.0169097
6 0.4236064 0.3471860 0.0270171 0.0169096
21 0.4923772 0.2863114 0.0270171 0.0169096
4 0.4923772 0.4689352 0.0270171 0.0169097
4 0.6986895 0.4080606 0.0270171 0.0169097
17 0.4236064 0.2254368 0.0270171 0.0169096
5 0.5611480 0.1645621 0.0270171 0.0169096
