28 0.4736102 0.4366778 0.0222016 0.0162441
29 0.3784606 0.2887407 0.0222016 0.0174043
32 0.3218994 0.3055649 0.3615685 0.5082074
33 0.4466511 0.1077353 0.0126866 0.0197250
20 0.3308858 0.2144821 0.0222016 0.0174043
34 0.4260354 0.2144821 0.0412315 0.0452514
25 0.4260354 0.2144821 0.0222016 0.0174043
19 0.1881614 0.3629993 0.0222016 0.0174044
11 0.4260354 0.4366778 0.0222016 0.0162441
28 0.3308858 0.5109364 0.0222016 0.0162441
2 0.4260354 0.5109364 0.0222016 0.0162441
23 0.1881614 0.2887407 0.0222016 0.0174043
19 0.2357362 0.5109364 0.0222016 0.0162441
30 0.3784606 0.2144821 0.0222016 0.0174043
27 0.3308858 0.3629993 0.0222016 0.0174044
1 0.4736102 0.5109364 0.0222016 0.0162441
17 0.4736102 0.3629993 0.0222016 0.0174044
12 0.2357362 0.4366778 0.0222016 0.0162441
28 0.2357362 0.3629993 0.0222016 0.0174044
5 0.2833110 0.5109364 0.0222016 0.0162441
24 0.3784606 0.4366778 0.0222016 0.0162441
3 0.1881614 0.2144821 0.0222016 0.0174043
30 0.3308858 0.2887407 0.0222016 0.0174043
10 0.3784606 0.3629993 0.0222016 0.0174044
26 0.2833110 0.2887407 0.0222016 0.0174043
5 0.2833110 0.2144821 0.0222016 0.0174043
31 0.4260354 0.3629993 0.0222016 0.0174044
25 0.2357362 0.2144821 0.0222016 0.0174043
24 0.3784606 0.5109364 0.0222016 0.0162441
21 0.1881614 0.4366778 0.0222016 0.0162441
12 0.4736102 0.2887407 0.0222016 0.0174043
25 0.3308858 0.4366778 0.0222016 0.0162441
2 0.2833110 0.3629993 0.0222016 0.0174044
23 0.1881614 0.5109364 0.0222016 0.0162441
4 0.2833110 0.4366778 0.0222016 0.0162441
8 0.2357362 0.2887407 0.0222016 0.0174043
2 0.4736102 0.2144821 0.0222016 0.0174043
29 0.4260354 0.2887407 0.0222016 0.0174043
