9 0.5670123 0.5499661 0.0231670 0.0162153
30 0.6166560 0.4115953 0.0231670 0.0162153
32 0.6569226 0.4964555 0.3772920 0.4734877
33 0.7870993 0.3121412 0.0132383 0.0183774
17 0.5670123 0.4115953 0.0231670 0.0162153
24 0.6166560 0.5499661 0.0231670 0.0162153
11 0.7655870 0.5499661 0.0231670 0.0162153
16 0.6166560 0.6186110 0.0231670 0.0151343
34 0.5670123 0.6877964 0.0430245 0.0432409
26 0.5670123 0.6877964 0.0231670 0.0151343
31 0.7159433 0.6877964 0.0231670 0.0151343
1 0.8152307 0.4807807 0.0231670 0.0162153
26 0.6166560 0.4807807 0.0231670 0.0162153
3 0.5173686 0.4807807 0.0231670 0.0162153
15 0.6662996 0.4807807 0.0231670 0.0162153
10 0.5173686 0.6186110 0.0231670 0.0151343
6 0.5173686 0.5499661 0.0231670 0.0162153
18 0.6662996 0.5499661 0.0231670 0.0162153
15 0.7655870 0.6186110 0.0231670 0.0151343
20 0.7159433 0.5499661 0.0231670 0.0162153
21 0.6166560 0.6877964 0.0231670 0.0151343
30 0.5670123 0.4807807 0.0231670 0.0162153
13 0.6662996 0.6877964 0.0231670 0.0151343
11 0.7655870 0.6877964 0.0231670 0.0151343
27 0.6662996 0.6186110 0.0231670 0.0151343
5 0.5670123 0.6186110 0.0231670 0.0151343
8 0.5173686 0.6877964 0.0231670 0.0151343
26 0.8152307 0.6186110 0.0231670 0.0151343
24 0.7655870 0.4807807 0.0231670 0.0162153
17 0.7159433 0.6186110 0.0231670 0.0151343
17 0.6662996 0.4115953 0.0231670 0.0162153
25 0.8152307 0.6877964 0.0231670 0.0151343
20 0.7655870 0.4115953 0.0231670 0.0162153
18 0.5173686 0.4115953 0.0231670 0.0162153
25 0.7159433 0.4807807 0.0231670 0.0162153
4 0.7159433 0.4115953 0.0231670 0.0162153
17 0.8152307 0.5499661 0.0231670 0.0162153
14 0.8152307 0.4115953 0.0231670 0.0162153
