7 0.4180973 0.2944112 0.0241960 0.0174884
12 0.6254914 0.2197940 0.0241960 0.0174884
32 0.4601522 0.3113167 0.3940488 0.5106615
33 0.5961106 0.1125318 0.0138263 0.0198202
20 0.5736429 0.2944112 0.0241960 0.0174884
34 0.3662488 0.3690285 0.0449354 0.0454699
20 0.3662488 0.3690284 0.0241960 0.0174884
23 0.4180973 0.3690284 0.0241960 0.0174884
15 0.6254914 0.3690284 0.0241960 0.0174884
1 0.5217944 0.4430627 0.0241960 0.0163226
24 0.3144002 0.5176799 0.0241960 0.0163225
5 0.5217944 0.3690284 0.0241960 0.0174884
31 0.5736429 0.3690284 0.0241960 0.0174884
29 0.3144002 0.2944112 0.0241960 0.0174884
22 0.4699458 0.4430627 0.0241960 0.0163226
25 0.6254914 0.4430627 0.0241960 0.0163226
15 0.4180973 0.2197940 0.0241960 0.0174884
7 0.5217944 0.5176799 0.0241960 0.0163225
15 0.5736429 0.4430627 0.0241960 0.0163226
2 0.6254914 0.2944112 0.0241960 0.0174884
21 0.4699458 0.2944112 0.0241960 0.0174884
4 0.6254914 0.5176799 0.0241960 0.0163225
2 0.5217944 0.2944112 0.0241960 0.0174884
25 0.4180973 0.4430627 0.0241960 0.0163226
10 0.3662488 0.5176799 0.0241960 0.0163225
3 0.4180973 0.5176799 0.0241960 0.0163225
18 0.5736429 0.5176799 0.0241960 0.0163225
30 0.3662488 0.4430627 0.0241960 0.0163226
28 0.4699458 0.5176799 0.0241960 0.0163225
31 0.3144002 0.4430627 0.0241960 0.0163226
4 0.3144002 0.2197940 0.0241960 0.0174884
14 0.3144002 0.3690284 0.0241960 0.0174884
30 0.5217944 0.2197940 0.0241960 0.0174884
23 0.4699458 0.3690284 0.0241960 0.0174884
7 0.5736429 0.2197940 0.0241960 0.0174884
20 0.3662488 0.2944112 0.0241960 0.0174884
8 0.4699458 0.2197940 0.0241960 0.0174884
27 0.3662488 0.2197940 0.0241960 0.0174884
