2 0.3662324 0.6899414 0.0261732 0.0172771
5 0.4328551 0.5655466 0.0261732 0.0172771
32 0.4988830 0.5793682 0.4770665 0.5010346
33 0.5726439 0.3415207 0.0107072 0.0138216
34 0.2996096 0.4417277 0.0618640 0.0621974
18 0.2996096 0.4411517 0.0261732 0.0172771
24 0.3662324 0.4411517 0.0261732 0.0172771
5 0.4328551 0.4411517 0.0261732 0.0172771
19 0.4994778 0.5655466 0.0261732 0.0172771
14 0.6993461 0.5655466 0.0261732 0.0172771
22 0.4994778 0.6277440 0.0261732 0.0172771
23 0.6327233 0.5655466 0.0261732 0.0172771
5 0.5661005 0.5655466 0.0261732 0.0172771
7 0.5661005 0.5033491 0.0261732 0.0172771
29 0.4328551 0.6899414 0.0261732 0.0172771
31 0.4994778 0.6899414 0.0261732 0.0172771
6 0.6327233 0.6277440 0.0261732 0.0172771
1 0.4328551 0.5033491 0.0261732 0.0172771
17 0.4994778 0.5033491 0.0261732 0.0172771
20 0.2996096 0.5655466 0.0261732 0.0172771
14 0.2996096 0.5033491 0.0261732 0.0172771
28 0.3662324 0.6277440 0.0261732 0.0172771
6 0.6993461 0.6899414 0.0261732 0.0172771
19 0.6327233 0.6899414 0.0261732 0.0172771
15 0.6993461 0.5033491 0.0261732 0.0172771
5 0.3662324 0.5655466 0.0261732 0.0172771
6 0.5661005 0.4411517 0.0261732 0.0172771
29 0.6327233 0.5033491 0.0261732 0.0172771
17 0.6993461 0.4411517 0.0261732 0.0172771
4 0.5661005 0.6899414 0.0261732 0.0172771
18 0.6327233 0.4411517 0.0261732 0.0172771
6 0.2996096 0.6899414 0.0261732 0.0172771
28 0.4328551 0.6277440 0.0261732 0.0172771
28 0.2996096 0.6277440 0.0261732 0.0172771
15 0.6993461 0.6277440 0.0261732 0.0172771
17 0.3662324 0.5033491 0.0261732 0.0172771
15 0.4994778 0.4411517 0.0261732 0.0172771
3 0.5661005 0.6277440 0.0261732 0.0172771
