1 0.3446728 0.4427517 0.0250780 0.0153893
18 0.2380914 0.4427517 0.0239381 0.0153893
32 0.2403712 0.4323089 0.4251855 0.4122137
33 0.4210466 0.2718204 0.0091193 0.0120916
5 0.1845158 0.3471181 0.0239381 0.0153893
23 0.1315100 0.3943852 0.0250780 0.0153893
14 0.1845158 0.3943852 0.0239381 0.0153893
10 0.3993884 0.3943852 0.0250780 0.0153893
17 0.0767945 0.4427517 0.0250780 0.0153893
35 0.3993884 0.4427517 0.0455963 0.0439695
19 0.3993884 0.4427517 0.0250780 0.0153893
6 0.0767945 0.4911181 0.0250780 0.0153893
9 0.1845158 0.4911181 0.0239381 0.0153893
13 0.0767945 0.5400341 0.0250780 0.0164885
31 0.1845158 0.5400341 0.0239381 0.0164885
24 0.2380914 0.5400341 0.0239381 0.0164885
8 0.3446728 0.5400341 0.0250780 0.0164885
29 0.3993884 0.5884005 0.0250780 0.0164886
5 0.3993884 0.3471181 0.0250780 0.0153893
24 0.1315100 0.4427517 0.0250780 0.0153893
9 0.0767945 0.5884005 0.0250780 0.0164886
28 0.1315100 0.3471181 0.0250780 0.0153893
9 0.0767945 0.3943852 0.0250780 0.0153893
31 0.0767945 0.3471181 0.0250780 0.0153893
16 0.1315100 0.5884005 0.0250780 0.0164886
6 0.1845158 0.4427517 0.0239381 0.0153893
20 0.3446728 0.4911181 0.0250780 0.0153893
8 0.2910971 0.5884005 0.0250780 0.0164886
1 0.2910971 0.3471181 0.0250780 0.0153893
10 0.2910971 0.4427517 0.0250780 0.0153893
21 0.3993884 0.4911181 0.0250780 0.0153893
16 0.2910971 0.3943852 0.0250780 0.0153893
9 0.3993884 0.5400341 0.0250780 0.0164885
10 0.1315100 0.5400341 0.0250780 0.0164885
21 0.2380914 0.3471181 0.0239381 0.0153893
8 0.3446728 0.5884005 0.0250780 0.0164886
7 0.2910971 0.4911181 0.0250780 0.0153893
7 0.2910971 0.5400341 0.0250780 0.0164885
23 0.1315100 0.4911181 0.0250780 0.0153893
26 0.3446728 0.3943852 0.0250780 0.0153893
1 0.1845158 0.5884005 0.0239381 0.0164886
25 0.2380914 0.3943852 0.0239381 0.0153893
26 0.2380914 0.4911181 0.0239381 0.0153893
9 0.2380914 0.5884005 0.0239381 0.0164886
13 0.3446728 0.3471181 0.0250780 0.0153893
