18 0.4145055 0.7023619 0.0266367 0.0170777
4 0.3467030 0.4564428 0.0266367 0.0170777
32 0.3460977 0.5532166 0.4855145 0.5043620
33 0.4205593 0.3152670 0.0121076 0.0148007
25 0.1432955 0.4564428 0.0266367 0.0170777
24 0.4145055 0.4564428 0.0266367 0.0170777
4 0.4823081 0.4564428 0.0266367 0.0170777
29 0.5501106 0.5179226 0.0266367 0.0170777
23 0.1432955 0.5794024 0.0266367 0.0170777
28 0.2789005 0.5794024 0.0266367 0.0170777
6 0.3467030 0.5794024 0.0266367 0.0170777
34 0.3467030 0.6414514 0.0629595 0.0614798
9 0.3467030 0.6408822 0.0266367 0.0170777
22 0.2789005 0.7023619 0.0266367 0.0170777
3 0.1432955 0.7638418 0.0266367 0.0170778
16 0.2110980 0.7638418 0.0266367 0.0170778
19 0.3467030 0.7638418 0.0266367 0.0170778
5 0.4823081 0.7638418 0.0266367 0.0170778
26 0.5501106 0.4564428 0.0266367 0.0170777
24 0.2110980 0.5179226 0.0266367 0.0170777
1 0.4823081 0.7023619 0.0266367 0.0170777
20 0.1432955 0.6408822 0.0266367 0.0170777
16 0.4145055 0.6408822 0.0266367 0.0170777
30 0.4145055 0.7638418 0.0266367 0.0170778
11 0.4145055 0.5794024 0.0266367 0.0170777
14 0.3467030 0.5179226 0.0266367 0.0170777
20 0.5501106 0.6408822 0.0266367 0.0170777
1 0.5501106 0.7638418 0.0266367 0.0170778
13 0.4823081 0.5794024 0.0266367 0.0170777
31 0.2110980 0.7023619 0.0266367 0.0170777
7 0.2789005 0.7638418 0.0266367 0.0170778
7 0.2110980 0.4564428 0.0266367 0.0170777
15 0.1432955 0.7023619 0.0266367 0.0170777
8 0.2789005 0.4564428 0.0266367 0.0170777
25 0.2789005 0.6408822 0.0266367 0.0170777
8 0.5501106 0.5794024 0.0266367 0.0170777
30 0.2110980 0.5794024 0.0266367 0.0170777
21 0.5501106 0.7023619 0.0266367 0.0170777
13 0.4823081 0.6408822 0.0266367 0.0170777
20 0.4145055 0.5179226 0.0266367 0.0170777
19 0.4823081 0.5179226 0.0266367 0.0170777
9 0.3467030 0.7023619 0.0266367 0.0170777
7 0.1432955 0.5179226 0.0266367 0.0170777
19 0.2789005 0.5179226 0.0266367 0.0170777
26 0.2110980 0.6408822 0.0266367 0.0170777
