1 0.3093439 0.3795694 0.0229597 0.0173493
15 0.4569418 0.6750861 0.0229597 0.0161927
32 0.3984493 0.4703642 0.3739147 0.5066000
33 0.5274609 0.2731603 0.0131198 0.0196625
17 0.3585432 0.3795694 0.0229597 0.0173493
19 0.3585432 0.4535932 0.0229597 0.0173493
34 0.5061412 0.4535932 0.0426394 0.0451082
11 0.5061412 0.4535932 0.0229597 0.0173493
2 0.3093439 0.5276169 0.0229597 0.0173493
4 0.5061412 0.6010623 0.0229597 0.0161927
13 0.5553404 0.6010623 0.0229597 0.0161927
28 0.2601446 0.4535932 0.0229597 0.0173493
27 0.4077425 0.3795694 0.0229597 0.0173493
5 0.4077425 0.5276169 0.0229597 0.0173493
31 0.3093439 0.6010623 0.0229597 0.0161927
17 0.2601446 0.6010623 0.0229597 0.0161927
9 0.4077425 0.6010623 0.0229597 0.0161927
30 0.5553404 0.4535932 0.0229597 0.0173493
16 0.5553404 0.6750861 0.0229597 0.0161927
23 0.4569418 0.4535932 0.0229597 0.0173493
1 0.5553404 0.3795694 0.0229597 0.0173493
30 0.2601446 0.6750861 0.0229597 0.0161927
22 0.4569418 0.6010623 0.0229597 0.0161927
9 0.3585432 0.5276169 0.0229597 0.0173493
1 0.2601446 0.3795694 0.0229597 0.0173493
25 0.2601446 0.5276169 0.0229597 0.0173493
16 0.3093439 0.4535932 0.0229597 0.0173493
28 0.4569418 0.5276169 0.0229597 0.0173493
15 0.3585432 0.6010623 0.0229597 0.0161927
2 0.3093439 0.6750861 0.0229597 0.0161927
20 0.5553404 0.5276169 0.0229597 0.0173493
7 0.5061412 0.3795694 0.0229597 0.0173493
14 0.5061412 0.5276169 0.0229597 0.0173493
10 0.3585432 0.6750861 0.0229597 0.0161927
7 0.5061412 0.6750861 0.0229597 0.0161927
14 0.4569418 0.3795694 0.0229597 0.0173493
26 0.4077425 0.4535932 0.0229597 0.0173493
16 0.4077425 0.6750861 0.0229597 0.0161927
