22 0.6445511 0.4146500 0.0272445 0.0167511
13 0.3671527 0.2940425 0.0272445 0.0167511
32 0.5745823 0.3286613 0.4965925 0.4947144
33 0.6507430 0.0952633 0.0123838 0.0145176
25 0.7139006 0.2337387 0.0272445 0.0167511
34 0.4365023 0.2946008 0.0643960 0.0603038
6 0.4365023 0.2940425 0.0272445 0.0167511
12 0.4365023 0.4146500 0.0272445 0.0167511
6 0.5752015 0.4146500 0.0272445 0.0167511
18 0.7832502 0.4146500 0.0272444 0.0167511
17 0.4365023 0.4749538 0.0272445 0.0167510
2 0.5752015 0.3543462 0.0272445 0.0167510
6 0.6445511 0.2337387 0.0272445 0.0167511
27 0.5058519 0.4146500 0.0272445 0.0167511
20 0.5058519 0.3543462 0.0272445 0.0167510
29 0.5752015 0.2337387 0.0272445 0.0167511
24 0.5752015 0.2940425 0.0272445 0.0167511
31 0.5058519 0.4749538 0.0272445 0.0167510
24 0.6445511 0.3543462 0.0272445 0.0167510
18 0.7139006 0.3543462 0.0272445 0.0167510
8 0.7832502 0.2337387 0.0272444 0.0167511
5 0.7139006 0.2940425 0.0272445 0.0167511
10 0.5752015 0.4749538 0.0272445 0.0167510
10 0.4365023 0.2337387 0.0272445 0.0167511
18 0.6445511 0.2940425 0.0272445 0.0167511
31 0.7832502 0.2940425 0.0272444 0.0167511
13 0.5058519 0.2940425 0.0272445 0.0167511
19 0.7832502 0.4749538 0.0272444 0.0167510
6 0.7139006 0.4146500 0.0272445 0.0167511
8 0.3671527 0.2337387 0.0272445 0.0167511
22 0.5058519 0.2337387 0.0272445 0.0167511
21 0.4365023 0.3543462 0.0272445 0.0167510
9 0.3671527 0.3543462 0.0272445 0.0167510
19 0.3671527 0.4146500 0.0272445 0.0167511
7 0.3671527 0.4749538 0.0272445 0.0167510
26 0.6445511 0.4749538 0.0272445 0.0167510
4 0.7139006 0.4749538 0.0272445 0.0167510
4 0.7832502 0.3543462 0.0272444 0.0167510
