11 0.5561111 0.5117060 0.0262317 0.0172094
17 0.5561111 0.5736598 0.0262317 0.0172094
32 0.4225678 0.5409619 0.4817101 0.5093985
33 0.4958974 0.2983093 0.0107312 0.0149148
7 0.2222528 0.3877982 0.0262317 0.0172094
8 0.5561111 0.3877982 0.0262317 0.0172094
34 0.2890244 0.4503257 0.0620023 0.0619539
20 0.2890244 0.4497521 0.0262317 0.0172094
18 0.6228828 0.4497521 0.0262317 0.0172094
28 0.4893395 0.5117060 0.0262318 0.0172094
1 0.5561111 0.6356137 0.0262317 0.0172094
21 0.2890244 0.5117060 0.0262317 0.0172094
16 0.2222528 0.6356137 0.0262317 0.0172094
4 0.4893395 0.6356137 0.0262318 0.0172094
27 0.2890244 0.3877982 0.0262317 0.0172094
22 0.3557961 0.5736598 0.0262317 0.0172094
30 0.6228828 0.3877982 0.0262317 0.0172094
23 0.2890244 0.6356137 0.0262317 0.0172094
4 0.2890244 0.5736598 0.0262317 0.0172094
19 0.3557961 0.6356137 0.0262317 0.0172094
3 0.5561111 0.4497521 0.0262317 0.0172094
8 0.6228828 0.5117060 0.0262317 0.0172094
15 0.4893395 0.5736598 0.0262318 0.0172094
2 0.4225678 0.4497521 0.0262317 0.0172094
16 0.3557961 0.5117060 0.0262317 0.0172094
4 0.4225678 0.5117060 0.0262317 0.0172094
1 0.6228828 0.5736598 0.0262317 0.0172094
17 0.3557961 0.3877982 0.0262317 0.0172094
10 0.4893395 0.4497521 0.0262318 0.0172094
7 0.4893395 0.3877982 0.0262318 0.0172094
1 0.2222528 0.5736598 0.0262317 0.0172094
6 0.2222528 0.5117060 0.0262317 0.0172094
5 0.6228828 0.6356137 0.0262317 0.0172094
27 0.4225678 0.3877982 0.0262317 0.0172094
3 0.3557961 0.4497521 0.0262317 0.0172094
27 0.4225678 0.5736598 0.0262317 0.0172094
1 0.2222528 0.4497521 0.0262317 0.0172094
2 0.4225678 0.6356137 0.0262317 0.0172094
