17 0.6532333 0.5409326 0.0280752 0.0159631
15 0.6532333 0.4259980 0.0280752 0.0159631
32 0.5811313 0.3813012 0.5117331 0.4629311
33 0.6602522 0.1615419 0.0114853 0.0127705
25 0.4388414 0.2535961 0.0280751 0.0159631
28 0.7246973 0.2535961 0.0280751 0.0159631
8 0.4388414 0.3110634 0.0280751 0.0159631
27 0.6532333 0.3110634 0.0280752 0.0159631
30 0.7246973 0.3110634 0.0280751 0.0159631
31 0.6532333 0.3685307 0.0280752 0.0159631
34 0.3673775 0.4265301 0.0663594 0.0574673
10 0.3673775 0.4259980 0.0280751 0.0159631
7 0.5103054 0.4259980 0.0280751 0.0159631
15 0.3673775 0.4834653 0.0280751 0.0159631
18 0.4388414 0.4834653 0.0280751 0.0159631
29 0.4388414 0.5409326 0.0280751 0.0159631
23 0.5817694 0.5409326 0.0280751 0.0159631
10 0.7246973 0.5409326 0.0280751 0.0159631
13 0.7961613 0.3685307 0.0280752 0.0159631
13 0.7246973 0.3685307 0.0280751 0.0159631
4 0.4388414 0.4259980 0.0280751 0.0159631
31 0.5103054 0.2535961 0.0280751 0.0159631
1 0.3673775 0.2535961 0.0280751 0.0159631
1 0.3673775 0.5409326 0.0280751 0.0159631
2 0.5817694 0.4259980 0.0280751 0.0159631
24 0.5103054 0.4834653 0.0280751 0.0159631
26 0.7246973 0.4259980 0.0280751 0.0159631
7 0.6532333 0.4834653 0.0280752 0.0159631
2 0.7961613 0.5409326 0.0280752 0.0159631
1 0.4388414 0.3685307 0.0280751 0.0159631
31 0.5103054 0.3685307 0.0280751 0.0159631
2 0.7961613 0.4259980 0.0280752 0.0159631
19 0.5817694 0.2535961 0.0280751 0.0159631
14 0.6532333 0.2535961 0.0280752 0.0159631
29 0.3673775 0.3685307 0.0280751 0.0159631
6 0.7961613 0.3110634 0.0280752 0.0159631
19 0.5103054 0.5409326 0.0280751 0.0159631
18 0.5817694 0.3685307 0.0280751 0.0159631
3 0.7961613 0.4834653 0.0280752 0.0159631
1 0.5817694 0.3110634 0.0280751 0.0159631
17 0.7246973 0.4834653 0.0280751 0.0159631
31 0.7961613 0.2535961 0.0280752 0.0159631
6 0.5817694 0.4834653 0.0280751 0.0159631
6 0.3673775 0.3110634 0.0280751 0.0159631
1 0.5103054 0.3110634 0.0280751 0.0159631
