6 0.4214747 0.4676695 0.0269819 0.0173271
11 0.6961993 0.4052922 0.0269819 0.0173271
32 0.6269050 0.3787240 0.4918062 0.5117251
33 0.7023317 0.1373007 0.0122645 0.0150168
34 0.6275182 0.2811151 0.0637754 0.0623773
24 0.6275182 0.2805375 0.0269819 0.0173270
25 0.6275182 0.3429148 0.0269819 0.0173270
27 0.6275182 0.4052922 0.0269819 0.0173271
30 0.7648805 0.4052922 0.0269819 0.0173271
21 0.4901559 0.5300468 0.0269819 0.0173271
23 0.6961993 0.5300468 0.0269819 0.0173271
24 0.8335617 0.4676695 0.0269819 0.0173271
30 0.6961993 0.2805375 0.0269819 0.0173270
6 0.6961993 0.4676695 0.0269819 0.0173271
15 0.4214747 0.2805375 0.0269819 0.0173270
17 0.5588371 0.4676695 0.0269819 0.0173271
31 0.5588371 0.5300468 0.0269819 0.0173271
15 0.8335617 0.3429148 0.0269819 0.0173270
9 0.5588371 0.3429148 0.0269819 0.0173270
4 0.4901559 0.4676695 0.0269819 0.0173271
7 0.4901559 0.3429148 0.0269819 0.0173270
18 0.8335617 0.5300468 0.0269819 0.0173271
10 0.7648805 0.5300468 0.0269819 0.0173271
9 0.4901559 0.4052922 0.0269819 0.0173271
13 0.5588371 0.4052922 0.0269819 0.0173271
1 0.4214747 0.5300468 0.0269819 0.0173271
2 0.4214747 0.4052922 0.0269819 0.0173271
15 0.6275182 0.4676695 0.0269819 0.0173271
2 0.7648805 0.2805375 0.0269819 0.0173270
15 0.8335617 0.4052922 0.0269819 0.0173271
10 0.5588371 0.2805375 0.0269819 0.0173270
26 0.6275182 0.5300468 0.0269819 0.0173271
27 0.4901559 0.2805375 0.0269819 0.0173270
16 0.6961993 0.3429148 0.0269819 0.0173270
16 0.7648805 0.3429148 0.0269819 0.0173270
16 0.4214747 0.3429148 0.0269819 0.0173270
21 0.8335617 0.2805375 0.0269819 0.0173270
17 0.7648805 0.4676695 0.0269819 0.0173271
