11 0.4634237 0.4193004 0.0245999 0.0165565
8 0.5791550 0.3619045 0.0234818 0.0165565
32 0.5735640 0.4435833 0.4036618 0.3785927
33 0.7625359 0.2680841 0.0100636 0.0143490
2 0.5204507 0.3619045 0.0245999 0.0165565
23 0.4052785 0.4772483 0.0245999 0.0154528
1 0.5204507 0.5346443 0.0245999 0.0154527
5 0.6373002 0.5346443 0.0234816 0.0154527
34 0.5785959 0.5909366 0.0491998 0.0485659
14 0.5791550 0.5909366 0.0234818 0.0154528
24 0.4634237 0.3619045 0.0245999 0.0165565
10 0.6960044 0.5346443 0.0245999 0.0154527
6 0.4634237 0.5346443 0.0245999 0.0154527
22 0.4634237 0.5909366 0.0245999 0.0154528
25 0.6960044 0.3619045 0.0245999 0.0165565
12 0.6960044 0.4772483 0.0245999 0.0154528
22 0.7530314 0.4772483 0.0245999 0.0154528
6 0.7530314 0.5909366 0.0245999 0.0154528
22 0.7530314 0.4193004 0.0245999 0.0165565
28 0.6960044 0.5909366 0.0245999 0.0154528
20 0.6373002 0.3619045 0.0234816 0.0165565
31 0.4052785 0.3619045 0.0245999 0.0165565
1 0.5204507 0.4193004 0.0245999 0.0165565
16 0.6373002 0.4193004 0.0234816 0.0165565
10 0.5791550 0.5346443 0.0234818 0.0154527
11 0.5204507 0.4772483 0.0245999 0.0154528
6 0.6373002 0.5909366 0.0234816 0.0154528
5 0.4052785 0.5909366 0.0245999 0.0154528
17 0.7530314 0.5346443 0.0245999 0.0154527
18 0.4052785 0.4193004 0.0245999 0.0165565
8 0.4634237 0.4772483 0.0245999 0.0154528
15 0.7530314 0.3619045 0.0245999 0.0165565
1 0.5204507 0.5909366 0.0245999 0.0154528
4 0.6960044 0.4193004 0.0245999 0.0165565
31 0.5791550 0.4772483 0.0234818 0.0154528
22 0.6373002 0.4772483 0.0234816 0.0154528
31 0.4052785 0.5346443 0.0245999 0.0154527
27 0.5791550 0.4193004 0.0234818 0.0165565
