30 0.6829062 0.6166389 0.0269002 0.0174439
10 0.2720679 0.4282445 0.0269001 0.0174439
32 0.4768757 0.4642952 0.4903160 0.5151773
33 0.5520737 0.2212432 0.0122273 0.0151181
31 0.2720679 0.3654463 0.0269001 0.0174439
11 0.4774870 0.3654463 0.0269001 0.0174439
6 0.4090140 0.4282445 0.0269001 0.0174439
15 0.5459601 0.4282445 0.0269001 0.0174439
19 0.3405409 0.5538407 0.0269001 0.0174439
4 0.6829062 0.5538407 0.0269002 0.0174439
29 0.2720679 0.6166389 0.0269001 0.0174439
34 0.4090140 0.6172203 0.0635821 0.0627981
7 0.4090140 0.6166389 0.0269001 0.0174439
10 0.4774870 0.6166389 0.0269001 0.0174439
24 0.5459601 0.6166389 0.0269001 0.0174439
22 0.6144332 0.6166389 0.0269001 0.0174439
26 0.3405409 0.6794370 0.0269001 0.0174439
19 0.6829062 0.3654463 0.0269002 0.0174439
30 0.5459601 0.4910426 0.0269001 0.0174439
5 0.4090140 0.4910426 0.0269001 0.0174439
3 0.4090140 0.5538407 0.0269001 0.0174439
27 0.5459601 0.6794370 0.0269001 0.0174439
28 0.6144332 0.5538407 0.0269001 0.0174439
6 0.5459601 0.5538407 0.0269001 0.0174439
19 0.4774870 0.4910426 0.0269001 0.0174439
11 0.4774870 0.6794370 0.0269001 0.0174439
5 0.6144332 0.4910426 0.0269001 0.0174439
10 0.6829062 0.6794370 0.0269002 0.0174439
13 0.4090140 0.6794370 0.0269001 0.0174439
28 0.3405409 0.3654463 0.0269001 0.0174439
7 0.3405409 0.6166389 0.0269001 0.0174439
25 0.6144332 0.4282445 0.0269001 0.0174439
10 0.6829062 0.4910426 0.0269002 0.0174439
10 0.2720679 0.4910426 0.0269001 0.0174439
1 0.3405409 0.4910426 0.0269001 0.0174439
23 0.6144332 0.3654463 0.0269001 0.0174439
23 0.2720679 0.6794370 0.0269001 0.0174439
30 0.4774870 0.4282445 0.0269001 0.0174439
10 0.2720679 0.5538407 0.0269001 0.0174439
13 0.6144332 0.6794370 0.0269001 0.0174439
15 0.4774870 0.5538407 0.0269001 0.0174439
11 0.6829062 0.4282445 0.0269002 0.0174439
1 0.3405409 0.4282445 0.0269001 0.0174439
25 0.4090140 0.3654463 0.0269001 0.0174439
5 0.5459601 0.3654463 0.0269001 0.0174439
