9 0.2666175 0.3671286 0.0283762 0.0151893
26 0.6277694 0.3090837 0.0283762 0.0162743
32 0.4839536 0.4208337 0.5223804 0.4784636
33 0.5606984 0.2081832 0.0103186 0.0119344
17 0.2666175 0.3090837 0.0283762 0.0162743
34 0.3388479 0.3085412 0.0670711 0.0585874
27 0.3388479 0.3090837 0.0283762 0.0162743
21 0.6277694 0.3671286 0.0283762 0.0151893
10 0.4833087 0.4262584 0.0283762 0.0162743
15 0.3388479 0.5434332 0.0283762 0.0162743
29 0.6277694 0.5434332 0.0283762 0.0162743
24 0.6999998 0.4848458 0.0283762 0.0162743
12 0.6999998 0.3671286 0.0283762 0.0151893
1 0.5555391 0.4262584 0.0283762 0.0162743
5 0.3388479 0.4848458 0.0283762 0.0162743
8 0.6277694 0.4848458 0.0283762 0.0162743
31 0.4833087 0.5434332 0.0283762 0.0162743
4 0.4833087 0.3671286 0.0283762 0.0151893
31 0.4110783 0.3090837 0.0283762 0.0162743
13 0.3388479 0.3671286 0.0283762 0.0151893
17 0.2666175 0.5434332 0.0283762 0.0162743
13 0.5555391 0.4848458 0.0283762 0.0162743
6 0.4110783 0.4262584 0.0283762 0.0162743
28 0.5555391 0.3671286 0.0283762 0.0151893
31 0.6999998 0.5434332 0.0283762 0.0162743
14 0.2666175 0.4262584 0.0283762 0.0162743
3 0.5555391 0.5434332 0.0283762 0.0162743
26 0.4110783 0.3671286 0.0283762 0.0151893
1 0.4833087 0.4848458 0.0283762 0.0162743
8 0.2666175 0.4848458 0.0283762 0.0162743
8 0.4833087 0.3090837 0.0283762 0.0162743
15 0.3388479 0.4262584 0.0283762 0.0162743
7 0.4110783 0.5434332 0.0283762 0.0162743
11 0.5555391 0.3090837 0.0283762 0.0162743
21 0.6999998 0.3090837 0.0283762 0.0162743
30 0.6999998 0.4262584 0.0283762 0.0162743
24 0.4110783 0.4848458 0.0283762 0.0162743
6 0.6277694 0.4262584 0.0283762 0.0162743
