27 0.7380391 0.4047694 0.0234096 0.0157329
12 0.6369523 0.3553231 0.0234096 0.0157329
32 0.5922611 0.3238572 0.4022196 0.3753429
33 0.7582566 0.1816988 0.0085126 0.0146092
29 0.4879820 0.3058767 0.0234096 0.0157329
31 0.4879820 0.3553231 0.0234096 0.0157329
27 0.7380391 0.3553231 0.0234096 0.0157329
35 0.6369522 0.4047695 0.0425629 0.0449512
23 0.6369523 0.4047694 0.0234096 0.0157329
14 0.6869637 0.4047694 0.0234096 0.0157329
18 0.5874729 0.2575541 0.0223455 0.0157329
22 0.5374614 0.4547777 0.0223455 0.0168567
20 0.4879820 0.2575541 0.0234096 0.0157329
15 0.6369523 0.4547777 0.0234096 0.0168567
29 0.6369523 0.3058767 0.0234096 0.0157329
5 0.5374614 0.3553231 0.0223455 0.0157329
1 0.7380391 0.4547777 0.0234096 0.0168567
5 0.5874729 0.4547777 0.0223455 0.0168567
11 0.5874729 0.3058767 0.0223455 0.0157329
13 0.5874729 0.3553231 0.0223455 0.0157329
17 0.4879820 0.4047694 0.0234096 0.0157329
19 0.4369065 0.4547777 0.0234096 0.0168567
15 0.5374614 0.2575541 0.0223455 0.0157329
3 0.6869637 0.2575541 0.0234096 0.0157329
12 0.5374614 0.3058767 0.0223455 0.0157329
9 0.7380391 0.2575541 0.0234096 0.0157329
12 0.6869637 0.3553231 0.0234096 0.0157329
15 0.4369065 0.2575541 0.0234096 0.0157329
5 0.6869637 0.3058767 0.0234096 0.0157329
13 0.4369065 0.3058767 0.0234096 0.0157329
8 0.4369065 0.3553231 0.0234096 0.0157329
25 0.5874729 0.4047694 0.0223455 0.0157329
18 0.4879820 0.4547777 0.0234096 0.0168567
31 0.6869637 0.4547777 0.0234096 0.0168567
30 0.5374614 0.4047694 0.0223455 0.0157329
1 0.4369065 0.4047694 0.0234096 0.0157329
28 0.6369523 0.2575541 0.0234096 0.0157329
29 0.7380391 0.3058767 0.0234096 0.0157329
