4 0.7227618 0.5881837 0.0255254 0.0149995
31 0.6618489 0.4215820 0.0243652 0.0160709
32 0.5957149 0.4451527 0.4188490 0.3674879
33 0.7917965 0.2748012 0.0104422 0.0139281
20 0.6015161 0.3658696 0.0243652 0.0160709
25 0.5406031 0.4778302 0.0255254 0.0149995
14 0.4210977 0.5881837 0.0255254 0.0149995
34 0.5406031 0.5881837 0.0510509 0.0471413
8 0.5406031 0.5881837 0.0255254 0.0149995
5 0.6618489 0.5881837 0.0243652 0.0149995
11 0.4210977 0.3658696 0.0255254 0.0160709
10 0.6015161 0.4215820 0.0243652 0.0160709
18 0.6015161 0.5335427 0.0243652 0.0149995
18 0.4210977 0.4215820 0.0255254 0.0160709
13 0.7227618 0.4215820 0.0255254 0.0160709
2 0.5406031 0.3658696 0.0255254 0.0160709
12 0.6618489 0.5335427 0.0243652 0.0149995
10 0.5406031 0.4215820 0.0255254 0.0160709
6 0.7819344 0.3658696 0.0255254 0.0160709
5 0.6015161 0.5881837 0.0243652 0.0149995
21 0.4814305 0.3658696 0.0255254 0.0160709
15 0.4814305 0.4215820 0.0255254 0.0160709
4 0.7819344 0.4778302 0.0255254 0.0149995
18 0.4814305 0.5335427 0.0255254 0.0149995
3 0.7819344 0.5335427 0.0255254 0.0149995
28 0.7227618 0.4778302 0.0255254 0.0149995
1 0.6015161 0.4778302 0.0243652 0.0149995
10 0.6618489 0.4778302 0.0243652 0.0149995
18 0.7819344 0.5881837 0.0255254 0.0149995
28 0.4210977 0.5335427 0.0255254 0.0149995
4 0.6618489 0.3658696 0.0243652 0.0160709
8 0.7227618 0.3658696 0.0255254 0.0160709
29 0.4814305 0.4778302 0.0255254 0.0149995
22 0.4210977 0.4778302 0.0255254 0.0149995
21 0.7227618 0.5335427 0.0255254 0.0149995
20 0.4814305 0.5881837 0.0255254 0.0149995
10 0.7819344 0.4215820 0.0255254 0.0160709
29 0.5406031 0.5335427 0.0255254 0.0149995
