24 0.4221036 0.6397976 0.0270693 0.0169112
17 0.3531999 0.5789175 0.0270693 0.0169111
32 0.5592958 0.5315664 0.4933999 0.4904224
33 0.6355821 0.2987567 0.0110738 0.0135289
13 0.6977185 0.4571575 0.0270694 0.0169111
34 0.3531999 0.5186012 0.0639820 0.0608800
9 0.3531999 0.5180375 0.0270693 0.0169111
5 0.6288148 0.5180375 0.0270693 0.0169111
7 0.7666222 0.5180375 0.0270692 0.0169111
31 0.4221036 0.5789175 0.0270693 0.0169111
20 0.4910073 0.5789175 0.0270693 0.0169111
28 0.6288148 0.5789175 0.0270693 0.0169111
12 0.6977185 0.5789175 0.0270694 0.0169111
3 0.5599111 0.6397976 0.0270693 0.0169112
19 0.3531999 0.7006776 0.0270693 0.0169111
9 0.4910073 0.7006776 0.0270693 0.0169111
6 0.6977185 0.7006776 0.0270694 0.0169111
29 0.4221036 0.4571575 0.0270693 0.0169111
5 0.4910073 0.3962775 0.0270693 0.0169111
24 0.6288148 0.6397976 0.0270693 0.0169112
13 0.3531999 0.4571575 0.0270693 0.0169111
6 0.7666222 0.5789175 0.0270692 0.0169111
24 0.7666222 0.4571575 0.0270692 0.0169111
14 0.5599111 0.5180375 0.0270693 0.0169111
18 0.4910073 0.5180375 0.0270693 0.0169111
6 0.5599111 0.5789175 0.0270693 0.0169111
14 0.3531999 0.3962775 0.0270693 0.0169111
29 0.5599111 0.4571575 0.0270693 0.0169111
16 0.6288148 0.7006776 0.0270693 0.0169111
20 0.4910073 0.6397976 0.0270693 0.0169112
13 0.5599111 0.7006776 0.0270693 0.0169111
17 0.7666222 0.6397976 0.0270692 0.0169112
26 0.6977185 0.6397976 0.0270694 0.0169112
13 0.6288148 0.3962775 0.0270693 0.0169111
3 0.5599111 0.3962775 0.0270693 0.0169111
13 0.4221036 0.5180375 0.0270693 0.0169111
17 0.6977185 0.3962775 0.0270694 0.0169111
15 0.7666222 0.7006776 0.0270692 0.0169111
26 0.6288148 0.4571575 0.0270693 0.0169111
27 0.4221036 0.3962775 0.0270693 0.0169111
25 0.3531999 0.6397976 0.0270693 0.0169112
21 0.7666222 0.3962775 0.0270692 0.0169111
29 0.4221036 0.7006776 0.0270693 0.0169111
21 0.6977185 0.5180375 0.0270694 0.0169111
26 0.4910073 0.4571575 0.0270693 0.0169111
