1 0.4719626 0.3231314 0.0285672 0.0173164
4 0.3992462 0.2607925 0.0285671 0.0173164
32 0.5440297 0.2965797 0.5207013 0.5114102
33 0.6238879 0.0553049 0.0129851 0.0150075
34 0.6173953 0.1990308 0.0675223 0.0623389
21 0.6173953 0.1984536 0.0285672 0.0173164
22 0.7628281 0.1984536 0.0285671 0.0173164
3 0.6173953 0.2607925 0.0285672 0.0173164
13 0.3265298 0.3231314 0.0285671 0.0173164
17 0.3992462 0.3231314 0.0285671 0.0173164
30 0.6173953 0.3231314 0.0285672 0.0173164
20 0.3992462 0.3854704 0.0285671 0.0173164
9 0.6901117 0.3854704 0.0285672 0.0173164
19 0.3992462 0.4478093 0.0285671 0.0173164
31 0.6173953 0.4478093 0.0285672 0.0173164
5 0.3992462 0.5101482 0.0285671 0.0173164
15 0.6901117 0.5101482 0.0285672 0.0173164
3 0.5446790 0.1984536 0.0285672 0.0173164
19 0.6901117 0.2607925 0.0285672 0.0173164
1 0.5446790 0.3854704 0.0285672 0.0173164
26 0.6173953 0.5101482 0.0285672 0.0173164
27 0.5446790 0.4478093 0.0285672 0.0173164
28 0.3265298 0.3854704 0.0285671 0.0173164
16 0.7628281 0.3231314 0.0285671 0.0173164
30 0.6901117 0.4478093 0.0285672 0.0173164
10 0.5446790 0.5101482 0.0285672 0.0173164
28 0.3265298 0.2607925 0.0285671 0.0173164
18 0.4719626 0.4478093 0.0285672 0.0173164
20 0.5446790 0.2607925 0.0285672 0.0173164
31 0.6173953 0.3854704 0.0285672 0.0173164
16 0.3265298 0.4478093 0.0285671 0.0173164
7 0.7628281 0.3854704 0.0285671 0.0173164
18 0.6901117 0.1984536 0.0285672 0.0173164
15 0.4719626 0.5101482 0.0285672 0.0173164
13 0.4719626 0.1984536 0.0285672 0.0173164
20 0.7628281 0.5101482 0.0285671 0.0173164
7 0.4719626 0.3854704 0.0285672 0.0173164
29 0.4719626 0.2607925 0.0285672 0.0173164
27 0.3265298 0.1984536 0.0285671 0.0173164
18 0.5446790 0.3231314 0.0285672 0.0173164
14 0.3992462 0.1984536 0.0285671 0.0173164
22 0.7628281 0.2607925 0.0285671 0.0173164
10 0.7628281 0.4478093 0.0285671 0.0173164
6 0.3265298 0.5101482 0.0285671 0.0173164
31 0.6901117 0.3231314 0.0285672 0.0173164
