28 0.4748411 0.5233093 0.0287354 0.0166107
4 0.2554069 0.4629570 0.0287354 0.0155033
32 0.4023495 0.5177724 0.5289932 0.4883550
33 0.4800658 0.3007257 0.0104493 0.0121812
8 0.4016964 0.4037122 0.0287355 0.0166107
24 0.4016964 0.4629570 0.0287355 0.0155033
20 0.4748411 0.4629570 0.0287354 0.0155033
34 0.5479858 0.4629570 0.0679201 0.0597986
2 0.5479859 0.4629570 0.0287354 0.0155033
23 0.3285516 0.5831078 0.0287355 0.0166106
15 0.6211306 0.5831078 0.0287354 0.0166106
11 0.1822622 0.6429064 0.0287354 0.0166107
5 0.4016964 0.6429064 0.0287355 0.0166107
7 0.4748411 0.6429064 0.0287354 0.0166107
21 0.5479859 0.6429064 0.0287354 0.0166107
22 0.3285516 0.7021513 0.0287355 0.0155033
16 0.5479859 0.7021513 0.0287354 0.0155033
3 0.1822622 0.5831078 0.0287354 0.0166106
25 0.1822622 0.4037122 0.0287354 0.0166107
21 0.5479859 0.5233093 0.0287354 0.0166107
9 0.1822622 0.7021513 0.0287354 0.0155033
9 0.2554069 0.5831078 0.0287354 0.0166106
1 0.3285516 0.6429064 0.0287355 0.0166107
16 0.4016964 0.7021513 0.0287355 0.0155033
25 0.6211306 0.6429064 0.0287354 0.0166107
26 0.4748411 0.5831078 0.0287354 0.0166106
19 0.5479859 0.4037122 0.0287354 0.0166107
5 0.6211306 0.4629570 0.0287354 0.0155033
9 0.3285516 0.4037122 0.0287355 0.0166107
21 0.1822622 0.4629570 0.0287354 0.0155033
5 0.3285516 0.5233093 0.0287355 0.0166107
14 0.6211306 0.7021513 0.0287354 0.0155033
30 0.4016964 0.5233093 0.0287355 0.0166107
12 0.4016964 0.5831078 0.0287355 0.0166106
2 0.3285516 0.4629570 0.0287355 0.0155033
2 0.2554069 0.5233093 0.0287354 0.0166107
22 0.5479859 0.5831078 0.0287354 0.0166106
19 0.2554069 0.7021513 0.0287354 0.0155033
8 0.2554069 0.4037122 0.0287354 0.0166107
13 0.6211306 0.4037122 0.0287354 0.0166107
24 0.1822622 0.5233093 0.0287354 0.0166107
7 0.6211306 0.5233093 0.0287354 0.0166107
11 0.4748411 0.4037122 0.0287354 0.0166107
24 0.4748411 0.7021513 0.0287354 0.0155033
7 0.2554069 0.6429064 0.0287354 0.0166107
