1 0.6443578 0.4637661 0.0249999 0.0151560
27 0.7040167 0.4074724 0.0238635 0.0151560
32 0.7028803 0.3933990 0.4102254 0.4135425
33 0.8886749 0.2034076 0.0113636 0.0162386
3 0.5273130 0.2943436 0.0249999 0.0162386
15 0.5864036 0.2943436 0.0249999 0.0162386
26 0.5273130 0.4074724 0.0249999 0.0151560
34 0.5864036 0.4074724 0.0499998 0.0476332
22 0.5864036 0.4074724 0.0249999 0.0151560
21 0.8227661 0.4074724 0.0249999 0.0151560
24 0.5864036 0.4637661 0.0249999 0.0151560
31 0.6443578 0.5189773 0.0249999 0.0151560
30 0.7040167 0.5189773 0.0238635 0.0151560
13 0.7631073 0.5189773 0.0238635 0.0151560
17 0.5273130 0.5758124 0.0249999 0.0162386
19 0.7631073 0.5758124 0.0238635 0.0162386
2 0.8227661 0.5758124 0.0249999 0.0162386
1 0.7040167 0.4637661 0.0238635 0.0151560
15 0.8227661 0.4637661 0.0249999 0.0151560
15 0.7631073 0.3506373 0.0238635 0.0162386
24 0.7631073 0.4637661 0.0238635 0.0151560
23 0.8807204 0.4637661 0.0249999 0.0151560
19 0.5273130 0.4637661 0.0249999 0.0151560
19 0.8227661 0.3506373 0.0249999 0.0162386
6 0.8807204 0.5758124 0.0249999 0.0162386
2 0.5273130 0.5189773 0.0249999 0.0151560
7 0.5273130 0.3506373 0.0249999 0.0162386
16 0.6443578 0.3506373 0.0249999 0.0162386
10 0.5864036 0.5758124 0.0249999 0.0162386
23 0.8807204 0.2943436 0.0249999 0.0162386
11 0.5864036 0.3506373 0.0249999 0.0162386
4 0.5864036 0.5189773 0.0249999 0.0151560
12 0.7631073 0.4074724 0.0238635 0.0151560
29 0.7631073 0.2943436 0.0238635 0.0162386
18 0.6443578 0.4074724 0.0249999 0.0151560
13 0.8227661 0.5189773 0.0249999 0.0151560
28 0.8807204 0.3506373 0.0249999 0.0162386
4 0.6443578 0.2943436 0.0249999 0.0162386
27 0.8807204 0.5189773 0.0249999 0.0151560
15 0.7040167 0.2943436 0.0238635 0.0162386
4 0.8807204 0.4074724 0.0249999 0.0151560
23 0.7040167 0.5758124 0.0238635 0.0162386
18 0.7040167 0.3506373 0.0238635 0.0162386
6 0.8227661 0.2943436 0.0249999 0.0162386
6 0.6443578 0.5758124 0.0249999 0.0162386
