8 0.5041373 0.3875832 0.0245953 0.0171233
29 0.4504748 0.2865557 0.0245953 0.0159818
32 0.3481806 0.2254825 0.4170025 0.4280828
33 0.5253788 0.0588156 0.0089438 0.0125571
29 0.2414146 0.1370121 0.0245953 0.0159818
10 0.2934002 0.1370121 0.0234774 0.0159818
6 0.4504748 0.1370121 0.0245953 0.0159818
24 0.1877521 0.1860989 0.0245953 0.0159818
35 0.4504748 0.1860989 0.0447188 0.0456622
16 0.4504748 0.1860989 0.0245953 0.0159818
11 0.2414146 0.2363273 0.0245953 0.0159818
20 0.3979303 0.2363273 0.0245953 0.0159818
3 0.5041373 0.2865557 0.0245953 0.0159818
27 0.1877521 0.3373548 0.0245953 0.0171233
21 0.4504748 0.3373548 0.0245953 0.0171233
7 0.2934002 0.3875832 0.0234774 0.0171233
9 0.3459447 0.3875832 0.0234773 0.0171233
31 0.1877521 0.3875832 0.0245953 0.0171233
14 0.3459447 0.2363273 0.0234773 0.0159818
3 0.2414146 0.1860989 0.0245953 0.0159818
30 0.2934002 0.3373548 0.0234774 0.0171233
20 0.5041373 0.3373548 0.0245953 0.0171233
24 0.1877521 0.1370121 0.0245953 0.0159818
15 0.5041373 0.1370121 0.0245953 0.0159818
13 0.2934002 0.2865557 0.0234774 0.0159818
27 0.3459447 0.1370121 0.0234773 0.0159818
28 0.5041373 0.1860989 0.0245953 0.0159818
12 0.3979303 0.2865557 0.0245953 0.0159818
15 0.3459447 0.3373548 0.0234773 0.0171233
24 0.3979303 0.1370121 0.0245953 0.0159818
24 0.2414146 0.3373548 0.0245953 0.0171233
31 0.3979303 0.3373548 0.0245953 0.0171233
24 0.4504748 0.2363273 0.0245953 0.0159818
25 0.4504748 0.3875832 0.0245953 0.0171233
2 0.3979303 0.3875832 0.0245953 0.0171233
2 0.2414146 0.2865557 0.0245953 0.0159818
12 0.3459447 0.2865557 0.0234773 0.0159818
30 0.3979303 0.1860989 0.0245953 0.0159818
2 0.5041373 0.2363273 0.0245953 0.0159818
6 0.2934002 0.1860989 0.0234774 0.0159818
15 0.1877521 0.2363273 0.0245953 0.0159818
13 0.3459447 0.1860989 0.0234773 0.0159818
25 0.2414146 0.3875832 0.0245953 0.0171233
24 0.1877521 0.2865557 0.0245953 0.0159818
7 0.2934002 0.2363273 0.0234774 0.0159818
