9 0.5282696 0.4170504 0.0241650 0.0155114
27 0.5798948 0.3206580 0.0241649 0.0155114
32 0.4821365 0.3860276 0.4151983 0.3700581
33 0.6534882 0.2458709 0.0087873 0.0144034
4 0.4255684 0.3683002 0.0230666 0.0155114
9 0.6326184 0.3683002 0.0241650 0.0155114
35 0.3217689 0.4658005 0.0439364 0.0443183
9 0.3217689 0.4658005 0.0241650 0.0155114
12 0.3744925 0.4658005 0.0241650 0.0155114
15 0.3217689 0.5151047 0.0241650 0.0166194
12 0.5798948 0.4658005 0.0241649 0.0155114
16 0.5798948 0.4170504 0.0241649 0.0155114
23 0.6326184 0.5151047 0.0241650 0.0166194
3 0.4771936 0.4170504 0.0230666 0.0155114
17 0.4255684 0.5151047 0.0230666 0.0166194
10 0.4771936 0.3206580 0.0230666 0.0155114
10 0.3217689 0.3683002 0.0241650 0.0155114
12 0.4771936 0.3683002 0.0230666 0.0155114
15 0.6326184 0.3206580 0.0241650 0.0155114
16 0.3744925 0.5151047 0.0241650 0.0166194
8 0.3744925 0.4170504 0.0241650 0.0155114
7 0.6326184 0.4658005 0.0241650 0.0155114
22 0.5282696 0.3206580 0.0241650 0.0155114
18 0.4771936 0.5151047 0.0230666 0.0166194
24 0.4255684 0.3206580 0.0230666 0.0155114
13 0.4255684 0.4658005 0.0230666 0.0155114
28 0.5798948 0.5151047 0.0241649 0.0166194
24 0.3217689 0.3206580 0.0241650 0.0155114
4 0.5798948 0.3683002 0.0241649 0.0155114
13 0.5282696 0.5151047 0.0241650 0.0166194
6 0.3744925 0.3683002 0.0241650 0.0155114
12 0.5282696 0.4658005 0.0241650 0.0155114
2 0.3744925 0.3206580 0.0241650 0.0155114
13 0.4255684 0.4170504 0.0230666 0.0155114
14 0.3217689 0.4170504 0.0241650 0.0155114
26 0.4771936 0.4658005 0.0230666 0.0155114
4 0.6326184 0.4170504 0.0241650 0.0155114
1 0.5282696 0.3683002 0.0241650 0.0155114
