15 0.2329252 0.2672000 0.0243282 0.0151730
19 0.2843461 0.3154286 0.0232223 0.0162568
32 0.3412961 0.1891672 0.4180020 0.3619854
33 0.5138049 0.0520679 0.0088466 0.0140893
13 0.4397146 0.1252237 0.0243282 0.0151730
30 0.1798456 0.1718266 0.0243282 0.0151730
5 0.2329252 0.1718266 0.0243282 0.0151730
35 0.2848990 0.1718266 0.0442330 0.0433515
8 0.2843461 0.1718266 0.0232223 0.0151730
23 0.3877407 0.2672000 0.0243281 0.0151730
29 0.3363199 0.2672000 0.0232223 0.0151730
22 0.1798456 0.2195133 0.0243282 0.0151730
22 0.2843461 0.2672000 0.0232223 0.0151730
12 0.3877407 0.2195133 0.0243281 0.0151730
12 0.3363199 0.3154286 0.0232223 0.0162568
4 0.4397146 0.3154286 0.0243282 0.0162568
20 0.3363199 0.1252237 0.0232223 0.0151730
24 0.4397146 0.2195133 0.0243282 0.0151730
19 0.2843461 0.1252237 0.0232223 0.0151730
11 0.3877407 0.3154286 0.0243281 0.0162568
8 0.2329252 0.3154286 0.0243282 0.0162568
19 0.4397146 0.2672000 0.0243282 0.0151730
12 0.2843461 0.2195133 0.0232223 0.0151730
7 0.1798456 0.2672000 0.0243282 0.0151730
11 0.4927942 0.1718266 0.0243281 0.0151730
7 0.3877407 0.1718266 0.0243281 0.0151730
11 0.4927942 0.1252237 0.0243281 0.0151730
10 0.3363199 0.1718266 0.0232223 0.0151730
3 0.4927942 0.2195133 0.0243281 0.0151730
15 0.1798456 0.3154286 0.0243282 0.0162568
2 0.3877407 0.1252237 0.0243281 0.0151730
28 0.2329252 0.2195133 0.0243282 0.0151730
6 0.4927942 0.3154286 0.0243281 0.0162568
24 0.2329252 0.1252237 0.0243282 0.0151730
22 0.4927942 0.2672000 0.0243281 0.0151730
26 0.4397146 0.1718266 0.0243282 0.0151730
24 0.1798456 0.1252237 0.0243282 0.0151730
22 0.3363199 0.2195133 0.0232223 0.0151730
