5 0.5634362 0.4417945 0.0265339 0.0169642
9 0.3608137 0.5023003 0.0265339 0.0158333
32 0.4289575 0.5582823 0.4884650 0.4987487
33 0.5007197 0.3366162 0.0096487 0.0124404
34 0.3608137 0.4412290 0.0627165 0.0610713
7 0.3608137 0.4417945 0.0265339 0.0169642
31 0.2932728 0.5023003 0.0265339 0.0158333
23 0.2257320 0.5639370 0.0265339 0.0169643
1 0.6309770 0.5639370 0.0265339 0.0169643
13 0.2257320 0.6250083 0.0265339 0.0169642
24 0.2257320 0.5023003 0.0265339 0.0158333
29 0.4958953 0.5023003 0.0265339 0.0158333
13 0.4283545 0.6250083 0.0265339 0.0169642
7 0.3608137 0.6860795 0.0265339 0.0169642
3 0.6309770 0.6250083 0.0265339 0.0169642
30 0.5634362 0.5639370 0.0265339 0.0169643
21 0.3608137 0.6250083 0.0265339 0.0169642
22 0.2257320 0.4417945 0.0265339 0.0169642
20 0.3608137 0.5639370 0.0265339 0.0169643
25 0.5634362 0.6250083 0.0265339 0.0169642
4 0.6309770 0.5023003 0.0265339 0.0158333
24 0.4958953 0.5639370 0.0265339 0.0169643
21 0.4283545 0.5639370 0.0265339 0.0169643
16 0.4283545 0.5023003 0.0265339 0.0158333
11 0.2932728 0.4417945 0.0265339 0.0169642
27 0.4958953 0.6250083 0.0265339 0.0169642
31 0.6309770 0.4417945 0.0265339 0.0169642
5 0.2932728 0.6250083 0.0265339 0.0169642
21 0.4958953 0.4417945 0.0265339 0.0169642
17 0.2932728 0.5639370 0.0265339 0.0169643
22 0.4283545 0.6860795 0.0265339 0.0169642
20 0.4283545 0.4417945 0.0265339 0.0169642
27 0.6309770 0.6860795 0.0265339 0.0169642
13 0.5634362 0.6860795 0.0265339 0.0169642
27 0.2932728 0.6860795 0.0265339 0.0169642
8 0.5634362 0.5023003 0.0265339 0.0158333
9 0.4958953 0.6860795 0.0265339 0.0169642
25 0.2257320 0.6860795 0.0265339 0.0169642
