4 0.1259309 0.5889621 0.0266328 0.0167408
19 0.2615159 0.5889621 0.0266328 0.0167408
32 0.3287032 0.4818214 0.4854428 0.4854818
33 0.4037592 0.2513570 0.0108952 0.0133926
17 0.1259309 0.4081620 0.0266328 0.0167408
4 0.1937234 0.4081620 0.0266328 0.0167408
24 0.1937234 0.5286955 0.0266328 0.0167407
34 0.4648935 0.5292535 0.0629502 0.0602667
16 0.4648935 0.5286955 0.0266328 0.0167407
19 0.5326860 0.5889621 0.0266328 0.0167408
14 0.3971009 0.4684288 0.0266328 0.0167407
18 0.1259309 0.4684288 0.0266328 0.0167407
26 0.5326860 0.3478954 0.0266328 0.0167408
29 0.4648935 0.4684288 0.0266328 0.0167407
21 0.3971009 0.5889621 0.0266328 0.0167408
6 0.3971009 0.5286955 0.0266328 0.0167407
1 0.1937234 0.5889621 0.0266328 0.0167408
7 0.3971009 0.3478954 0.0266328 0.0167408
30 0.3971009 0.4081620 0.0266328 0.0167408
19 0.3293084 0.5889621 0.0266328 0.0167408
26 0.1937234 0.4684288 0.0266328 0.0167407
15 0.2615159 0.3478954 0.0266328 0.0167408
29 0.3293084 0.4684288 0.0266328 0.0167407
27 0.1937234 0.3478954 0.0266328 0.0167408
4 0.2615159 0.4081620 0.0266328 0.0167408
28 0.5326860 0.4684288 0.0266328 0.0167407
24 0.3293084 0.5286955 0.0266328 0.0167407
26 0.5326860 0.4081620 0.0266328 0.0167408
23 0.1259309 0.3478954 0.0266328 0.0167408
2 0.4648935 0.5889621 0.0266328 0.0167408
5 0.3293084 0.3478954 0.0266328 0.0167408
21 0.2615159 0.4684288 0.0266328 0.0167407
24 0.1259309 0.5286955 0.0266328 0.0167407
13 0.2615159 0.5286955 0.0266328 0.0167407
16 0.4648935 0.3478954 0.0266328 0.0167408
13 0.5326860 0.5286955 0.0266328 0.0167407
25 0.3293084 0.4081620 0.0266328 0.0167408
29 0.4648935 0.4081620 0.0266328 0.0167408
