27 0.6102417 0.6954905 0.0273957 0.0170095
5 0.4707726 0.6954905 0.0273957 0.0170095
32 0.6096191 0.5253958 0.4993491 0.4932743
33 0.6868251 0.2912323 0.0112074 0.0136076
16 0.4707726 0.3893202 0.0273957 0.0170094
3 0.7497108 0.3893202 0.0273958 0.0170094
12 0.8194453 0.3893202 0.0273957 0.0170094
34 0.7497108 0.4511212 0.0647536 0.0612341
9 0.7497108 0.4505542 0.0273958 0.0170095
17 0.8194453 0.4505542 0.0273957 0.0170095
1 0.4707726 0.5117883 0.0273957 0.0170095
13 0.6799762 0.5117883 0.0273957 0.0170095
26 0.6799762 0.5730223 0.0273957 0.0170094
28 0.5405072 0.6342564 0.0273957 0.0170094
29 0.6102417 0.6342564 0.0273957 0.0170094
22 0.6799762 0.6342564 0.0273957 0.0170094
10 0.6799762 0.6954905 0.0273957 0.0170095
15 0.5405072 0.6954905 0.0273957 0.0170095
24 0.5405072 0.5117883 0.0273957 0.0170095
1 0.4010381 0.3893202 0.0273957 0.0170094
19 0.4010381 0.4505542 0.0273957 0.0170095
5 0.4010381 0.6342564 0.0273957 0.0170094
2 0.8194453 0.6342564 0.0273957 0.0170094
30 0.4010381 0.5730223 0.0273957 0.0170094
1 0.5405072 0.5730223 0.0273957 0.0170094
26 0.7497108 0.6954905 0.0273958 0.0170095
4 0.4010381 0.6954905 0.0273957 0.0170095
19 0.8194453 0.5117883 0.0273957 0.0170095
3 0.8194453 0.6954905 0.0273957 0.0170095
5 0.6799762 0.4505542 0.0273957 0.0170095
18 0.7497108 0.5730223 0.0273958 0.0170094
26 0.8194453 0.5730223 0.0273957 0.0170094
18 0.4707726 0.5730223 0.0273957 0.0170094
25 0.4707726 0.6342564 0.0273957 0.0170094
31 0.6102417 0.3893202 0.0273957 0.0170094
24 0.5405072 0.3893202 0.0273957 0.0170094
29 0.4707726 0.4505542 0.0273957 0.0170095
27 0.6799762 0.3893202 0.0273957 0.0170094
3 0.6102417 0.4505542 0.0273957 0.0170095
1 0.7497108 0.6342564 0.0273958 0.0170094
2 0.6102417 0.5730223 0.0273957 0.0170094
31 0.5405072 0.4505542 0.0273957 0.0170095
18 0.4010381 0.5117883 0.0273957 0.0170095
14 0.6102417 0.5117883 0.0273957 0.0170095
18 0.7497108 0.5117883 0.0273958 0.0170095
