11 0.6727168 0.5846225 0.0236329 0.0172502
15 0.6211540 0.4322463 0.0236330 0.0161001
32 0.5228622 0.4213213 0.4006866 0.4312534
33 0.6931272 0.2534199 0.0085938 0.0126501
1 0.3687106 0.3321956 0.0236330 0.0161002
22 0.6727168 0.3321956 0.0236329 0.0161002
5 0.4202735 0.3816459 0.0236330 0.0161001
26 0.4702251 0.3816459 0.0225588 0.0161001
14 0.5207137 0.3816459 0.0225588 0.0161001
6 0.6211540 0.3816459 0.0236330 0.0161001
35 0.5706653 0.4322463 0.0429691 0.0460004
23 0.5706653 0.4322463 0.0236330 0.0161001
21 0.6727168 0.4322463 0.0236329 0.0161001
9 0.3687106 0.4828467 0.0236330 0.0161001
25 0.6727168 0.4828467 0.0236329 0.0161001
2 0.5706653 0.5340221 0.0236330 0.0172502
12 0.6211540 0.5846225 0.0236330 0.0172502
30 0.4202735 0.4322463 0.0236330 0.0161001
10 0.4202735 0.5846225 0.0236330 0.0172502
21 0.4702251 0.5846225 0.0225588 0.0172502
25 0.4702251 0.3321956 0.0225588 0.0161002
30 0.5706653 0.5846225 0.0236330 0.0172502
25 0.5706653 0.4828467 0.0236330 0.0161001
2 0.4202735 0.4828467 0.0236330 0.0161001
31 0.5207137 0.3321956 0.0225588 0.0161002
2 0.5207137 0.4322463 0.0225588 0.0161001
14 0.6727168 0.5340221 0.0236329 0.0172502
19 0.5207137 0.4828467 0.0225588 0.0161001
5 0.5207137 0.5846225 0.0225588 0.0172502
3 0.5706653 0.3321956 0.0236330 0.0161002
20 0.4202735 0.5340221 0.0236330 0.0172502
3 0.4702251 0.4322463 0.0225588 0.0161001
25 0.4702251 0.4828467 0.0225588 0.0161001
16 0.3687106 0.5846225 0.0236330 0.0172502
24 0.4702251 0.5340221 0.0225588 0.0172502
7 0.6211540 0.3321956 0.0236330 0.0161002
18 0.6727168 0.3816459 0.0236329 0.0161001
4 0.6211540 0.5340221 0.0236330 0.0172502
9 0.5207137 0.5340221 0.0225588 0.0172502
9 0.4202735 0.3321956 0.0236330 0.0161002
15 0.3687106 0.5340221 0.0236330 0.0172502
17 0.3687106 0.3816459 0.0236330 0.0161001
12 0.3687106 0.4322463 0.0236330 0.0161001
26 0.6211540 0.4828467 0.0236330 0.0161001
21 0.5706653 0.3816459 0.0236330 0.0161001
