31 0.4216835 0.3026372 0.0229052 0.0162385
12 0.4707662 0.3026372 0.0229053 0.0162385
32 0.4124123 0.3183344 0.3730285 0.4741641
33 0.5411181 0.1337569 0.0130887 0.0184036
34 0.3235181 0.2333529 0.0425383 0.0422201
8 0.3235181 0.2333529 0.0229052 0.0162385
4 0.3726008 0.2333529 0.0229053 0.0162385
17 0.3726008 0.3026372 0.0229053 0.0162385
22 0.3726008 0.4406644 0.0229053 0.0151560
5 0.4707662 0.4406644 0.0229053 0.0151560
5 0.4216835 0.5099486 0.0229052 0.0151559
31 0.2744354 0.3026372 0.0229053 0.0162385
27 0.4216835 0.4406644 0.0229052 0.0151560
27 0.3235181 0.4406644 0.0229052 0.0151560
3 0.5198489 0.4406644 0.0229053 0.0151560
7 0.5198489 0.3719215 0.0229053 0.0162385
22 0.3726008 0.3719215 0.0229053 0.0162385
7 0.3235181 0.3026372 0.0229052 0.0162385
26 0.4216835 0.2333529 0.0229052 0.0162385
19 0.2744354 0.3719215 0.0229053 0.0162385
19 0.3235181 0.3719215 0.0229052 0.0162385
22 0.4216835 0.3719215 0.0229052 0.0162385
28 0.5198489 0.2333529 0.0229053 0.0162385
17 0.4707662 0.3719215 0.0229053 0.0162385
22 0.2744354 0.2333529 0.0229053 0.0162385
24 0.5689316 0.5099486 0.0229053 0.0151559
26 0.3235181 0.5099486 0.0229052 0.0151559
23 0.5689316 0.3719215 0.0229053 0.0162385
9 0.5198489 0.5099486 0.0229053 0.0151559
31 0.2744354 0.5099486 0.0229053 0.0151559
17 0.2744354 0.4406644 0.0229053 0.0151560
24 0.5198489 0.3026372 0.0229053 0.0162385
15 0.4707662 0.5099486 0.0229053 0.0151559
30 0.5689316 0.2333529 0.0229053 0.0162385
18 0.5689316 0.3026372 0.0229053 0.0162385
5 0.4707662 0.2333529 0.0229053 0.0162385
10 0.3726008 0.5099486 0.0229053 0.0151559
20 0.5689316 0.4406644 0.0229053 0.0151560
