25 0.6944356 0.2894837 0.0282980 0.0167849
28 0.4063115 0.2894837 0.0282979 0.0167849
32 0.4776994 0.3029116 0.5157934 0.4867619
33 0.5574480 0.0718395 0.0115765 0.0134279
25 0.4063115 0.1686325 0.0282979 0.0167849
13 0.5503735 0.1686325 0.0282979 0.0167849
34 0.2622495 0.2900432 0.0668859 0.0604256
4 0.2622495 0.2894837 0.0282979 0.0167849
6 0.3342805 0.2894837 0.0282979 0.0167849
8 0.6224046 0.2894837 0.0282979 0.0167849
7 0.4783425 0.3499093 0.0282979 0.0167849
3 0.6224046 0.3499093 0.0282979 0.0167849
19 0.2622495 0.4103349 0.0282979 0.0167849
1 0.6224046 0.4103349 0.0282979 0.0167849
9 0.3342805 0.4707606 0.0282979 0.0167849
21 0.5503735 0.4707606 0.0282979 0.0167849
4 0.6224046 0.4707606 0.0282979 0.0167849
26 0.4783425 0.4103349 0.0282979 0.0167849
30 0.3342805 0.2290581 0.0282979 0.0167849
18 0.4063115 0.4103349 0.0282979 0.0167849
16 0.4783425 0.4707606 0.0282979 0.0167849
25 0.5503735 0.2290581 0.0282979 0.0167849
18 0.4783425 0.2894837 0.0282979 0.0167849
7 0.2622495 0.1686325 0.0282979 0.0167849
2 0.3342805 0.1686325 0.0282979 0.0167849
28 0.4063115 0.2290581 0.0282979 0.0167849
26 0.6224046 0.2290581 0.0282979 0.0167849
15 0.2622495 0.4707606 0.0282979 0.0167849
25 0.5503735 0.4103349 0.0282979 0.0167849
16 0.5503735 0.2894837 0.0282979 0.0167849
31 0.6944356 0.2290581 0.0282980 0.0167849
27 0.4783425 0.1686325 0.0282979 0.0167849
24 0.6224046 0.1686325 0.0282979 0.0167849
25 0.4063115 0.4707606 0.0282979 0.0167849
2 0.2622495 0.3499093 0.0282979 0.0167849
16 0.2622495 0.2290581 0.0282979 0.0167849
14 0.5503735 0.3499093 0.0282979 0.0167849
24 0.4783425 0.2290581 0.0282979 0.0167849
16 0.6944356 0.4707606 0.0282980 0.0167849
6 0.6944356 0.4103349 0.0282980 0.0167849
7 0.6944356 0.1686325 0.0282980 0.0167849
20 0.3342805 0.4103349 0.0282979 0.0167849
13 0.4063115 0.3499093 0.0282979 0.0167849
14 0.3342805 0.3499093 0.0282979 0.0167849
3 0.6944356 0.3499093 0.0282980 0.0167849
