22 0.4779852 0.4929918 0.0265250 0.0165061
10 0.3429491 0.2553029 0.0265250 0.0165062
32 0.2754310 0.4022079 0.4870946 0.4885828
33 0.3495803 0.1694708 0.0108511 0.0143054
16 0.2754310 0.2553029 0.0265250 0.0165062
34 0.1403949 0.3152753 0.0626953 0.0594222
10 0.1403949 0.3147251 0.0265250 0.0165062
23 0.2079130 0.3741473 0.0265250 0.0165062
17 0.3429491 0.3741473 0.0265250 0.0165062
14 0.4104671 0.3741473 0.0265250 0.0165062
23 0.4779852 0.3741473 0.0265250 0.0165062
21 0.3429491 0.4929918 0.0265250 0.0165061
10 0.1403949 0.2553029 0.0265250 0.0165062
26 0.0728768 0.2553029 0.0265249 0.0165062
24 0.1403949 0.4335696 0.0265250 0.0165062
13 0.2079130 0.2553029 0.0265250 0.0165062
9 0.0728768 0.4929918 0.0265249 0.0165061
13 0.2754310 0.3741473 0.0265250 0.0165062
30 0.4104671 0.2553029 0.0265250 0.0165062
31 0.3429491 0.4335696 0.0265250 0.0165062
27 0.2754310 0.3147251 0.0265250 0.0165062
14 0.2754310 0.4929918 0.0265250 0.0165061
3 0.1403949 0.4929918 0.0265250 0.0165061
31 0.4104671 0.3147251 0.0265250 0.0165062
12 0.2079130 0.4335696 0.0265250 0.0165062
17 0.2754310 0.4335696 0.0265250 0.0165062
5 0.4104671 0.4929918 0.0265250 0.0165061
26 0.2079130 0.3147251 0.0265250 0.0165062
14 0.1403949 0.3741473 0.0265250 0.0165062
12 0.2079130 0.4929918 0.0265250 0.0165061
18 0.0728768 0.3741473 0.0265249 0.0165062
4 0.3429491 0.3147251 0.0265250 0.0165062
26 0.0728768 0.3147251 0.0265249 0.0165062
31 0.4779852 0.2553029 0.0265250 0.0165062
23 0.0728768 0.4335696 0.0265249 0.0165062
14 0.4779852 0.3147251 0.0265250 0.0165062
4 0.4779852 0.4335696 0.0265250 0.0165062
4 0.4104671 0.4335696 0.0265250 0.0165062
