31 0.7067135 0.4172314 0.0283641 0.0171010
30 0.3457151 0.6634859 0.0283641 0.0171010
32 0.5623141 0.5694303 0.5208690 0.5061900
33 0.6416048 0.3283061 0.0116035 0.0148209
14 0.3457151 0.4172314 0.0283641 0.0171010
29 0.4179148 0.4172314 0.0283641 0.0171010
26 0.3457151 0.5403586 0.0283641 0.0171010
16 0.4179148 0.5403586 0.0283641 0.0171010
31 0.4901144 0.6019223 0.0283641 0.0171010
17 0.7789131 0.6019223 0.0283642 0.0171010
21 0.4179148 0.6634859 0.0283641 0.0171010
23 0.4901144 0.6634859 0.0283641 0.0171010
34 0.5623141 0.6640560 0.0670425 0.0615637
15 0.5623141 0.6634859 0.0283641 0.0171010
25 0.7789131 0.6634859 0.0283642 0.0171010
22 0.3457151 0.7250495 0.0283641 0.0171010
18 0.6345138 0.7250495 0.0283641 0.0171010
10 0.5623141 0.6019223 0.0283641 0.0171010
29 0.5623141 0.7250495 0.0283641 0.0171010
1 0.4901144 0.5403586 0.0283641 0.0171010
19 0.7789131 0.4787950 0.0283642 0.0171010
6 0.7789131 0.7250495 0.0283642 0.0171010
23 0.4179148 0.7250495 0.0283641 0.0171010
11 0.4901144 0.7250495 0.0283641 0.0171010
2 0.5623141 0.4172314 0.0283641 0.0171010
24 0.7789131 0.4172314 0.0283642 0.0171010
17 0.7067135 0.6019223 0.0283641 0.0171010
5 0.7789131 0.5403586 0.0283642 0.0171010
10 0.6345138 0.4172314 0.0283641 0.0171010
20 0.4901144 0.4787950 0.0283641 0.0171010
28 0.5623141 0.4787950 0.0283641 0.0171010
7 0.4179148 0.6019223 0.0283641 0.0171010
11 0.7067135 0.6634859 0.0283641 0.0171010
7 0.4901144 0.4172314 0.0283641 0.0171010
2 0.6345138 0.6019223 0.0283641 0.0171010
12 0.5623141 0.5403586 0.0283641 0.0171010
15 0.7067135 0.7250495 0.0283641 0.0171010
6 0.6345138 0.4787950 0.0283641 0.0171010
3 0.7067135 0.5403586 0.0283641 0.0171010
29 0.7067135 0.4787950 0.0283641 0.0171010
28 0.6345138 0.6634859 0.0283641 0.0171010
7 0.4179148 0.4787950 0.0283641 0.0171010
12 0.6345138 0.5403586 0.0283641 0.0171010
30 0.3457151 0.4787950 0.0283641 0.0171010
28 0.3457151 0.6019223 0.0283641 0.0171010
