30 0.7705093 0.6702710 0.0234150 0.0174021
8 0.6592883 0.4289625 0.0223506 0.0174021
32 0.6582240 0.4747879 0.3842179 0.4431723
33 0.8322396 0.2711839 0.0106432 0.0174020
10 0.6592883 0.3686354 0.0223506 0.0174021
7 0.4937872 0.4898697 0.0234150 0.0162419
2 0.6034117 0.4898697 0.0234149 0.0162419
17 0.7705093 0.4898697 0.0234150 0.0162419
5 0.8247894 0.4898697 0.0234148 0.0162419
14 0.6592883 0.5501968 0.0223506 0.0162419
24 0.7146328 0.5501968 0.0223507 0.0162419
4 0.4937872 0.6093639 0.0234150 0.0162419
25 0.6592883 0.6093639 0.0223506 0.0162419
8 0.7705093 0.6093639 0.0234150 0.0162419
28 0.6034117 0.6702710 0.0234149 0.0174021
34 0.8247894 0.6696910 0.0468298 0.0510460
4 0.8247894 0.6702710 0.0234148 0.0174021
25 0.6034117 0.4289625 0.0234149 0.0174021
18 0.5491317 0.4898697 0.0234149 0.0162419
11 0.6034117 0.6093639 0.0234149 0.0162419
23 0.5491317 0.6702710 0.0234149 0.0174021
11 0.6592883 0.6702710 0.0223506 0.0174021
11 0.8247894 0.4289625 0.0234148 0.0174021
31 0.6034117 0.5501968 0.0234149 0.0162419
3 0.4937872 0.4289625 0.0234150 0.0174021
4 0.7705093 0.4289625 0.0234150 0.0174021
20 0.5491317 0.4289625 0.0234149 0.0174021
6 0.8247894 0.3686354 0.0234148 0.0174021
5 0.8247894 0.6093639 0.0234148 0.0162419
4 0.7146328 0.3686354 0.0223507 0.0174021
3 0.7146328 0.6093639 0.0223507 0.0162419
11 0.7146328 0.4898697 0.0223507 0.0162419
15 0.7146328 0.6702710 0.0223507 0.0174021
12 0.7705093 0.3686354 0.0234150 0.0174021
27 0.8247894 0.5501968 0.0234148 0.0162419
26 0.4937872 0.3686354 0.0234150 0.0174021
12 0.6592883 0.4898697 0.0223506 0.0162419
30 0.7705093 0.5501968 0.0234150 0.0162419
4 0.5491317 0.6093639 0.0234149 0.0162419
27 0.5491317 0.3686354 0.0234149 0.0174021
20 0.4937872 0.5501968 0.0234150 0.0162419
18 0.5491317 0.5501968 0.0234149 0.0162419
18 0.4937872 0.6702710 0.0234150 0.0174021
31 0.7146328 0.4289625 0.0223507 0.0174021
31 0.6034117 0.3686354 0.0234149 0.0174021
