17 0.6317314 0.4965534 0.0226173 0.0172815
17 0.7992067 0.4366444 0.0236943 0.0172815
32 0.6306544 0.5420613 0.3888013 0.4401011
33 0.8067458 0.3398682 0.0107700 0.0172815
8 0.5202607 0.4366444 0.0236943 0.0172815
11 0.6317314 0.4366444 0.0226173 0.0172815
34 0.5751883 0.4965535 0.0473885 0.0518444
12 0.5751883 0.4965534 0.0236943 0.0172815
19 0.6877360 0.4965534 0.0226172 0.0172815
1 0.7992067 0.4965534 0.0236943 0.0172815
2 0.7442792 0.5570385 0.0236943 0.0161294
18 0.6877360 0.6169476 0.0226172 0.0161294
27 0.5202607 0.6757045 0.0236943 0.0161294
5 0.6317314 0.6757045 0.0226173 0.0161294
28 0.7442792 0.6757045 0.0236943 0.0161294
13 0.5202607 0.7361896 0.0236943 0.0172814
21 0.6317314 0.7361896 0.0226173 0.0172814
28 0.7442792 0.4366444 0.0236943 0.0172815
17 0.5751883 0.5570385 0.0236943 0.0161294
15 0.4642561 0.7361896 0.0236943 0.0172814
23 0.6877360 0.4366444 0.0226172 0.0172815
26 0.5751883 0.4366444 0.0236943 0.0172815
8 0.4642561 0.4366444 0.0236943 0.0172815
30 0.7992067 0.6169476 0.0236943 0.0161294
25 0.4642561 0.6169476 0.0236943 0.0161294
20 0.7442792 0.6169476 0.0236943 0.0161294
14 0.5751883 0.6169476 0.0236943 0.0161294
16 0.6317314 0.5570385 0.0226173 0.0161294
5 0.5751883 0.7361896 0.0236943 0.0172814
20 0.7992067 0.6757045 0.0236943 0.0161294
24 0.7442792 0.4965534 0.0236943 0.0172815
12 0.6317314 0.6169476 0.0226173 0.0161294
7 0.5751883 0.6757045 0.0236943 0.0161294
28 0.4642561 0.5570385 0.0236943 0.0161294
3 0.4642561 0.6757045 0.0236943 0.0161294
23 0.6877360 0.5570385 0.0226172 0.0161294
16 0.5202607 0.6169476 0.0236943 0.0161294
15 0.7992067 0.5570385 0.0236943 0.0161294
17 0.6877360 0.6757045 0.0226172 0.0161294
20 0.5202607 0.5570385 0.0236943 0.0161294
6 0.5202607 0.4965534 0.0236943 0.0172815
10 0.6877360 0.7361896 0.0226172 0.0172814
2 0.7442792 0.7361896 0.0236943 0.0172814
23 0.7992067 0.7361896 0.0236943 0.0172814
1 0.4642561 0.4965534 0.0236943 0.0172815
