25 0.6835957 0.6520810 0.0273384 0.0149592
22 0.4052410 0.5372155 0.0273384 0.0160278
32 0.5450397 0.4741730 0.5032752 0.4712158
33 0.6189776 0.2647438 0.0099413 0.0117537
7 0.3356523 0.3641159 0.0273384 0.0160277
16 0.4052410 0.3641159 0.0273384 0.0160277
11 0.7531844 0.3641159 0.0273384 0.0160277
26 0.4748297 0.4795156 0.0273384 0.0160278
10 0.3356523 0.5372155 0.0273384 0.0160278
34 0.5444183 0.5366813 0.0646181 0.0576999
14 0.5444183 0.5372155 0.0273384 0.0160278
30 0.4052410 0.5949154 0.0273384 0.0160278
24 0.5444183 0.5949154 0.0273384 0.0160278
21 0.6140070 0.5949154 0.0273384 0.0160278
31 0.7531844 0.5949154 0.0273384 0.0160278
13 0.4748297 0.6520810 0.0273384 0.0149592
29 0.5444183 0.6520810 0.0273384 0.0149592
6 0.3356523 0.4212815 0.0273384 0.0149592
4 0.7531844 0.4795156 0.0273384 0.0160278
27 0.6140070 0.3641159 0.0273384 0.0160277
27 0.6835957 0.3641159 0.0273384 0.0160277
28 0.4748297 0.5949154 0.0273384 0.0160278
12 0.5444183 0.3641159 0.0273384 0.0160277
8 0.7531844 0.4212815 0.0273384 0.0149592
8 0.6140070 0.4212815 0.0273384 0.0149592
18 0.6835957 0.5949154 0.0273384 0.0160278
28 0.6140070 0.6520810 0.0273384 0.0149592
18 0.7531844 0.5372155 0.0273384 0.0160278
30 0.6835957 0.5372155 0.0273384 0.0160278
20 0.6835957 0.4212815 0.0273384 0.0149592
24 0.6140070 0.5372155 0.0273384 0.0160278
3 0.4748297 0.5372155 0.0273384 0.0160278
24 0.7531844 0.6520810 0.0273384 0.0149592
28 0.4052410 0.6520810 0.0273384 0.0149592
29 0.5444183 0.4795156 0.0273384 0.0160278
1 0.4748297 0.3641159 0.0273384 0.0160277
4 0.6835957 0.4795156 0.0273384 0.0160278
26 0.6140070 0.4795156 0.0273384 0.0160278
30 0.3356523 0.6520810 0.0273384 0.0149592
17 0.5444183 0.4212815 0.0273384 0.0149592
13 0.3356523 0.4795156 0.0273384 0.0160278
2 0.4748297 0.4212815 0.0273384 0.0149592
5 0.4052410 0.4795156 0.0273384 0.0160278
13 0.4052410 0.4212815 0.0273384 0.0149592
24 0.3356523 0.5949154 0.0273384 0.0160278
