15 0.3459937 0.5127019 0.0263194 0.0171394
26 0.4129887 0.5744035 0.0263195 0.0171394
32 0.4135868 0.4452872 0.4845172 0.5038963
33 0.4847689 0.2213333 0.0095707 0.0125688
24 0.4799836 0.3275971 0.0263194 0.0171394
21 0.5469786 0.3275971 0.0263194 0.0171394
7 0.3459937 0.4510003 0.0263194 0.0171394
34 0.2789987 0.5121306 0.0622096 0.0617016
28 0.2789987 0.5127019 0.0263194 0.0171394
18 0.4799836 0.5127019 0.0263194 0.0171394
3 0.4129887 0.3887274 0.0263195 0.0159967
27 0.5469786 0.4510003 0.0263194 0.0171394
15 0.3459937 0.3887274 0.0263194 0.0159967
27 0.6139735 0.4510003 0.0263194 0.0171394
13 0.2120037 0.3887274 0.0263194 0.0159967
7 0.6139735 0.3887274 0.0263194 0.0159967
22 0.2789987 0.5744035 0.0263194 0.0171394
12 0.2120037 0.3275971 0.0263194 0.0171394
7 0.2120037 0.5744035 0.0263194 0.0171394
2 0.2120037 0.5127019 0.0263194 0.0171394
4 0.4799836 0.3887274 0.0263194 0.0159967
27 0.2789987 0.4510003 0.0263194 0.0171394
7 0.4799836 0.4510003 0.0263194 0.0171394
22 0.2120037 0.4510003 0.0263194 0.0171394
26 0.6139735 0.5127019 0.0263194 0.0171394
25 0.5469786 0.3887274 0.0263194 0.0159967
20 0.5469786 0.5744035 0.0263194 0.0171394
19 0.4129887 0.4510003 0.0263195 0.0171394
13 0.3459937 0.3275971 0.0263194 0.0171394
27 0.4799836 0.5744035 0.0263194 0.0171394
19 0.6139735 0.5744035 0.0263194 0.0171394
29 0.2789987 0.3887274 0.0263194 0.0159967
10 0.3459937 0.5744035 0.0263194 0.0171394
7 0.6139735 0.3275971 0.0263194 0.0171394
12 0.2789987 0.3275971 0.0263194 0.0171394
20 0.4129887 0.3275971 0.0263195 0.0171394
31 0.4129887 0.5127019 0.0263195 0.0171394
22 0.5469786 0.5127019 0.0263194 0.0171394
