10 0.6344613 0.4856409 0.0275605 0.0158413
6 0.6344613 0.5996981 0.0275605 0.0158413
32 0.6338350 0.5183795 0.5023536 0.4678455
33 0.7108792 0.2976578 0.0125275 0.0137291
17 0.5643072 0.4286123 0.0275605 0.0158413
3 0.5643072 0.5426694 0.0275605 0.0158413
27 0.7046154 0.5426694 0.0275606 0.0158413
16 0.8449236 0.5426694 0.0275606 0.0158413
34 0.5643072 0.6572546 0.0651431 0.0570285
22 0.5643072 0.6567266 0.0275605 0.0158413
15 0.7747695 0.5426694 0.0275606 0.0158413
27 0.4239989 0.4286123 0.0275605 0.0158413
23 0.7046154 0.4286123 0.0275606 0.0158413
30 0.7747695 0.6567266 0.0275606 0.0158413
4 0.5643072 0.5996981 0.0275605 0.0158413
10 0.7046154 0.4856409 0.0275606 0.0158413
27 0.6344613 0.5426694 0.0275605 0.0158413
5 0.4239989 0.5996981 0.0275605 0.0158413
3 0.7046154 0.6567266 0.0275606 0.0158413
10 0.7747695 0.4286123 0.0275606 0.0158413
1 0.8449236 0.4286123 0.0275606 0.0158413
4 0.4239989 0.4856409 0.0275605 0.0158413
30 0.5643072 0.4856409 0.0275605 0.0158413
22 0.4941531 0.4856409 0.0275605 0.0158413
31 0.6344613 0.6567266 0.0275605 0.0158413
7 0.4941531 0.4286123 0.0275605 0.0158413
31 0.4941531 0.6567266 0.0275605 0.0158413
15 0.8449236 0.5996981 0.0275606 0.0158413
3 0.4239989 0.6567266 0.0275605 0.0158413
27 0.4239989 0.5426694 0.0275605 0.0158413
28 0.7747695 0.5996981 0.0275606 0.0158413
31 0.8449236 0.4856409 0.0275606 0.0158413
15 0.8449236 0.6567266 0.0275606 0.0158413
28 0.7046154 0.5996981 0.0275606 0.0158413
30 0.6344613 0.4286123 0.0275605 0.0158413
23 0.7747695 0.4856409 0.0275606 0.0158413
16 0.4941531 0.5426694 0.0275605 0.0158413
25 0.4941531 0.5996981 0.0275605 0.0158413
