28 0.5416406 0.2113781 0.0236513 0.0157235
25 0.5416406 0.1630845 0.0236513 0.0157235
32 0.4432726 0.2501253 0.4009975 0.4211653
33 0.6136696 0.0861516 0.0086005 0.0123542
6 0.2890014 0.1630845 0.0236513 0.0157235
8 0.4411224 0.1630845 0.0225763 0.0157235
4 0.5932435 0.1630845 0.0236514 0.0157235
31 0.2890014 0.2113781 0.0236513 0.0157235
21 0.3406043 0.2607948 0.0236513 0.0157235
20 0.3905946 0.2607948 0.0225762 0.0157235
35 0.4911127 0.2607948 0.0430024 0.0449243
31 0.4911127 0.2607948 0.0236513 0.0157235
28 0.3905946 0.3102115 0.0225762 0.0157235
22 0.4911127 0.3102115 0.0236513 0.0157235
5 0.3905946 0.3601898 0.0225762 0.0168466
23 0.4411224 0.3601898 0.0225763 0.0168466
7 0.5932435 0.3601898 0.0236514 0.0168466
8 0.4411224 0.2113781 0.0225763 0.0157235
11 0.4411224 0.4096066 0.0225763 0.0168466
28 0.3406043 0.1630845 0.0236513 0.0157235
14 0.4911127 0.4096066 0.0236513 0.0168466
3 0.3406043 0.2113781 0.0236513 0.0157235
24 0.5932435 0.2113781 0.0236514 0.0157235
21 0.5932435 0.2607948 0.0236514 0.0157235
7 0.3905946 0.4096066 0.0225762 0.0168466
15 0.2890014 0.2607948 0.0236513 0.0157235
2 0.3905946 0.2113781 0.0225762 0.0157235
1 0.5416406 0.3601898 0.0236513 0.0168466
23 0.5416406 0.2607948 0.0236513 0.0157235
29 0.3406043 0.3102115 0.0236513 0.0157235
29 0.4411224 0.2607948 0.0225763 0.0157235
7 0.4411224 0.3102115 0.0225763 0.0157235
23 0.3406043 0.3601898 0.0236513 0.0168466
26 0.2890014 0.4096066 0.0236513 0.0168466
21 0.3905946 0.1630845 0.0225762 0.0157235
24 0.5932435 0.4096066 0.0236514 0.0168466
22 0.2890014 0.3601898 0.0236513 0.0168466
29 0.5416406 0.4096066 0.0236513 0.0168466
8 0.4911127 0.3601898 0.0236513 0.0168466
16 0.4911127 0.1630845 0.0236513 0.0157235
7 0.2890014 0.3102115 0.0236513 0.0157235
2 0.5416406 0.3102115 0.0236513 0.0157235
20 0.4911127 0.2113781 0.0236513 0.0157235
27 0.3406043 0.4096066 0.0236513 0.0168466
8 0.5932435 0.3102115 0.0236514 0.0157235
