18 0.5543333 0.6798895 0.0268899 0.0170390
30 0.3489923 0.5572090 0.0268899 0.0170390
32 0.4168282 0.5310826 0.4901296 0.5032170
33 0.4919977 0.2936732 0.0122227 0.0147671
31 0.6227804 0.4345285 0.0268899 0.0170389
16 0.3489923 0.4958688 0.0268899 0.0170389
25 0.6227804 0.4958688 0.0268899 0.0170389
28 0.2120982 0.5572090 0.0268899 0.0170390
22 0.4858863 0.5572090 0.0268899 0.0170390
1 0.2805453 0.6185492 0.0268899 0.0170390
29 0.3489923 0.6185492 0.0268899 0.0170390
11 0.6227804 0.6185492 0.0268899 0.0170390
14 0.4858863 0.6798895 0.0268899 0.0170390
2 0.6227804 0.6798895 0.0268899 0.0170390
6 0.3489923 0.7412297 0.0268899 0.0170390
34 0.6227804 0.7417977 0.0635579 0.0613403
17 0.6227804 0.7412297 0.0268899 0.0170390
26 0.2120982 0.4345285 0.0268899 0.0170389
12 0.2805453 0.6798895 0.0268899 0.0170390
30 0.2805453 0.4345285 0.0268899 0.0170389
21 0.2120982 0.7412297 0.0268899 0.0170390
27 0.5543333 0.4345285 0.0268899 0.0170389
22 0.4858863 0.6185492 0.0268899 0.0170390
12 0.2120982 0.6798895 0.0268899 0.0170390
9 0.2120982 0.6185492 0.0268899 0.0170390
2 0.4174393 0.4345285 0.0268899 0.0170389
4 0.5543333 0.7412297 0.0268899 0.0170390
30 0.4174393 0.7412297 0.0268899 0.0170390
8 0.5543333 0.6185492 0.0268899 0.0170390
6 0.3489923 0.4345285 0.0268899 0.0170389
28 0.3489923 0.6798895 0.0268899 0.0170390
4 0.4174393 0.5572090 0.0268899 0.0170390
27 0.4174393 0.6798895 0.0268899 0.0170390
27 0.4858863 0.4345285 0.0268899 0.0170389
25 0.5543333 0.5572090 0.0268899 0.0170390
12 0.4174393 0.4958688 0.0268899 0.0170389
17 0.4858863 0.7412297 0.0268899 0.0170390
9 0.4858863 0.4958688 0.0268899 0.0170389
1 0.2805453 0.4958688 0.0268899 0.0170389
24 0.4174393 0.6185492 0.0268899 0.0170390
29 0.2805453 0.7412297 0.0268899 0.0170390
17 0.2120982 0.4958688 0.0268899 0.0170389
28 0.5543333 0.4958688 0.0268899 0.0170389
30 0.2805453 0.5572090 0.0268899 0.0170390
11 0.6227804 0.5572090 0.0268899 0.0170390
