10 0.2981985 0.5391839 0.0232585 0.0170325
31 0.4975573 0.3938398 0.0232585 0.0170325
32 0.3884637 0.4829766 0.3787817 0.4973492
33 0.5191545 0.2893738 0.0132906 0.0193035
22 0.2483588 0.5391839 0.0232585 0.0170325
34 0.4975573 0.6118559 0.0431944 0.0442845
31 0.4975573 0.6112882 0.0232585 0.0158969
3 0.3480382 0.6839602 0.0232585 0.0158971
13 0.3978779 0.6839602 0.0232585 0.0158971
30 0.4975573 0.6839602 0.0232585 0.0158971
8 0.5473970 0.5391839 0.0232585 0.0170325
13 0.5473970 0.6112882 0.0232585 0.0158969
14 0.3480382 0.3938398 0.0232585 0.0170325
21 0.3978779 0.4665118 0.0232585 0.0170325
15 0.4477176 0.5391839 0.0232585 0.0170325
4 0.3978779 0.6112882 0.0232585 0.0158969
14 0.2981985 0.4665118 0.0232585 0.0170325
19 0.2981985 0.6839602 0.0232585 0.0158971
13 0.3480382 0.4665118 0.0232585 0.0170325
4 0.4477176 0.3938398 0.0232585 0.0170325
13 0.4975573 0.5391839 0.0232585 0.0170325
25 0.2981985 0.3938398 0.0232585 0.0170325
14 0.5473970 0.3938398 0.0232585 0.0170325
6 0.5473970 0.4665118 0.0232585 0.0170325
25 0.4477176 0.6112882 0.0232585 0.0158969
19 0.4477176 0.6839602 0.0232585 0.0158971
1 0.3978779 0.5391839 0.0232585 0.0170325
20 0.3480382 0.6112882 0.0232585 0.0158969
17 0.2483588 0.6112882 0.0232585 0.0158969
27 0.4477176 0.4665118 0.0232585 0.0170325
23 0.2981985 0.6112882 0.0232585 0.0158969
23 0.2483588 0.4665118 0.0232585 0.0170325
22 0.3480382 0.5391839 0.0232585 0.0170325
6 0.4975573 0.4665118 0.0232585 0.0170325
8 0.2483588 0.3938398 0.0232585 0.0170325
18 0.3978779 0.3938398 0.0232585 0.0170325
10 0.5473970 0.6839602 0.0232585 0.0158971
13 0.2483588 0.6839602 0.0232585 0.0158971
