14 0.1737616 0.3897282 0.0273999 0.0162704
31 0.3829971 0.2140073 0.0273999 0.0162704
32 0.3823743 0.3441709 0.4994250 0.4718429
33 0.4595922 0.1201811 0.0112090 0.0130164
28 0.3132519 0.2140073 0.0273999 0.0162704
34 0.5922325 0.2145497 0.0647633 0.0585736
27 0.5922325 0.2140073 0.0273999 0.0162704
25 0.1737616 0.2725810 0.0273999 0.0162704
20 0.3132519 0.2725810 0.0273999 0.0162704
17 0.4527422 0.2725810 0.0273999 0.0162704
8 0.5922325 0.2725810 0.0273999 0.0162704
6 0.4527422 0.3311545 0.0273999 0.0162704
24 0.3829971 0.3897282 0.0273999 0.0162704
30 0.5224873 0.4483018 0.0273999 0.0162704
1 0.1737616 0.5068754 0.0273999 0.0162704
23 0.3829971 0.5068754 0.0273999 0.0162704
3 0.5224873 0.5068754 0.0273999 0.0162704
13 0.2435068 0.3311545 0.0273999 0.0162704
29 0.3829971 0.2725810 0.0273999 0.0162704
30 0.1737616 0.3311545 0.0273999 0.0162704
2 0.3132519 0.3897282 0.0273999 0.0162704
1 0.5922325 0.3897282 0.0273999 0.0162704
6 0.5224873 0.3311545 0.0273999 0.0162704
13 0.5922325 0.3311545 0.0273999 0.0162704
19 0.3132519 0.4483018 0.0273999 0.0162704
23 0.5224873 0.2140073 0.0273999 0.0162704
5 0.5224873 0.2725810 0.0273999 0.0162704
30 0.5922325 0.4483018 0.0273999 0.0162704
4 0.2435068 0.5068754 0.0273999 0.0162704
21 0.3132519 0.5068754 0.0273999 0.0162704
29 0.2435068 0.2140073 0.0273999 0.0162704
19 0.1737616 0.4483018 0.0273999 0.0162704
20 0.4527422 0.3897282 0.0273999 0.0162704
15 0.2435068 0.2725810 0.0273999 0.0162704
17 0.1737616 0.2140073 0.0273999 0.0162704
23 0.4527422 0.5068754 0.0273999 0.0162704
15 0.5224873 0.3897282 0.0273999 0.0162704
26 0.5922325 0.5068754 0.0273999 0.0162704
7 0.4527422 0.2140073 0.0273999 0.0162704
5 0.3829971 0.4483018 0.0273999 0.0162704
13 0.3829971 0.3311545 0.0273999 0.0162704
17 0.3132519 0.3311545 0.0273999 0.0162704
1 0.4527422 0.4483018 0.0273999 0.0162704
29 0.2435068 0.3897282 0.0273999 0.0162704
16 0.2435068 0.4483018 0.0273999 0.0162704
