23 0.7702960 0.6102718 0.0225728 0.0153452
8 0.8186662 0.5406703 0.0225728 0.0164413
32 0.6644188 0.4864140 0.3676139 0.4800859
33 0.7912564 0.2995313 0.0128988 0.0186335
24 0.5768149 0.4003712 0.0225728 0.0164413
2 0.7219257 0.4003712 0.0225728 0.0164413
34 0.5284447 0.5406703 0.0419209 0.0427474
12 0.5284447 0.5406703 0.0225728 0.0164413
23 0.6735555 0.6102718 0.0225728 0.0153452
30 0.7219257 0.6804213 0.0225728 0.0153452
30 0.7219257 0.5406703 0.0225728 0.0164413
6 0.7219257 0.4705208 0.0225728 0.0164413
28 0.5768149 0.6804213 0.0225728 0.0153452
6 0.5284447 0.4705208 0.0225728 0.0164413
27 0.7702960 0.4705208 0.0225728 0.0164413
19 0.6735555 0.4003712 0.0225728 0.0164413
19 0.7702960 0.5406703 0.0225728 0.0164413
18 0.5768149 0.4705208 0.0225728 0.0164413
2 0.8186662 0.6102718 0.0225728 0.0153452
22 0.6251852 0.5406703 0.0225728 0.0164413
28 0.6735555 0.5406703 0.0225728 0.0164413
29 0.6251852 0.4705208 0.0225728 0.0164413
16 0.6735555 0.4705208 0.0225728 0.0164413
10 0.6251852 0.6804213 0.0225728 0.0153452
17 0.7219257 0.6102718 0.0225728 0.0153452
28 0.7702960 0.6804213 0.0225728 0.0153452
30 0.8186662 0.4705208 0.0225728 0.0164413
30 0.5768149 0.6102718 0.0225728 0.0153452
20 0.5284447 0.6804213 0.0225728 0.0153452
5 0.5284447 0.4003712 0.0225728 0.0164413
26 0.6251852 0.6102718 0.0225728 0.0153452
26 0.5768149 0.5406703 0.0225728 0.0164413
21 0.6735555 0.6804213 0.0225728 0.0153452
17 0.5284447 0.6102718 0.0225728 0.0153452
27 0.7702960 0.4003712 0.0225728 0.0164413
24 0.8186662 0.4003712 0.0225728 0.0164413
25 0.8186662 0.6804213 0.0225728 0.0153452
24 0.6251852 0.4003712 0.0225728 0.0164413
