5 0.4070263 0.5784723 0.0262765 0.0166874
18 0.4739120 0.3976918 0.0262765 0.0155750
32 0.3407378 0.4527603 0.4837265 0.4906104
33 0.4118038 0.2347113 0.0095551 0.0122374
31 0.3401406 0.3381733 0.0262765 0.0166874
34 0.4739119 0.3376171 0.0621081 0.0600748
3 0.4739120 0.3381733 0.0262765 0.0166874
6 0.2063694 0.3976918 0.0262765 0.0155750
21 0.2732550 0.4583228 0.0262765 0.0166874
4 0.2063694 0.5183976 0.0262765 0.0166874
14 0.2732550 0.5183976 0.0262765 0.0166874
18 0.4739120 0.5183976 0.0262765 0.0166874
26 0.2732550 0.5784723 0.0262765 0.0166874
27 0.5407976 0.5784723 0.0262765 0.0166874
22 0.4070263 0.6379908 0.0262765 0.0155750
15 0.4739120 0.6379908 0.0262765 0.0155750
20 0.5407976 0.6379908 0.0262765 0.0155750
15 0.1394837 0.5784723 0.0262765 0.0166874
31 0.5407976 0.3381733 0.0262765 0.0166874
22 0.2732550 0.6379908 0.0262765 0.0155750
4 0.2063694 0.4583228 0.0262765 0.0166874
12 0.1394837 0.3381733 0.0262765 0.0166874
28 0.5407976 0.3976918 0.0262765 0.0155750
13 0.5407976 0.4583228 0.0262765 0.0166874
10 0.1394837 0.6379908 0.0262765 0.0155750
19 0.4070263 0.5183976 0.0262765 0.0166874
18 0.1394837 0.3976918 0.0262765 0.0155750
11 0.4070263 0.3381733 0.0262765 0.0166874
13 0.4739120 0.4583228 0.0262765 0.0166874
21 0.3401406 0.3976918 0.0262765 0.0155750
8 0.3401406 0.4583228 0.0262765 0.0166874
24 0.2063694 0.5784723 0.0262765 0.0166874
17 0.1394837 0.5183976 0.0262765 0.0166874
12 0.3401406 0.5183976 0.0262765 0.0166874
22 0.3401406 0.6379908 0.0262765 0.0155750
21 0.1394837 0.4583228 0.0262765 0.0166874
31 0.2063694 0.3381733 0.0262765 0.0166874
2 0.5407976 0.5183976 0.0262765 0.0166874
7 0.3401406 0.5784723 0.0262765 0.0166874
16 0.4070263 0.4583228 0.0262765 0.0166874
26 0.4739120 0.5784723 0.0262765 0.0166874
26 0.2732550 0.3976918 0.0262765 0.0155750
30 0.2063694 0.6379908 0.0262765 0.0155750
5 0.2732550 0.3381733 0.0262765 0.0166874
26 0.4070263 0.3976918 0.0262765 0.0155750
