26 0.2510219 0.5880098 0.0271344 0.0165583
5 0.3200912 0.4091798 0.0271343 0.0165584
32 0.4582298 0.4969390 0.4982855 0.4901267
33 0.5340826 0.2634664 0.0111005 0.0143506
10 0.3200912 0.3495698 0.0271343 0.0165583
13 0.4582298 0.3495698 0.0271344 0.0165583
34 0.4582298 0.5289517 0.0641357 0.0596100
20 0.4582298 0.5283998 0.0271344 0.0165584
7 0.4582298 0.5880098 0.0271344 0.0165583
3 0.5963683 0.5880098 0.0271344 0.0165583
2 0.2510219 0.4687898 0.0271344 0.0165584
11 0.6654376 0.5880098 0.0271344 0.0165583
23 0.3200912 0.5283998 0.0271343 0.0165584
12 0.3200912 0.4687898 0.0271343 0.0165584
18 0.2510219 0.4091798 0.0271344 0.0165584
15 0.4582298 0.4091798 0.0271344 0.0165584
21 0.5272990 0.4687898 0.0271344 0.0165584
2 0.2510219 0.3495698 0.0271344 0.0165583
6 0.3891605 0.3495698 0.0271344 0.0165583
15 0.3891605 0.5283998 0.0271344 0.0165584
24 0.3891605 0.4091798 0.0271344 0.0165584
24 0.2510219 0.5283998 0.0271344 0.0165584
12 0.5963683 0.4687898 0.0271344 0.0165584
20 0.5272990 0.5880098 0.0271344 0.0165583
25 0.5272990 0.3495698 0.0271344 0.0165583
17 0.6654376 0.4091798 0.0271344 0.0165584
1 0.5963683 0.5283998 0.0271344 0.0165584
7 0.5963683 0.3495698 0.0271344 0.0165583
7 0.3891605 0.5880098 0.0271344 0.0165583
7 0.6654376 0.4687898 0.0271344 0.0165584
27 0.6654376 0.5283998 0.0271344 0.0165584
26 0.5272990 0.4091798 0.0271344 0.0165584
23 0.5963683 0.4091798 0.0271344 0.0165584
6 0.6654376 0.3495698 0.0271344 0.0165583
12 0.4582298 0.4687898 0.0271344 0.0165584
18 0.3200912 0.5880098 0.0271343 0.0165583
18 0.5272990 0.5283998 0.0271344 0.0165584
14 0.3891605 0.4687898 0.0271344 0.0165584
