7 0.2584813 0.6354557 0.0288337 0.0165953
22 0.0382965 0.4562252 0.0288337 0.0165954
32 0.2609280 0.5502659 0.5193561 0.4901181
33 0.3384293 0.3190364 0.0131063 0.0143827
13 0.4786661 0.4562252 0.0288337 0.0165954
16 0.4052711 0.5757122 0.0288337 0.0165954
9 0.4786661 0.5757122 0.0288337 0.0165954
34 0.2584813 0.6957524 0.0681524 0.0597435
28 0.2584813 0.6951992 0.0288337 0.0165953
11 0.3318762 0.6951992 0.0288337 0.0165953
11 0.2584813 0.4562252 0.0288337 0.0165954
25 0.2584813 0.5757122 0.0288337 0.0165954
14 0.4786661 0.6354557 0.0288337 0.0165953
24 0.1850864 0.5757122 0.0288337 0.0165954
11 0.1850864 0.5159687 0.0288337 0.0165954
22 0.2584813 0.5159687 0.0288337 0.0165954
28 0.1850864 0.6354557 0.0288337 0.0165953
11 0.0382965 0.5159687 0.0288337 0.0165954
16 0.1116914 0.4562252 0.0288337 0.0165954
26 0.4786661 0.6951992 0.0288337 0.0165953
9 0.4052711 0.6354557 0.0288337 0.0165953
17 0.1116914 0.5159687 0.0288337 0.0165954
12 0.3318762 0.6354557 0.0288337 0.0165953
6 0.1116914 0.6354557 0.0288337 0.0165953
17 0.3318762 0.5159687 0.0288337 0.0165954
31 0.4052711 0.4562252 0.0288337 0.0165954
6 0.0382965 0.6951992 0.0288337 0.0165953
26 0.1116914 0.5757122 0.0288337 0.0165954
14 0.3318762 0.5757122 0.0288337 0.0165954
1 0.4052711 0.6951992 0.0288337 0.0165953
16 0.3318762 0.4562252 0.0288337 0.0165954
20 0.0382965 0.6354557 0.0288337 0.0165953
5 0.1850864 0.6951992 0.0288337 0.0165953
10 0.4786661 0.5159687 0.0288337 0.0165954
8 0.1850864 0.4562252 0.0288337 0.0165954
31 0.0382965 0.5757122 0.0288337 0.0165954
6 0.1116914 0.6951992 0.0288337 0.0165953
7 0.4052711 0.5159687 0.0288337 0.0165954
