21 0.3901582 0.4386381 0.0261767 0.0152363
5 0.5900528 0.4979510 0.0261767 0.0163246
32 0.5906478 0.4925094 0.4818890 0.4799445
33 0.6614438 0.2792007 0.0095187 0.0119714
29 0.6566844 0.3804135 0.0261767 0.0163246
2 0.7899475 0.3804135 0.0261768 0.0163246
10 0.7899475 0.4386381 0.0261768 0.0152363
22 0.3901582 0.4979510 0.0261767 0.0163246
20 0.4567897 0.4979510 0.0261767 0.0163246
23 0.6566844 0.4979510 0.0261767 0.0163246
19 0.3901582 0.5567197 0.0261767 0.0163246
34 0.5900528 0.5561755 0.0618722 0.0587687
7 0.5900528 0.5567197 0.0261767 0.0163246
12 0.7899475 0.5567197 0.0261768 0.0163246
25 0.6566844 0.6154884 0.0261767 0.0163246
1 0.3901582 0.6737130 0.0261767 0.0152363
15 0.7899475 0.6737130 0.0261768 0.0152363
26 0.3901582 0.3804135 0.0261767 0.0163246
18 0.4567897 0.5567197 0.0261767 0.0163246
21 0.4567897 0.6154884 0.0261767 0.0163246
29 0.6566844 0.4386381 0.0261767 0.0152363
13 0.5900528 0.6154884 0.0261767 0.0163246
27 0.5234213 0.3804135 0.0261767 0.0163246
27 0.5900528 0.6737130 0.0261767 0.0152363
1 0.4567897 0.3804135 0.0261767 0.0163246
10 0.5234213 0.4386381 0.0261767 0.0152363
6 0.7233160 0.6737130 0.0261766 0.0152363
29 0.7233160 0.3804135 0.0261766 0.0163246
9 0.3901582 0.6154884 0.0261767 0.0163246
6 0.6566844 0.6737130 0.0261767 0.0152363
13 0.7233160 0.6154884 0.0261766 0.0163246
5 0.5900528 0.3804135 0.0261767 0.0163246
15 0.7233160 0.5567197 0.0261766 0.0163246
19 0.5900528 0.4386381 0.0261767 0.0152363
27 0.7233160 0.4386381 0.0261766 0.0152363
12 0.7233160 0.4979510 0.0261766 0.0163246
13 0.4567897 0.4386381 0.0261767 0.0152363
4 0.4567897 0.6737130 0.0261767 0.0152363
18 0.5234213 0.6737130 0.0261767 0.0152363
24 0.5234213 0.5567197 0.0261767 0.0163246
17 0.7899475 0.4979510 0.0261768 0.0163246
3 0.5234213 0.4979510 0.0261767 0.0163246
14 0.5234213 0.6154884 0.0261767 0.0163246
5 0.7899475 0.6154884 0.0261768 0.0163246
15 0.6566844 0.5567197 0.0261767 0.0163246
