26 0.5268633 0.4641693 0.0273362 0.0148652
1 0.2485313 0.4641693 0.0273362 0.0148652
32 0.3883186 0.5167285 0.5032341 0.4682544
33 0.4622505 0.3086154 0.0099404 0.0116798
9 0.1789483 0.4073629 0.0273362 0.0159270
27 0.4572803 0.4073629 0.0273362 0.0159270
25 0.5964462 0.4073629 0.0273362 0.0159270
19 0.3876973 0.4641693 0.0273362 0.0148652
34 0.5964462 0.4641693 0.0646128 0.0573373
21 0.5964462 0.4641693 0.0273362 0.0148652
13 0.4572803 0.5220375 0.0273362 0.0159271
17 0.5964462 0.5220375 0.0273362 0.0159271
14 0.3181143 0.5793747 0.0273362 0.0159270
21 0.5268633 0.5793747 0.0273362 0.0159270
4 0.3876973 0.6367121 0.0273362 0.0159270
18 0.4572803 0.6367121 0.0273362 0.0159270
26 0.3181143 0.6935185 0.0273362 0.0148652
30 0.3181143 0.4641693 0.0273362 0.0148652
21 0.2485313 0.6935185 0.0273362 0.0148652
12 0.5268633 0.6935185 0.0273362 0.0148652
16 0.4572803 0.4641693 0.0273362 0.0148652
9 0.1789483 0.6367121 0.0273362 0.0159270
21 0.3876973 0.5220375 0.0273362 0.0159271
22 0.5268633 0.4073629 0.0273362 0.0159270
27 0.1789483 0.4641693 0.0273362 0.0148652
20 0.1789483 0.5220375 0.0273362 0.0159271
4 0.5268633 0.5220375 0.0273362 0.0159271
3 0.4572803 0.5793747 0.0273362 0.0159270
2 0.2485313 0.5793747 0.0273362 0.0159270
2 0.5964462 0.6935185 0.0273362 0.0148652
17 0.5964462 0.5793747 0.0273362 0.0159270
2 0.5964462 0.6367121 0.0273362 0.0159270
19 0.3181143 0.6367121 0.0273362 0.0159270
13 0.3876973 0.5793747 0.0273362 0.0159270
27 0.3876973 0.6935185 0.0273362 0.0148652
18 0.2485313 0.4073629 0.0273362 0.0159270
9 0.5268633 0.6367121 0.0273362 0.0159270
18 0.3181143 0.4073629 0.0273362 0.0159270
1 0.3181143 0.5220375 0.0273362 0.0159271
19 0.4572803 0.6935185 0.0273362 0.0148652
25 0.1789483 0.6935185 0.0273362 0.0148652
28 0.2485313 0.6367121 0.0273362 0.0159270
21 0.3876973 0.4073629 0.0273362 0.0159270
21 0.1789483 0.5793747 0.0273362 0.0159270
21 0.2485313 0.5220375 0.0273362 0.0159271
