22 0.5916638 0.5306039 0.0262489 0.0163106
27 0.8589252 0.5306039 0.0262489 0.0163106
32 0.6578826 0.4468762 0.4784456 0.4817059
33 0.7312601 0.2196154 0.0119313 0.0141358
10 0.4580331 0.3544496 0.0262489 0.0163106
34 0.7921098 0.3549933 0.0620428 0.0587181
12 0.7921099 0.3544496 0.0262489 0.0163106
17 0.6584792 0.5306039 0.0262489 0.0163106
18 0.5248485 0.5893220 0.0262489 0.0163106
31 0.8589252 0.5893220 0.0262489 0.0163106
14 0.6584792 0.5893220 0.0262489 0.0163106
2 0.7252945 0.3544496 0.0262489 0.0163106
16 0.6584792 0.4131677 0.0262489 0.0163106
10 0.4580331 0.5893220 0.0262489 0.0163106
21 0.7921099 0.5306039 0.0262489 0.0163106
20 0.8589252 0.4718858 0.0262489 0.0163106
26 0.5916638 0.4131677 0.0262489 0.0163106
29 0.7252945 0.5306039 0.0262489 0.0163106
29 0.7252945 0.4131677 0.0262489 0.0163106
8 0.5916638 0.3544496 0.0262489 0.0163106
10 0.5916638 0.4718858 0.0262489 0.0163106
26 0.8589252 0.3544496 0.0262489 0.0163106
25 0.7252945 0.5893220 0.0262489 0.0163106
26 0.5248485 0.4718858 0.0262489 0.0163106
13 0.4580331 0.4131677 0.0262489 0.0163106
30 0.7921099 0.5893220 0.0262489 0.0163106
31 0.4580331 0.5306039 0.0262489 0.0163106
11 0.8589252 0.4131677 0.0262489 0.0163106
12 0.7921099 0.4131677 0.0262489 0.0163106
27 0.6584792 0.4718858 0.0262489 0.0163106
18 0.5248485 0.3544496 0.0262489 0.0163106
20 0.5248485 0.4131677 0.0262489 0.0163106
30 0.7252945 0.4718858 0.0262489 0.0163106
18 0.4580331 0.4718858 0.0262489 0.0163106
2 0.5248485 0.5306039 0.0262489 0.0163106
26 0.7921099 0.4718858 0.0262489 0.0163106
21 0.6584792 0.3544496 0.0262489 0.0163106
20 0.5916638 0.5893220 0.0262489 0.0163106
