1 0.2977035 0.3878498 0.0274212 0.0165641
14 0.4373024 0.3282192 0.0274212 0.0165641
32 0.3668798 0.3624515 0.4998140 0.4891916
33 0.4435345 0.1316591 0.0124642 0.0143555
28 0.2977035 0.2685886 0.0274212 0.0165640
7 0.2279040 0.4474804 0.0274212 0.0165641
34 0.4373024 0.4480325 0.0648138 0.0596306
12 0.4373024 0.4474804 0.0274212 0.0165641
14 0.4373024 0.5071109 0.0274212 0.0165641
16 0.3675030 0.4474804 0.0274212 0.0165641
17 0.2977035 0.5071109 0.0274212 0.0165641
22 0.4373024 0.3878498 0.0274212 0.0165641
25 0.5769014 0.5071109 0.0274212 0.0165641
12 0.2977035 0.4474804 0.0274212 0.0165641
17 0.5071019 0.3878498 0.0274212 0.0165641
29 0.4373024 0.2685886 0.0274212 0.0165640
25 0.5769014 0.3878498 0.0274212 0.0165641
30 0.2279040 0.3878498 0.0274212 0.0165641
23 0.2279040 0.5071109 0.0274212 0.0165641
17 0.2977035 0.3282192 0.0274212 0.0165641
24 0.1581046 0.4474804 0.0274212 0.0165641
12 0.5071019 0.4474804 0.0274212 0.0165641
20 0.2279040 0.2685886 0.0274212 0.0165640
31 0.5071019 0.5071109 0.0274212 0.0165641
7 0.3675030 0.5071109 0.0274212 0.0165641
2 0.5769014 0.2685886 0.0274212 0.0165640
31 0.2279040 0.3282192 0.0274212 0.0165641
21 0.1581046 0.3282192 0.0274212 0.0165641
12 0.5071019 0.2685886 0.0274212 0.0165640
6 0.1581046 0.3878498 0.0274212 0.0165641
16 0.3675030 0.3282192 0.0274212 0.0165641
23 0.5071019 0.3282192 0.0274212 0.0165641
14 0.1581046 0.5071109 0.0274212 0.0165641
1 0.3675030 0.3878498 0.0274212 0.0165641
2 0.5769014 0.3282192 0.0274212 0.0165641
29 0.3675030 0.2685886 0.0274212 0.0165640
17 0.1581046 0.2685886 0.0274212 0.0165640
30 0.5769014 0.4474804 0.0274212 0.0165641
