7 0.5522053 0.3950747 0.0286762 0.0173803
27 0.1872354 0.4576438 0.0286762 0.0173803
32 0.3332233 0.5497595 0.5265994 0.5144575
33 0.4133864 0.3046970 0.0117311 0.0150629
34 0.2602294 0.4582231 0.0677801 0.0625691
15 0.2602293 0.4576438 0.0286762 0.0173803
29 0.1872354 0.5202130 0.0286762 0.0173803
23 0.1142414 0.5827821 0.0286762 0.0173803
3 0.4062173 0.5827821 0.0286762 0.0173803
25 0.5522053 0.4576438 0.0286762 0.0173803
4 0.4062173 0.3950747 0.0286762 0.0173803
16 0.4062173 0.4576438 0.0286762 0.0173803
27 0.3332233 0.5202130 0.0286762 0.0173803
21 0.1872354 0.6453513 0.0286762 0.0173803
17 0.4792113 0.5202130 0.0286762 0.0173803
27 0.4792113 0.6453513 0.0286762 0.0173803
15 0.4062173 0.6453513 0.0286762 0.0173803
29 0.1142414 0.5202130 0.0286762 0.0173803
5 0.4792113 0.5827821 0.0286762 0.0173803
27 0.5522053 0.5202130 0.0286762 0.0173803
21 0.2602293 0.6453513 0.0286762 0.0173803
18 0.4792113 0.4576438 0.0286762 0.0173803
28 0.1872354 0.5827821 0.0286762 0.0173803
31 0.3332233 0.3950747 0.0286762 0.0173803
24 0.1142414 0.4576438 0.0286762 0.0173803
29 0.1142414 0.6453513 0.0286762 0.0173803
28 0.5522053 0.6453513 0.0286762 0.0173803
10 0.3332233 0.6453513 0.0286762 0.0173803
31 0.2602293 0.3950747 0.0286762 0.0173803
23 0.5522053 0.5827821 0.0286762 0.0173803
23 0.4792113 0.3950747 0.0286762 0.0173803
6 0.3332233 0.5827821 0.0286762 0.0173803
15 0.1872354 0.3950747 0.0286762 0.0173803
13 0.1142414 0.3950747 0.0286762 0.0173803
28 0.3332233 0.4576438 0.0286762 0.0173803
2 0.2602293 0.5827821 0.0286762 0.0173803
6 0.2602293 0.5202130 0.0286762 0.0173803
28 0.4062173 0.5202130 0.0286762 0.0173803
