5 0.3167583 0.3330738 0.0227448 0.0156170
28 0.4700144 0.4808775 0.0238278 0.0167325
32 0.3216321 0.3509218 0.4094051 0.3725770
33 0.4905930 0.2098111 0.0086647 0.0145015
35 0.3671216 0.2851073 0.0433233 0.0446200
23 0.3671216 0.2851073 0.0238278 0.0156170
15 0.4180265 0.2851073 0.0238278 0.0156170
26 0.2154901 0.3821558 0.0238278 0.0156170
2 0.4180265 0.4312378 0.0238278 0.0156170
21 0.1635021 0.3330738 0.0238278 0.0156170
28 0.3167583 0.2851073 0.0227448 0.0156170
20 0.4180265 0.3330738 0.0238278 0.0156170
7 0.4700144 0.3330738 0.0238278 0.0156170
27 0.3167583 0.4312378 0.0227448 0.0156170
7 0.2658534 0.4808775 0.0227447 0.0167325
25 0.4700144 0.2851073 0.0238278 0.0156170
12 0.3671216 0.4808775 0.0238278 0.0167325
9 0.4700144 0.3821558 0.0238278 0.0156170
28 0.1635021 0.4312378 0.0238278 0.0156170
11 0.3671216 0.3330738 0.0238278 0.0156170
17 0.4700144 0.4312378 0.0238278 0.0156170
11 0.2658534 0.2851073 0.0227447 0.0156170
27 0.2658534 0.3821558 0.0227447 0.0156170
20 0.2154901 0.4312378 0.0238278 0.0156170
31 0.2658534 0.3330738 0.0227447 0.0156170
23 0.2658534 0.4312378 0.0227447 0.0156170
11 0.3671216 0.3821558 0.0238278 0.0156170
26 0.1635021 0.3821558 0.0238278 0.0156170
20 0.3167583 0.3821558 0.0227448 0.0156170
22 0.2154901 0.4808775 0.0238278 0.0167325
10 0.1635021 0.2851073 0.0238278 0.0156170
7 0.2154901 0.2851073 0.0238278 0.0156170
6 0.4180265 0.4808775 0.0238278 0.0167325
27 0.2154901 0.3330738 0.0238278 0.0156170
9 0.3671216 0.4312378 0.0238278 0.0156170
26 0.4180265 0.3821558 0.0238278 0.0156170
16 0.1635021 0.4808775 0.0238278 0.0167325
13 0.3167583 0.4808775 0.0227448 0.0167325
