1 0.8631595 0.2911079 0.0254461 0.0164901
7 0.6225773 0.2339423 0.0254462 0.0164901
32 0.6775179 0.3152934 0.4175490 0.3770732
33 0.8729910 0.1404985 0.0104099 0.0142914
15 0.5635883 0.2339423 0.0254462 0.0164901
12 0.6833012 0.2911079 0.0242896 0.0164901
2 0.7434467 0.2911079 0.0242896 0.0164901
34 0.7440251 0.4059888 0.0508925 0.0483709
8 0.7434467 0.4059888 0.0242896 0.0153907
8 0.5635883 0.4620551 0.0254462 0.0153908
30 0.8041706 0.2339423 0.0254462 0.0164901
18 0.6225773 0.4059888 0.0254462 0.0153907
15 0.8631595 0.4059888 0.0254461 0.0153907
7 0.5034428 0.2339423 0.0254462 0.0164901
13 0.8631595 0.4620551 0.0254461 0.0153908
4 0.6225773 0.2911079 0.0254462 0.0164901
25 0.6225773 0.4620551 0.0254462 0.0153908
23 0.7434467 0.4620551 0.0242896 0.0153908
1 0.5034428 0.3488232 0.0254462 0.0153908
24 0.8631595 0.3488232 0.0254461 0.0153908
14 0.5635883 0.3488232 0.0254462 0.0153908
16 0.8041706 0.2911079 0.0254462 0.0164901
3 0.8041706 0.4059888 0.0254462 0.0153907
2 0.5034428 0.2911079 0.0254462 0.0164901
24 0.6833012 0.3488232 0.0242896 0.0153908
14 0.5034428 0.4059888 0.0254462 0.0153907
31 0.7434467 0.2339423 0.0242896 0.0164901
19 0.8041706 0.4620551 0.0254462 0.0153908
27 0.6833012 0.4620551 0.0242896 0.0153908
29 0.6833012 0.2339423 0.0242896 0.0164901
26 0.5635883 0.4059888 0.0254462 0.0153907
18 0.5635883 0.2911079 0.0254462 0.0164901
10 0.6225773 0.3488232 0.0254462 0.0153908
7 0.6833012 0.4059888 0.0242896 0.0153907
31 0.5034428 0.4620551 0.0254462 0.0153908
1 0.8631595 0.2339423 0.0254461 0.0164901
7 0.7434467 0.3488232 0.0242896 0.0153908
26 0.8041706 0.3488232 0.0254462 0.0153908
