6 0.4134854 0.6238417 0.0269949 0.0159404
26 0.4821996 0.5664561 0.0269949 0.0159404
32 0.5503002 0.4644372 0.4920427 0.4622732
33 0.6263767 0.2449902 0.0110433 0.0127523
7 0.4821996 0.3369135 0.0269949 0.0159405
25 0.5509138 0.3369135 0.0269949 0.0159405
24 0.3447712 0.3942992 0.0269949 0.0159405
30 0.4134854 0.3942992 0.0269949 0.0159405
1 0.5509138 0.3942992 0.0269949 0.0159405
21 0.4821996 0.4516848 0.0269949 0.0159405
34 0.3447712 0.5096018 0.0638060 0.0573857
25 0.3447712 0.5090704 0.0269949 0.0159405
9 0.4821996 0.5090704 0.0269949 0.0159405
8 0.3447712 0.5664561 0.0269949 0.0159404
10 0.3447712 0.6238417 0.0269949 0.0159404
18 0.4821996 0.6238417 0.0269949 0.0159404
20 0.4821996 0.3942992 0.0269949 0.0159405
16 0.6883421 0.3369135 0.0269949 0.0159405
5 0.6196280 0.3369135 0.0269949 0.0159405
2 0.6196280 0.4516848 0.0269949 0.0159405
4 0.3447712 0.4516848 0.0269949 0.0159405
1 0.6883421 0.5090704 0.0269949 0.0159405
25 0.7570564 0.4516848 0.0269948 0.0159405
16 0.7570564 0.3942992 0.0269948 0.0159405
16 0.6883421 0.6238417 0.0269949 0.0159404
18 0.6196280 0.6238417 0.0269949 0.0159404
18 0.4134854 0.5664561 0.0269949 0.0159404
25 0.3447712 0.3369135 0.0269949 0.0159405
23 0.5509138 0.5090704 0.0269949 0.0159405
5 0.5509138 0.6238417 0.0269949 0.0159404
3 0.6196280 0.5664561 0.0269949 0.0159404
28 0.7570564 0.3369135 0.0269948 0.0159405
20 0.6883421 0.3942992 0.0269949 0.0159405
28 0.6196280 0.5090704 0.0269949 0.0159405
14 0.4134854 0.5090704 0.0269949 0.0159405
20 0.7570564 0.5664561 0.0269948 0.0159404
30 0.5509138 0.4516848 0.0269949 0.0159405
30 0.4134854 0.3369135 0.0269949 0.0159405
15 0.6196280 0.3942992 0.0269949 0.0159405
24 0.6883421 0.4516848 0.0269949 0.0159405
6 0.6883421 0.5664561 0.0269949 0.0159404
23 0.7570564 0.5090704 0.0269948 0.0159405
1 0.4134854 0.4516848 0.0269949 0.0159405
27 0.7570564 0.6238417 0.0269948 0.0159404
15 0.5509138 0.5664561 0.0269949 0.0159404
