4 0.3017084 0.1429332 0.0239062 0.0157399
5 0.3552128 0.0945891 0.0239062 0.0157399
32 0.3603356 0.1748939 0.4303116 0.3475656
33 0.5379245 0.0187001 0.0091071 0.0146156
21 0.1941306 0.1429332 0.0250446 0.0157399
15 0.3017084 0.2418700 0.0239062 0.0157399
20 0.5162950 0.2418700 0.0250446 0.0157399
35 0.5162950 0.2919006 0.0455356 0.0438470
8 0.5162950 0.2919005 0.0250446 0.0168642
26 0.4616523 0.0945891 0.0250446 0.0157399
31 0.4616523 0.2919005 0.0250446 0.0168642
3 0.5162950 0.0945891 0.0250446 0.0157399
14 0.1941306 0.2919005 0.0250446 0.0168642
21 0.4616523 0.2418700 0.0250446 0.0157399
3 0.4081480 0.1924016 0.0250446 0.0157399
31 0.4081480 0.0945891 0.0250446 0.0157399
1 0.3017084 0.2919005 0.0239062 0.0168642
17 0.4081480 0.2919005 0.0250446 0.0168642
11 0.2487733 0.0945891 0.0250446 0.0157399
18 0.4081480 0.1429332 0.0250446 0.0157399
30 0.3017084 0.1924016 0.0239062 0.0157399
2 0.1941306 0.1924016 0.0250446 0.0157399
2 0.2487733 0.1924016 0.0250446 0.0157399
25 0.4616523 0.1429332 0.0250446 0.0157399
29 0.5162950 0.1429332 0.0250446 0.0157399
20 0.5162950 0.1924016 0.0250446 0.0157399
13 0.3552128 0.1429332 0.0239062 0.0157399
22 0.1941306 0.2418700 0.0250446 0.0157399
5 0.3017084 0.0945891 0.0239062 0.0157399
1 0.2487733 0.1429332 0.0250446 0.0157399
10 0.3552128 0.2919005 0.0239062 0.0168642
29 0.1941306 0.0945891 0.0250446 0.0157399
15 0.3552128 0.1924016 0.0239062 0.0157399
22 0.4616523 0.1924016 0.0250446 0.0157399
4 0.2487733 0.2919005 0.0250446 0.0168642
17 0.4081480 0.2418700 0.0250446 0.0157399
23 0.2487733 0.2418700 0.0250446 0.0157399
10 0.3552128 0.2418700 0.0239062 0.0157399
