18 0.7014426 0.6709410 0.0273912 0.0167588
13 0.3528275 0.6106093 0.0273912 0.0167588
32 0.4916510 0.5245808 0.4992667 0.4949434
33 0.5682218 0.2910748 0.0124505 0.0145243
3 0.2831044 0.4296143 0.0273912 0.0167588
34 0.3528275 0.4301729 0.0647429 0.0603317
14 0.3528275 0.4296143 0.0273912 0.0167588
18 0.4922735 0.4899459 0.0273912 0.0167588
7 0.4922735 0.6709410 0.0273912 0.0167588
17 0.5619966 0.6709410 0.0273912 0.0167588
29 0.4922735 0.6106093 0.0273912 0.0167588
9 0.4225505 0.6709410 0.0273912 0.0167588
1 0.6317196 0.4899459 0.0273912 0.0167588
19 0.2831044 0.4899459 0.0273912 0.0167588
12 0.4922735 0.5502776 0.0273912 0.0167588
16 0.6317196 0.4296143 0.0273912 0.0167588
10 0.4225505 0.5502776 0.0273912 0.0167588
23 0.2831044 0.6709410 0.0273912 0.0167588
28 0.3528275 0.6709410 0.0273912 0.0167588
10 0.5619966 0.5502776 0.0273912 0.0167588
23 0.2831044 0.6106093 0.0273912 0.0167588
3 0.5619966 0.6106093 0.0273912 0.0167588
29 0.4225505 0.4899459 0.0273912 0.0167588
11 0.4225505 0.4296143 0.0273912 0.0167588
31 0.4225505 0.6106093 0.0273912 0.0167588
7 0.2831044 0.5502776 0.0273912 0.0167588
7 0.5619966 0.4296143 0.0273912 0.0167588
1 0.7014426 0.6106093 0.0273912 0.0167588
8 0.7014426 0.4296143 0.0273912 0.0167588
19 0.3528275 0.4899459 0.0273912 0.0167588
22 0.6317196 0.6106093 0.0273912 0.0167588
30 0.4922735 0.4296143 0.0273912 0.0167588
27 0.3528275 0.5502776 0.0273912 0.0167588
25 0.6317196 0.5502776 0.0273912 0.0167588
17 0.7014426 0.4899459 0.0273912 0.0167588
5 0.6317196 0.6709410 0.0273912 0.0167588
9 0.5619966 0.4899459 0.0273912 0.0167588
28 0.7014426 0.5502776 0.0273912 0.0167588
