11 0.7619584 0.4318742 0.0228073 0.0160376
9 0.6153402 0.4318742 0.0228072 0.0160376
32 0.6549814 0.3789502 0.3714328 0.4682976
33 0.7831367 0.1966563 0.0130328 0.0181759
31 0.5175947 0.2950201 0.0228073 0.0160376
29 0.6642130 0.3634471 0.0228072 0.0160376
34 0.8108312 0.4318742 0.0423564 0.0416977
1 0.8108312 0.4318742 0.0228073 0.0160376
18 0.8108312 0.4997666 0.0228073 0.0149684
31 0.7130857 0.5681937 0.0228073 0.0149684
29 0.7619584 0.3634471 0.0228073 0.0160376
24 0.8108312 0.2950201 0.0228073 0.0160376
2 0.5664675 0.4318742 0.0228072 0.0160376
25 0.5664675 0.5681937 0.0228072 0.0149684
26 0.5664675 0.4997666 0.0228072 0.0149684
8 0.6153402 0.2950201 0.0228072 0.0160376
1 0.5175947 0.5681937 0.0228073 0.0149684
28 0.7619584 0.2950201 0.0228073 0.0160376
13 0.8108312 0.5681937 0.0228073 0.0149684
16 0.7130857 0.3634471 0.0228073 0.0160376
28 0.7130857 0.4318742 0.0228073 0.0160376
17 0.5664675 0.3634471 0.0228072 0.0160376
18 0.5175947 0.3634471 0.0228073 0.0160376
4 0.6642130 0.5681937 0.0228072 0.0149684
31 0.6642130 0.4997666 0.0228072 0.0149684
29 0.5175947 0.4318742 0.0228073 0.0160376
15 0.7619584 0.4997666 0.0228073 0.0149684
18 0.7130857 0.4997666 0.0228073 0.0149684
10 0.5175947 0.4997666 0.0228073 0.0149684
22 0.5664675 0.2950201 0.0228072 0.0160376
2 0.8108312 0.3634471 0.0228073 0.0160376
27 0.7619584 0.5681937 0.0228073 0.0149684
30 0.7130857 0.2950201 0.0228073 0.0160376
9 0.6153402 0.5681937 0.0228072 0.0149684
16 0.6642130 0.4318742 0.0228072 0.0160376
30 0.6642130 0.2950201 0.0228072 0.0160376
18 0.6153402 0.4997666 0.0228072 0.0149684
8 0.6153402 0.3634471 0.0228072 0.0160376
