6 0.1101793 0.4838990 0.0283767 0.0173853
31 0.2546426 0.3587255 0.0283767 0.0173853
32 0.3268742 0.3256936 0.5210997 0.5146021
33 0.4062001 0.0805623 0.0116087 0.0150672
4 0.1824110 0.1709653 0.0283767 0.0173852
3 0.3991059 0.1709653 0.0283767 0.0173852
5 0.4713375 0.1709653 0.0283767 0.0173852
24 0.2546426 0.2335520 0.0283767 0.0173852
18 0.3991059 0.2961388 0.0283767 0.0173853
6 0.4713375 0.2961388 0.0283767 0.0173853
30 0.4713375 0.3587255 0.0283767 0.0173853
9 0.5435692 0.3587255 0.0283767 0.0173853
29 0.2546426 0.4213123 0.0283767 0.0173853
12 0.3991059 0.4838990 0.0283767 0.0173853
34 0.4713375 0.4844785 0.0670723 0.0625867
6 0.4713375 0.4838990 0.0283767 0.0173853
29 0.3268742 0.2335520 0.0283767 0.0173852
15 0.3991059 0.4213123 0.0283767 0.0173853
22 0.4713375 0.4213123 0.0283767 0.0173853
22 0.1101793 0.1709653 0.0283767 0.0173852
20 0.3268742 0.1709653 0.0283767 0.0173852
24 0.2546426 0.1709653 0.0283767 0.0173852
29 0.5435692 0.1709653 0.0283767 0.0173852
3 0.5435692 0.2335520 0.0283767 0.0173852
29 0.3268742 0.3587255 0.0283767 0.0173853
19 0.3268742 0.4838990 0.0283767 0.0173853
29 0.2546426 0.2961388 0.0283767 0.0173853
30 0.3991059 0.2335520 0.0283767 0.0173852
9 0.2546426 0.4838990 0.0283767 0.0173853
6 0.3991059 0.3587255 0.0283767 0.0173853
10 0.1101793 0.2961388 0.0283767 0.0173853
27 0.3268742 0.4213123 0.0283767 0.0173853
27 0.5435692 0.4838990 0.0283767 0.0173853
30 0.3268742 0.2961388 0.0283767 0.0173853
17 0.1824110 0.3587255 0.0283767 0.0173853
21 0.1824110 0.2961388 0.0283767 0.0173853
19 0.5435692 0.4213123 0.0283767 0.0173853
11 0.1101793 0.3587255 0.0283767 0.0173853
19 0.1824110 0.4213123 0.0283767 0.0173853
24 0.4713375 0.2335520 0.0283767 0.0173852
16 0.1101793 0.2335520 0.0283767 0.0173852
7 0.1824110 0.4838990 0.0283767 0.0173853
19 0.1101793 0.4213123 0.0283767 0.0173853
1 0.5435692 0.2961388 0.0283767 0.0173853
31 0.1824110 0.2335520 0.0283767 0.0173852
