21 0.1956106 0.2588936 0.0280436 0.0161995
18 0.6239125 0.1969882 0.0280436 0.0173566
32 0.4103989 0.3161705 0.5162569 0.5102850
33 0.4862440 0.0893771 0.0101977 0.0127282
14 0.1956106 0.1969882 0.0280436 0.0173566
27 0.2669942 0.1969882 0.0280436 0.0173566
13 0.4097616 0.1969882 0.0280436 0.0173566
5 0.3383779 0.2588936 0.0280436 0.0161995
11 0.6239125 0.2588936 0.0280436 0.0161995
9 0.1956106 0.3219560 0.0280436 0.0173566
2 0.5525289 0.3219560 0.0280436 0.0173566
17 0.1956106 0.4469238 0.0280436 0.0173566
20 0.3383779 0.5088291 0.0280436 0.0161995
15 0.4811452 0.5088291 0.0280436 0.0161995
34 0.5525289 0.5088291 0.0662848 0.0624839
2 0.5525289 0.5088291 0.0280436 0.0161995
9 0.4811452 0.4469238 0.0280436 0.0173566
19 0.4811452 0.1969882 0.0280436 0.0173566
26 0.5525289 0.3844399 0.0280436 0.0173566
30 0.4097616 0.5088291 0.0280436 0.0161995
24 0.5525289 0.2588936 0.0280436 0.0161995
3 0.4097616 0.4469238 0.0280436 0.0173566
7 0.6239125 0.5088291 0.0280436 0.0161995
26 0.2669942 0.3844399 0.0280436 0.0173566
1 0.2669942 0.3219560 0.0280436 0.0173566
21 0.4811452 0.3219560 0.0280436 0.0173566
30 0.3383779 0.3844399 0.0280436 0.0173566
22 0.6239125 0.4469238 0.0280436 0.0173566
2 0.3383779 0.1969882 0.0280436 0.0173566
22 0.3383779 0.3219560 0.0280436 0.0173566
8 0.6239125 0.3844399 0.0280436 0.0173566
17 0.3383779 0.4469238 0.0280436 0.0173566
12 0.4811452 0.2588936 0.0280436 0.0161995
9 0.5525289 0.4469238 0.0280436 0.0173566
26 0.1956106 0.3844399 0.0280436 0.0173566
2 0.2669942 0.4469238 0.0280436 0.0173566
21 0.4097616 0.3219560 0.0280436 0.0173566
16 0.4097616 0.2588936 0.0280436 0.0161995
18 0.2669942 0.2588936 0.0280436 0.0161995
31 0.4811452 0.3844399 0.0280436 0.0173566
31 0.1956106 0.5088291 0.0280436 0.0161995
7 0.4097616 0.3844399 0.0280436 0.0173566
6 0.6239125 0.3219560 0.0280436 0.0173566
30 0.5525289 0.1969882 0.0280436 0.0173566
14 0.2669942 0.5088291 0.0280436 0.0161995
