24 0.5236404 0.5934489 0.0283809 0.0160294
19 0.4513982 0.4703663 0.0283809 0.0171743
32 0.4520432 0.4028139 0.5224657 0.5049251
33 0.5288005 0.1784028 0.0103203 0.0125945
20 0.3069138 0.2848836 0.0283809 0.0171743
29 0.5236404 0.2848836 0.0283809 0.0171743
1 0.5958825 0.2848836 0.0283808 0.0171743
16 0.4513982 0.3461387 0.0283809 0.0160294
31 0.6681247 0.3461387 0.0283808 0.0160294
34 0.2346716 0.4079662 0.0670820 0.0618275
16 0.2346716 0.4085387 0.0283809 0.0171743
7 0.5958825 0.4085387 0.0283808 0.0171743
3 0.3791560 0.4703663 0.0283809 0.0171743
8 0.5236404 0.4703663 0.0283809 0.0171743
23 0.2346716 0.5321939 0.0283809 0.0171743
24 0.3791560 0.5934489 0.0283809 0.0160294
1 0.3791560 0.4085387 0.0283809 0.0171743
27 0.5236404 0.4085387 0.0283809 0.0171743
24 0.5236404 0.5321939 0.0283809 0.0171743
7 0.2346716 0.2848836 0.0283809 0.0171743
25 0.2346716 0.3461387 0.0283809 0.0160294
7 0.6681247 0.4085387 0.0283808 0.0171743
8 0.5958825 0.5934489 0.0283808 0.0160294
31 0.5958825 0.5321939 0.0283808 0.0171743
12 0.2346716 0.4703663 0.0283809 0.0171743
13 0.4513982 0.5321939 0.0283809 0.0171743
4 0.4513982 0.2848836 0.0283809 0.0171743
17 0.4513982 0.4085387 0.0283809 0.0171743
24 0.3791560 0.2848836 0.0283809 0.0171743
24 0.6681247 0.5321939 0.0283808 0.0171743
16 0.3791560 0.3461387 0.0283809 0.0160294
31 0.4513982 0.5934489 0.0283809 0.0160294
8 0.3791560 0.5321939 0.0283809 0.0171743
22 0.3069138 0.5321939 0.0283809 0.0171743
2 0.3069138 0.3461387 0.0283809 0.0160294
2 0.5958825 0.4703663 0.0283808 0.0171743
18 0.2346716 0.5934489 0.0283809 0.0160294
6 0.3069138 0.4703663 0.0283809 0.0171743
24 0.6681247 0.4703663 0.0283808 0.0171743
3 0.6681247 0.5934489 0.0283808 0.0160294
24 0.3069138 0.5934489 0.0283809 0.0160294
2 0.6681247 0.2848836 0.0283808 0.0171743
2 0.3069138 0.4085387 0.0283809 0.0171743
28 0.5236404 0.3461387 0.0283809 0.0160294
15 0.5958825 0.3461387 0.0283808 0.0160294
