23 0.6371227 0.4370702 0.0244266 0.0162155
7 0.6371227 0.3635211 0.0244266 0.0173738
32 0.6272357 0.3061875 0.3978053 0.5073149
33 0.7644902 0.1087054 0.0139581 0.0196903
27 0.7941511 0.2152647 0.0244266 0.0173738
34 0.6894655 0.2893929 0.0453638 0.0451719
23 0.6894655 0.2893929 0.0244266 0.0173738
26 0.7418083 0.3635211 0.0244266 0.0173738
31 0.4800943 0.5111983 0.0244266 0.0162155
11 0.5847799 0.2893929 0.0244266 0.0173738
28 0.4800943 0.2893929 0.0244266 0.0173738
5 0.6894655 0.2152647 0.0244266 0.0173738
27 0.7941511 0.4370702 0.0244266 0.0162155
29 0.7941511 0.2893929 0.0244266 0.0173738
9 0.4800943 0.2152647 0.0244266 0.0173738
26 0.5324371 0.2893929 0.0244266 0.0173738
17 0.5324371 0.4370702 0.0244266 0.0162155
31 0.5847799 0.5111983 0.0244266 0.0162155
11 0.6894655 0.3635211 0.0244266 0.0173738
22 0.7941511 0.3635211 0.0244266 0.0173738
12 0.4800943 0.3635211 0.0244266 0.0173738
5 0.6371227 0.2152647 0.0244266 0.0173738
20 0.7941511 0.5111983 0.0244266 0.0162155
13 0.5847799 0.3635211 0.0244266 0.0173738
4 0.6371227 0.5111983 0.0244266 0.0162155
18 0.5324371 0.2152647 0.0244266 0.0173738
12 0.7418083 0.5111983 0.0244266 0.0162155
3 0.5847799 0.2152647 0.0244266 0.0173738
24 0.7418083 0.2152647 0.0244266 0.0173738
17 0.6371227 0.2893929 0.0244266 0.0173738
17 0.5324371 0.3635211 0.0244266 0.0173738
14 0.7418083 0.4370702 0.0244266 0.0162155
23 0.4800943 0.4370702 0.0244266 0.0162155
8 0.6894655 0.4370702 0.0244266 0.0162155
18 0.6894655 0.5111983 0.0244266 0.0162155
26 0.7418083 0.2893929 0.0244266 0.0173738
24 0.5847799 0.4370702 0.0244266 0.0162155
10 0.5324371 0.5111983 0.0244266 0.0162155
