27 0.3159323 0.1288197 0.0256016 0.0154825
28 0.4805973 0.1288197 0.0244379 0.0154825
32 0.4829247 0.1877197 0.4340640 0.3732172
33 0.6673728 0.0063530 0.0093098 0.0104838
25 0.4259029 0.0812663 0.0244379 0.0154825
24 0.6452623 0.0812663 0.0256017 0.0154825
31 0.4259029 0.1288197 0.0244379 0.0154825
26 0.5347099 0.1288197 0.0256016 0.0154825
10 0.5347099 0.2261385 0.0256016 0.0154825
20 0.5894043 0.2261385 0.0256016 0.0154825
5 0.6452623 0.2261385 0.0256017 0.0154825
12 0.3159323 0.2753508 0.0256016 0.0165884
35 0.4805973 0.2753508 0.0453847 0.0431298
30 0.4805973 0.2753508 0.0244379 0.0165884
2 0.3159323 0.3240101 0.0256016 0.0165884
8 0.3717904 0.3240101 0.0256016 0.0165884
20 0.6452623 0.1774791 0.0256017 0.0154825
13 0.6452623 0.1288197 0.0256017 0.0154825
20 0.3717904 0.1774791 0.0256016 0.0154825
10 0.4259029 0.2261385 0.0244379 0.0154825
28 0.4805973 0.2261385 0.0244379 0.0154825
5 0.5894043 0.1288197 0.0256016 0.0154825
15 0.5894043 0.1774791 0.0256016 0.0154825
14 0.5347099 0.2753508 0.0256016 0.0165884
7 0.3717904 0.0812663 0.0256016 0.0154825
11 0.4259029 0.1774791 0.0244379 0.0154825
26 0.5347099 0.3240101 0.0256016 0.0165884
11 0.4259029 0.3240101 0.0244379 0.0165884
24 0.3159323 0.1774791 0.0256016 0.0154825
2 0.4805973 0.1774791 0.0244379 0.0154825
10 0.3159323 0.2261385 0.0256016 0.0154825
11 0.4805973 0.0812663 0.0244379 0.0154825
2 0.3717904 0.2753508 0.0256016 0.0165884
24 0.6452623 0.3240101 0.0256017 0.0165884
10 0.3159323 0.0812663 0.0256016 0.0154825
22 0.5347099 0.1774791 0.0256016 0.0154825
13 0.4259029 0.2753508 0.0244379 0.0165884
5 0.5894043 0.3240101 0.0256016 0.0165884
26 0.5347099 0.0812663 0.0256016 0.0154825
3 0.4805973 0.3240101 0.0244379 0.0165884
4 0.3717904 0.1288197 0.0256016 0.0154825
30 0.6452623 0.2753508 0.0256017 0.0165884
1 0.5894043 0.2753508 0.0256016 0.0165884
2 0.5894043 0.0812663 0.0256016 0.0154825
15 0.3717904 0.2261385 0.0256016 0.0154825
