15 0.4908989 0.4062094 0.0244409 0.0156097
1 0.5997190 0.4062094 0.0256047 0.0156097
32 0.4932267 0.3465580 0.4341161 0.4181167
33 0.6776969 0.1837713 0.0093108 0.0122648
13 0.3262142 0.2601472 0.0256047 0.0156097
31 0.5997190 0.2601472 0.0256047 0.0156097
27 0.5450180 0.3080913 0.0256047 0.0156097
7 0.5997190 0.3080913 0.0256047 0.0156097
5 0.4908989 0.3571503 0.0244409 0.0156097
35 0.5450180 0.3571503 0.0465540 0.0445991
11 0.5450180 0.3571503 0.0256047 0.0156097
1 0.3262142 0.4062094 0.0256047 0.0156097
28 0.3262142 0.4558259 0.0256047 0.0167247
11 0.5997190 0.4558259 0.0256047 0.0167247
10 0.3262142 0.5048849 0.0256047 0.0167247
15 0.5450180 0.5048849 0.0256047 0.0167247
19 0.5450180 0.4558259 0.0256047 0.0167247
5 0.5997190 0.3571503 0.0256047 0.0156097
4 0.4908989 0.2601472 0.0244409 0.0156097
3 0.5450180 0.4062094 0.0256047 0.0156097
23 0.4361980 0.3571503 0.0244409 0.0156097
18 0.3820790 0.4558259 0.0256047 0.0167247
10 0.3820790 0.3571503 0.0256047 0.0156097
21 0.3262142 0.3080913 0.0256047 0.0156097
17 0.6555838 0.3080913 0.0256047 0.0156097
2 0.4908989 0.4558259 0.0244409 0.0167247
15 0.6555838 0.4558259 0.0256047 0.0167247
5 0.4361980 0.5048849 0.0244409 0.0167247
11 0.5997190 0.5048849 0.0256047 0.0167247
16 0.4361980 0.3080913 0.0244409 0.0156097
27 0.3820790 0.2601472 0.0256047 0.0156097
12 0.4361980 0.4062094 0.0244409 0.0156097
7 0.6555838 0.3571503 0.0256047 0.0156097
4 0.5450180 0.2601472 0.0256047 0.0156097
2 0.3262142 0.3571503 0.0256047 0.0156097
8 0.6555838 0.5048849 0.0256047 0.0167247
16 0.3820790 0.4062094 0.0256047 0.0156097
28 0.4361980 0.2601472 0.0244409 0.0156097
14 0.3820790 0.5048849 0.0256047 0.0167247
9 0.4908989 0.3080913 0.0244409 0.0156097
2 0.4361980 0.4558259 0.0244409 0.0167247
2 0.6555838 0.4062094 0.0256047 0.0156097
11 0.3820790 0.3080913 0.0256047 0.0156097
7 0.4908989 0.5048849 0.0244409 0.0167247
16 0.6555838 0.2601472 0.0256047 0.0156097
