14 0.3940754 0.6442205 0.0277595 0.0171791
7 0.5353964 0.3968415 0.0277595 0.0171791
32 0.6060569 0.5497354 0.5097651 0.5085012
33 0.6836572 0.3075102 0.0113561 0.0148885
34 0.6767174 0.3974141 0.0656133 0.0618448
14 0.6767174 0.3968415 0.0277594 0.0171791
3 0.8180384 0.3968415 0.0277596 0.0171791
28 0.3940754 0.4586863 0.0277595 0.0171791
4 0.6060569 0.4586863 0.0277595 0.0171791
17 0.7473779 0.4586863 0.0277595 0.0171791
5 0.8180384 0.4586863 0.0277596 0.0171791
10 0.4647359 0.5823758 0.0277595 0.0171791
26 0.6767174 0.5823758 0.0277594 0.0171791
15 0.8180384 0.5823758 0.0277596 0.0171791
29 0.7473779 0.6442205 0.0277595 0.0171791
30 0.6767174 0.7060653 0.0277594 0.0171791
15 0.6767174 0.5205310 0.0277594 0.0171791
1 0.6060569 0.7060653 0.0277595 0.0171791
21 0.5353964 0.6442205 0.0277595 0.0171791
23 0.6060569 0.5823758 0.0277595 0.0171791
24 0.4647359 0.5205310 0.0277595 0.0171791
14 0.6767174 0.6442205 0.0277594 0.0171791
23 0.7473779 0.7060653 0.0277595 0.0171791
13 0.5353964 0.4586863 0.0277595 0.0171791
30 0.4647359 0.6442205 0.0277595 0.0171791
27 0.3940754 0.5823758 0.0277595 0.0171791
29 0.8180384 0.5205310 0.0277596 0.0171791
11 0.7473779 0.5823758 0.0277595 0.0171791
14 0.3940754 0.7060653 0.0277595 0.0171791
2 0.7473779 0.3968415 0.0277595 0.0171791
21 0.3940754 0.3968415 0.0277595 0.0171791
24 0.7473779 0.5205310 0.0277595 0.0171791
17 0.5353964 0.7060653 0.0277595 0.0171791
26 0.6060569 0.5205310 0.0277595 0.0171791
10 0.6060569 0.3968415 0.0277595 0.0171791
17 0.4647359 0.3968415 0.0277595 0.0171791
27 0.3940754 0.5205310 0.0277595 0.0171791
30 0.5353964 0.5823758 0.0277595 0.0171791
23 0.4647359 0.7060653 0.0277595 0.0171791
29 0.6767174 0.4586863 0.0277594 0.0171791
16 0.6060569 0.6442205 0.0277595 0.0171791
20 0.4647359 0.4586863 0.0277595 0.0171791
16 0.5353964 0.5205310 0.0277595 0.0171791
24 0.8180384 0.6442205 0.0277596 0.0171791
9 0.8180384 0.7060653 0.0277596 0.0171791
