26 0.5232167 0.2734597 0.0261315 0.0173251
21 0.4567002 0.4605705 0.0261315 0.0173251
32 0.5226228 0.4120603 0.4763058 0.5024272
33 0.5962661 0.1735517 0.0106902 0.0138601
15 0.3901837 0.2734597 0.0261315 0.0173251
34 0.5897333 0.2740372 0.0617653 0.0623703
17 0.5897333 0.2734597 0.0261315 0.0173251
12 0.6562498 0.2734597 0.0261315 0.0173251
18 0.5232167 0.3358299 0.0261315 0.0173251
14 0.6562498 0.3982002 0.0261315 0.0173251
25 0.5232167 0.4605705 0.0261315 0.0173251
4 0.3236671 0.5229408 0.0261315 0.0173250
22 0.3901837 0.5229408 0.0261315 0.0173250
27 0.4567002 0.5229408 0.0261315 0.0173250
5 0.5232167 0.5229408 0.0261315 0.0173250
20 0.6562498 0.5853111 0.0261315 0.0173250
2 0.7227663 0.2734597 0.0261315 0.0173251
1 0.7227663 0.5853111 0.0261315 0.0173250
3 0.6562498 0.5229408 0.0261315 0.0173250
7 0.4567002 0.2734597 0.0261315 0.0173251
29 0.3236671 0.5853111 0.0261315 0.0173250
18 0.5232167 0.3982002 0.0261315 0.0173251
1 0.3901837 0.3982002 0.0261315 0.0173251
28 0.6562498 0.4605705 0.0261315 0.0173251
6 0.5897333 0.4605705 0.0261315 0.0173251
3 0.3236671 0.2734597 0.0261315 0.0173251
24 0.6562498 0.3358299 0.0261315 0.0173251
17 0.5897333 0.3358299 0.0261315 0.0173251
6 0.4567002 0.3982002 0.0261315 0.0173251
30 0.3236671 0.3358299 0.0261315 0.0173251
19 0.3236671 0.4605705 0.0261315 0.0173251
27 0.3901837 0.4605705 0.0261315 0.0173251
28 0.5232167 0.5853111 0.0261315 0.0173250
27 0.5897333 0.5853111 0.0261315 0.0173250
25 0.3901837 0.5853111 0.0261315 0.0173250
21 0.4567002 0.3358299 0.0261315 0.0173251
20 0.3901837 0.3358299 0.0261315 0.0173251
21 0.3236671 0.3982002 0.0261315 0.0173251
20 0.7227663 0.3358299 0.0261315 0.0173251
13 0.5897333 0.5229408 0.0261315 0.0173250
2 0.7227663 0.5229408 0.0261315 0.0173250
2 0.7227663 0.3982002 0.0261315 0.0173251
7 0.7227663 0.4605705 0.0261315 0.0173251
3 0.5897333 0.3982002 0.0261315 0.0173251
23 0.4567002 0.5853111 0.0261315 0.0173250
