7 0.6401096 0.3910016 0.0254572 0.0172215
31 0.5793595 0.3910016 0.0243001 0.0172215
32 0.5134023 0.4759612 0.4177289 0.3937989
33 0.7089597 0.2934130 0.0104143 0.0149253
15 0.6991239 0.3910016 0.0254572 0.0172215
34 0.6401096 0.4507029 0.0509144 0.0516646
9 0.6401096 0.4507029 0.0254572 0.0172215
23 0.3994236 0.5706795 0.0254572 0.0160734
25 0.5191880 0.6292327 0.0243000 0.0160734
14 0.5191880 0.5706795 0.0243000 0.0160734
27 0.6401096 0.6292327 0.0254572 0.0160734
15 0.3392521 0.5706795 0.0254572 0.0160734
10 0.3392521 0.6292327 0.0254572 0.0160734
10 0.5793595 0.6292327 0.0243001 0.0160734
22 0.3994236 0.5109782 0.0254572 0.0160735
26 0.4584380 0.6292327 0.0254572 0.0160734
14 0.5191880 0.5109782 0.0243000 0.0160735
11 0.6991239 0.5706795 0.0254572 0.0160734
9 0.3392521 0.5109782 0.0254572 0.0160735
31 0.5793595 0.5706795 0.0243001 0.0160734
14 0.6991239 0.4507029 0.0254572 0.0172215
17 0.6401096 0.5109782 0.0254572 0.0160735
10 0.3994236 0.6292327 0.0254572 0.0160734
2 0.4584380 0.5706795 0.0254572 0.0160734
18 0.5793595 0.4507029 0.0243001 0.0172215
6 0.5191880 0.3910016 0.0243000 0.0172215
6 0.6401096 0.5706795 0.0254572 0.0160734
28 0.4584380 0.4507029 0.0254572 0.0172215
17 0.4584380 0.3910016 0.0254572 0.0172215
18 0.5191880 0.4507029 0.0243000 0.0172215
17 0.6991239 0.6292327 0.0254572 0.0160734
26 0.5793595 0.5109782 0.0243001 0.0160735
16 0.6991239 0.5109782 0.0254572 0.0160735
12 0.4584380 0.5109782 0.0254572 0.0160735
18 0.3392521 0.3910016 0.0254572 0.0172215
25 0.3994236 0.4507029 0.0254572 0.0172215
6 0.3392521 0.4507029 0.0254572 0.0172215
10 0.3994236 0.3910016 0.0254572 0.0172215
