30 0.5276829 0.3718502 0.0265125 0.0160883
18 0.5951694 0.2560146 0.0265126 0.0160883
32 0.5270803 0.3847209 0.4832517 0.4665603
33 0.6017976 0.1632388 0.0108461 0.0128707
19 0.3252233 0.3139324 0.0265126 0.0160883
14 0.4601964 0.3139324 0.0265126 0.0160883
2 0.5951694 0.3139324 0.0265126 0.0160883
8 0.7301425 0.3139324 0.0265125 0.0160883
1 0.3927098 0.3718502 0.0265125 0.0160883
13 0.6626559 0.3718502 0.0265125 0.0160883
15 0.3927098 0.4297681 0.0265125 0.0160883
34 0.6626559 0.4303043 0.0626660 0.0579178
27 0.6626559 0.4297681 0.0265125 0.0160883
20 0.6626559 0.4876859 0.0265125 0.0160883
24 0.7301425 0.4876859 0.0265125 0.0160883
23 0.5276829 0.5456037 0.0265125 0.0160883
25 0.7301425 0.3718502 0.0265125 0.0160883
5 0.7301425 0.4297681 0.0265125 0.0160883
13 0.3252233 0.5456037 0.0265126 0.0160883
17 0.6626559 0.5456037 0.0265125 0.0160883
14 0.4601964 0.3718502 0.0265126 0.0160883
4 0.4601964 0.4876859 0.0265126 0.0160883
21 0.5951694 0.3718502 0.0265126 0.0160883
7 0.4601964 0.4297681 0.0265126 0.0160883
19 0.6626559 0.3139324 0.0265125 0.0160883
4 0.3252233 0.4297681 0.0265126 0.0160883
16 0.4601964 0.5456037 0.0265126 0.0160883
1 0.3252233 0.4876859 0.0265126 0.0160883
31 0.7301425 0.5456037 0.0265125 0.0160883
20 0.3252233 0.3718502 0.0265126 0.0160883
1 0.5951694 0.4297681 0.0265126 0.0160883
28 0.3927098 0.3139324 0.0265125 0.0160883
3 0.5276829 0.3139324 0.0265125 0.0160883
7 0.4601964 0.2560146 0.0265126 0.0160883
6 0.7301425 0.2560146 0.0265125 0.0160883
19 0.3927098 0.4876859 0.0265125 0.0160883
1 0.3927098 0.5456037 0.0265125 0.0160883
13 0.6626559 0.2560146 0.0265125 0.0160883
7 0.5951694 0.5456037 0.0265126 0.0160883
16 0.5276829 0.4876859 0.0265125 0.0160883
27 0.3252233 0.2560146 0.0265126 0.0160883
29 0.3927098 0.2560146 0.0265125 0.0160883
25 0.5276829 0.4297681 0.0265125 0.0160883
19 0.5276829 0.2560146 0.0265125 0.0160883
13 0.5951694 0.4876859 0.0265126 0.0160883
