1 0.7260391 0.4345558 0.0237248 0.0173090
31 0.6694229 0.6739971 0.0226465 0.0161551
32 0.6079538 0.5199469 0.3893037 0.3957994
33 0.7902041 0.3364714 0.0097057 0.0150011
13 0.5567297 0.4345558 0.0237249 0.0173090
1 0.6694229 0.4345558 0.0226465 0.0173090
17 0.4456541 0.4945603 0.0237249 0.0173090
34 0.7260391 0.6739971 0.0474497 0.0507731
27 0.7260391 0.6739971 0.0237248 0.0161551
4 0.4456541 0.6739971 0.0237249 0.0161551
9 0.5017311 0.6739971 0.0237249 0.0161551
6 0.6694229 0.4945603 0.0226465 0.0173090
31 0.5017311 0.5551419 0.0237249 0.0161551
23 0.7810376 0.5551419 0.0237248 0.0161551
22 0.7260391 0.5551419 0.0237248 0.0161551
2 0.4456541 0.5551419 0.0237249 0.0161551
9 0.7810376 0.4345558 0.0237248 0.0173090
9 0.5567297 0.6151465 0.0237249 0.0161551
17 0.7260391 0.6151465 0.0237248 0.0161551
27 0.4456541 0.4345558 0.0237249 0.0173090
8 0.7810376 0.6151465 0.0237248 0.0161551
21 0.6133459 0.4345558 0.0226465 0.0173090
9 0.5567297 0.6739971 0.0237249 0.0161551
3 0.5017311 0.4345558 0.0237249 0.0173090
4 0.5017311 0.6151465 0.0237249 0.0161551
18 0.5567297 0.4945603 0.0237249 0.0173090
19 0.5017311 0.4945603 0.0237249 0.0173090
20 0.7810376 0.6739971 0.0237248 0.0161551
30 0.6133459 0.6151465 0.0226465 0.0161551
28 0.6133459 0.6739971 0.0226465 0.0161551
19 0.6694229 0.5551419 0.0226465 0.0161551
10 0.6694229 0.6151465 0.0226465 0.0161551
29 0.7810376 0.4945603 0.0237248 0.0173090
5 0.6133459 0.4945603 0.0226465 0.0173090
23 0.7260391 0.4945603 0.0237248 0.0173090
2 0.6133459 0.5551419 0.0226465 0.0161551
15 0.4456541 0.6151465 0.0237249 0.0161551
18 0.5567297 0.5551419 0.0237249 0.0161551
