28 0.3338639 0.2935430 0.0265752 0.0173919
25 0.4691560 0.4813749 0.0265752 0.0173918
32 0.4697600 0.4129670 0.4892260 0.5113203
33 0.5416339 0.1857135 0.0096637 0.0127540
29 0.3338639 0.3555739 0.0265752 0.0162324
34 0.2662178 0.4807952 0.0628142 0.0626107
15 0.2662178 0.4813749 0.0265752 0.0173918
23 0.4015100 0.4813749 0.0265752 0.0173918
17 0.4015100 0.5439855 0.0265752 0.0173919
31 0.4015100 0.4187642 0.0265752 0.0173919
26 0.4691560 0.3555739 0.0265752 0.0162324
1 0.6720942 0.2935430 0.0265752 0.0173919
4 0.5368021 0.5439855 0.0265753 0.0173919
31 0.3338639 0.5439855 0.0265752 0.0173919
21 0.4691560 0.4187642 0.0265752 0.0173919
24 0.2662178 0.2935430 0.0265752 0.0173919
20 0.6720942 0.3555739 0.0265752 0.0162324
16 0.2662178 0.3555739 0.0265752 0.0162324
10 0.4015100 0.3555739 0.0265752 0.0162324
20 0.6044481 0.3555739 0.0265752 0.0162324
25 0.5368021 0.4813749 0.0265753 0.0173918
10 0.6720942 0.4813749 0.0265752 0.0173918
30 0.5368021 0.3555739 0.0265753 0.0162324
28 0.6044481 0.4813749 0.0265752 0.0173918
30 0.6044481 0.4187642 0.0265752 0.0173919
30 0.6044481 0.5439855 0.0265752 0.0173919
19 0.5368021 0.4187642 0.0265753 0.0173919
19 0.6044481 0.2935430 0.0265752 0.0173919
18 0.5368021 0.2935430 0.0265753 0.0173919
6 0.3338639 0.4813749 0.0265752 0.0173918
30 0.6720942 0.4187642 0.0265752 0.0173919
13 0.2662178 0.4187642 0.0265752 0.0173919
9 0.4691560 0.5439855 0.0265752 0.0173919
21 0.4015100 0.2935430 0.0265752 0.0173919
25 0.6720942 0.5439855 0.0265752 0.0173919
12 0.3338639 0.4187642 0.0265752 0.0173919
22 0.4691560 0.2935430 0.0265752 0.0173919
7 0.2662178 0.5439855 0.0265752 0.0173919
