3 0.2307615 0.4165734 0.0267443 0.0171957
26 0.3669141 0.4165734 0.0267443 0.0171957
32 0.3669141 0.5696153 0.4911222 0.5089934
33 0.4416766 0.3271556 0.0109409 0.0149030
4 0.5030669 0.4165734 0.0267443 0.0171957
5 0.1626851 0.4784779 0.0267443 0.0171957
17 0.2307615 0.4784779 0.0267443 0.0171957
7 0.5030669 0.4784779 0.0267443 0.0171957
13 0.2307615 0.5403825 0.0267443 0.0171957
12 0.2988378 0.5403825 0.0267443 0.0171957
34 0.5030669 0.6028603 0.0632138 0.0619046
14 0.5030669 0.6022872 0.0267443 0.0171957
10 0.1626851 0.6641918 0.0267443 0.0171957
16 0.2988378 0.6641918 0.0267443 0.0171957
6 0.5711432 0.6641918 0.0267443 0.0171957
9 0.1626851 0.7260963 0.0267443 0.0171958
24 0.3669141 0.4784779 0.0267443 0.0171957
16 0.4349905 0.7260963 0.0267443 0.0171958
1 0.2307615 0.6022872 0.0267443 0.0171957
18 0.2307615 0.6641918 0.0267443 0.0171957
13 0.3669141 0.6641918 0.0267443 0.0171957
13 0.5711432 0.5403825 0.0267443 0.0171957
7 0.4349905 0.6022872 0.0267443 0.0171957
25 0.3669141 0.5403825 0.0267443 0.0171957
11 0.5711432 0.4784779 0.0267443 0.0171957
21 0.4349905 0.5403825 0.0267443 0.0171957
6 0.1626851 0.4165734 0.0267443 0.0171957
22 0.1626851 0.5403825 0.0267443 0.0171957
24 0.3669141 0.6022872 0.0267443 0.0171957
26 0.3669141 0.7260963 0.0267443 0.0171958
24 0.1626851 0.6022872 0.0267443 0.0171957
22 0.5030669 0.5403825 0.0267443 0.0171957
7 0.2988378 0.4784779 0.0267443 0.0171957
30 0.5711432 0.4165734 0.0267443 0.0171957
14 0.4349905 0.4165734 0.0267443 0.0171957
2 0.4349905 0.6641918 0.0267443 0.0171957
12 0.2988378 0.7260963 0.0267443 0.0171958
21 0.5030669 0.7260963 0.0267443 0.0171958
14 0.2988378 0.4165734 0.0267443 0.0171957
12 0.5711432 0.7260963 0.0267443 0.0171958
24 0.4349905 0.4784779 0.0267443 0.0171957
13 0.5711432 0.6022872 0.0267443 0.0171957
3 0.5030669 0.6641918 0.0267443 0.0171957
19 0.2988378 0.6022872 0.0267443 0.0171957
16 0.2307615 0.7260963 0.0267443 0.0171958
