27 0.4335867 0.3623514 0.0268821 0.0168661
29 0.2967322 0.4230695 0.0268821 0.0168661
32 0.2961212 0.4972805 0.4899881 0.4891181
33 0.3718800 0.2650900 0.0109972 0.0134929
25 0.0914504 0.4837876 0.0268821 0.0168661
17 0.1598777 0.4837876 0.0268822 0.0168661
5 0.0914504 0.5445057 0.0268821 0.0168661
34 0.3651595 0.6057860 0.0635396 0.0607181
20 0.3651595 0.6052238 0.0268822 0.0168661
3 0.5020140 0.6052238 0.0268821 0.0168661
28 0.4335867 0.4837876 0.0268821 0.0168661
13 0.2283049 0.4230695 0.0268822 0.0168661
15 0.2283049 0.3623514 0.0268822 0.0168661
14 0.1598777 0.4230695 0.0268822 0.0168661
24 0.2967322 0.5445057 0.0268821 0.0168661
4 0.4335867 0.6052238 0.0268821 0.0168661
21 0.1598777 0.5445057 0.0268822 0.0168661
16 0.2283049 0.6052238 0.0268822 0.0168661
31 0.0914504 0.3623514 0.0268821 0.0168661
17 0.2967322 0.4837876 0.0268821 0.0168661
28 0.3651595 0.3623514 0.0268822 0.0168661
3 0.1598777 0.3623514 0.0268822 0.0168661
30 0.3651595 0.4837876 0.0268822 0.0168661
23 0.3651595 0.4230695 0.0268822 0.0168661
21 0.2967322 0.6052238 0.0268821 0.0168661
13 0.2283049 0.5445057 0.0268822 0.0168661
17 0.5020140 0.4837876 0.0268821 0.0168661
15 0.3651595 0.5445057 0.0268822 0.0168661
5 0.2283049 0.4837876 0.0268822 0.0168661
7 0.1598777 0.6052238 0.0268822 0.0168661
14 0.5020140 0.5445057 0.0268821 0.0168661
7 0.5020140 0.3623514 0.0268821 0.0168661
6 0.5020140 0.4230695 0.0268821 0.0168661
30 0.4335867 0.5445057 0.0268821 0.0168661
13 0.2967322 0.3623514 0.0268821 0.0168661
21 0.0914504 0.4230695 0.0268821 0.0168661
14 0.0914504 0.6052238 0.0268821 0.0168661
28 0.4335867 0.4230695 0.0268821 0.0168661
