12 0.4053257 0.6011679 0.0266989 0.0162355
16 0.3373648 0.4842725 0.0266989 0.0162355
32 0.2687972 0.5178258 0.4866483 0.4794876
33 0.3434328 0.2916115 0.0121358 0.0140707
9 0.1334823 0.4258248 0.0266989 0.0162355
24 0.2014431 0.4258248 0.0266989 0.0162355
15 0.4053257 0.4258248 0.0266989 0.0162355
26 0.1334823 0.4842725 0.0266989 0.0162355
30 0.2694040 0.4842725 0.0266989 0.0162355
34 0.4732865 0.4848136 0.0631065 0.0584477
31 0.4732866 0.4842725 0.0266989 0.0162355
6 0.1334823 0.5427201 0.0266989 0.0162355
28 0.2014431 0.5427201 0.0266989 0.0162355
11 0.0655214 0.6011679 0.0266989 0.0162355
29 0.2694040 0.6011679 0.0266989 0.0162355
10 0.1334823 0.7180633 0.0266989 0.0162355
29 0.3373648 0.6596156 0.0266989 0.0162354
12 0.2014431 0.6596156 0.0266989 0.0162354
27 0.2694040 0.6596156 0.0266989 0.0162354
23 0.4732866 0.4258248 0.0266989 0.0162355
27 0.1334823 0.6596156 0.0266989 0.0162354
30 0.4053257 0.7180633 0.0266989 0.0162355
16 0.2014431 0.6011679 0.0266989 0.0162355
1 0.0655214 0.4842725 0.0266989 0.0162355
14 0.3373648 0.5427201 0.0266989 0.0162355
11 0.4053257 0.4842725 0.0266989 0.0162355
14 0.4053257 0.5427201 0.0266989 0.0162355
3 0.0655214 0.5427201 0.0266989 0.0162355
30 0.1334823 0.6011679 0.0266989 0.0162355
30 0.3373648 0.7180633 0.0266989 0.0162355
26 0.4732866 0.6596156 0.0266989 0.0162354
2 0.3373648 0.6011679 0.0266989 0.0162355
29 0.0655214 0.6596156 0.0266989 0.0162354
21 0.4732866 0.5427201 0.0266989 0.0162355
25 0.0655214 0.7180633 0.0266989 0.0162355
31 0.4053257 0.6596156 0.0266989 0.0162354
18 0.2014431 0.4842725 0.0266989 0.0162355
27 0.2014431 0.7180633 0.0266989 0.0162355
4 0.4732866 0.7180633 0.0266989 0.0162355
19 0.2694040 0.4258248 0.0266989 0.0162355
27 0.2694040 0.7180633 0.0266989 0.0162355
6 0.2694040 0.5427201 0.0266989 0.0162355
21 0.4732866 0.6011679 0.0266989 0.0162355
7 0.3373648 0.4258248 0.0266989 0.0162355
7 0.0655214 0.4258248 0.0266989 0.0162355
