30 0.5492579 0.4193887 0.0266464 0.0174908
4 0.4814306 0.3564217 0.0266465 0.0174908
32 0.4129977 0.4963483 0.4856919 0.5072342
33 0.4880922 0.2555579 0.0109008 0.0139926
6 0.2779487 0.4823557 0.0266464 0.0174908
17 0.4814306 0.4823557 0.0266465 0.0174908
11 0.4814306 0.5453226 0.0266465 0.0174908
34 0.6170852 0.6088727 0.0629826 0.0629670
27 0.6170852 0.6082897 0.0266465 0.0174908
28 0.3457761 0.4193887 0.0266465 0.0174908
24 0.5492579 0.5453226 0.0266464 0.0174908
16 0.6170852 0.4193887 0.0266465 0.0174908
27 0.5492579 0.4823557 0.0266464 0.0174908
25 0.3457761 0.6082897 0.0266465 0.0174908
19 0.3457761 0.4823557 0.0266465 0.0174908
23 0.6170852 0.3564217 0.0266465 0.0174908
4 0.2101214 0.4823557 0.0266464 0.0174908
24 0.5492579 0.3564217 0.0266464 0.0174908
4 0.4136033 0.3564217 0.0266464 0.0174908
4 0.2101214 0.5453226 0.0266464 0.0174908
6 0.4136033 0.4823557 0.0266464 0.0174908
13 0.6170852 0.4823557 0.0266465 0.0174908
29 0.2101214 0.6082897 0.0266464 0.0174908
5 0.2779487 0.6082897 0.0266464 0.0174908
20 0.2779487 0.4193887 0.0266464 0.0174908
7 0.3457761 0.3564217 0.0266465 0.0174908
6 0.4136033 0.5453226 0.0266464 0.0174908
7 0.5492579 0.6082897 0.0266464 0.0174908
14 0.4814306 0.6082897 0.0266465 0.0174908
28 0.2101214 0.4193887 0.0266464 0.0174908
24 0.2779487 0.5453226 0.0266464 0.0174908
1 0.3457761 0.5453226 0.0266465 0.0174908
2 0.4136033 0.4193887 0.0266464 0.0174908
28 0.2101214 0.3564217 0.0266464 0.0174908
14 0.2779487 0.3564217 0.0266464 0.0174908
29 0.4136033 0.6082897 0.0266464 0.0174908
5 0.4814306 0.4193887 0.0266465 0.0174908
5 0.6170852 0.5453226 0.0266465 0.0174908
