20 0.3743605 0.5537008 0.0286893 0.0165550
10 0.3013332 0.4941027 0.0286893 0.0165550
32 0.3006811 0.3495223 0.5229284 0.4889249
33 0.3808809 0.1188557 0.0130406 0.0143477
8 0.2283057 0.2557105 0.0286893 0.0165550
14 0.1552783 0.3153086 0.0286893 0.0165550
23 0.3013332 0.3153086 0.0286893 0.0165550
34 0.3743606 0.3158604 0.0678112 0.0595980
23 0.3743605 0.3153086 0.0286893 0.0165550
4 0.4473880 0.3749066 0.0286893 0.0165550
11 0.5204153 0.3749066 0.0286893 0.0165550
18 0.1552783 0.4345047 0.0286893 0.0165550
20 0.3743605 0.4345047 0.0286893 0.0165550
15 0.4473880 0.4345047 0.0286893 0.0165550
6 0.5204153 0.4941027 0.0286893 0.0165550
12 0.4473880 0.5537008 0.0286893 0.0165550
30 0.2283057 0.3153086 0.0286893 0.0165550
3 0.3013332 0.2557105 0.0286893 0.0165550
28 0.1552783 0.4941027 0.0286893 0.0165550
23 0.3013332 0.4345047 0.0286893 0.0165550
24 0.0822509 0.4345047 0.0286893 0.0165550
2 0.3013332 0.5537008 0.0286893 0.0165550
21 0.0822509 0.3153086 0.0286893 0.0165550
8 0.5204153 0.5537008 0.0286893 0.0165550
31 0.3013332 0.3749066 0.0286893 0.0165550
14 0.1552783 0.5537008 0.0286893 0.0165550
12 0.0822509 0.2557105 0.0286893 0.0165550
2 0.2283057 0.4941027 0.0286893 0.0165550
11 0.4473880 0.3153086 0.0286893 0.0165550
7 0.2283057 0.3749066 0.0286893 0.0165550
31 0.0822509 0.3749066 0.0286893 0.0165550
4 0.5204153 0.2557105 0.0286893 0.0165550
3 0.5204153 0.4345047 0.0286893 0.0165550
15 0.1552783 0.2557105 0.0286893 0.0165550
6 0.3743605 0.4941027 0.0286893 0.0165550
15 0.2283057 0.5537008 0.0286893 0.0165550
30 0.4473880 0.4941027 0.0286893 0.0165550
2 0.5204153 0.3153086 0.0286893 0.0165550
30 0.0822509 0.4941027 0.0286893 0.0165550
19 0.0822509 0.5537008 0.0286893 0.0165550
3 0.3743605 0.3749066 0.0286893 0.0165550
6 0.4473880 0.2557105 0.0286893 0.0165550
19 0.2283057 0.4345047 0.0286893 0.0165550
31 0.3743605 0.2557105 0.0286893 0.0165550
27 0.1552783 0.3749066 0.0286893 0.0165550
