31 0.6474430 0.3530584 0.0286900 0.0164899
31 0.5013850 0.3530584 0.0286900 0.0164899
32 0.5020370 0.3475618 0.5281561 0.4848040
33 0.5796304 0.1320933 0.0104327 0.0120926
13 0.4283560 0.2343309 0.0286900 0.0164899
5 0.5013850 0.2343309 0.0286900 0.0164899
31 0.6474430 0.2343309 0.0286900 0.0164899
20 0.4283560 0.2931450 0.0286900 0.0153906
24 0.2822980 0.3530584 0.0286900 0.0164899
27 0.3553270 0.4124221 0.0286900 0.0164899
4 0.4283560 0.4124221 0.0286900 0.0164899
19 0.7204720 0.4124221 0.0286900 0.0164899
34 0.3553270 0.4712363 0.0678126 0.0593638
7 0.3553270 0.4717860 0.0286900 0.0164899
21 0.5013850 0.4717860 0.0286900 0.0164899
26 0.5744140 0.4717860 0.0286900 0.0164899
26 0.2822980 0.4717860 0.0286900 0.0164899
5 0.3553270 0.2931450 0.0286900 0.0153906
9 0.5744140 0.3530584 0.0286900 0.0164899
30 0.4283560 0.4717860 0.0286900 0.0164899
25 0.7204720 0.2343309 0.0286900 0.0164899
15 0.3553270 0.3530584 0.0286900 0.0164899
26 0.5744140 0.2343309 0.0286900 0.0164899
20 0.3553270 0.5306000 0.0286900 0.0153906
17 0.7204720 0.4717860 0.0286900 0.0164899
7 0.4283560 0.3530584 0.0286900 0.0164899
16 0.3553270 0.2343309 0.0286900 0.0164899
5 0.7204720 0.5306000 0.0286900 0.0153906
30 0.6474430 0.4717860 0.0286900 0.0164899
2 0.2822980 0.2343309 0.0286900 0.0164899
9 0.5744140 0.5306000 0.0286900 0.0153906
17 0.2822980 0.4124221 0.0286900 0.0164899
25 0.7204720 0.3530584 0.0286900 0.0164899
9 0.5744140 0.2931450 0.0286900 0.0153906
24 0.2822980 0.2931450 0.0286900 0.0153906
29 0.5013850 0.5306000 0.0286900 0.0153906
9 0.5013850 0.2931450 0.0286900 0.0153906
26 0.6474430 0.2931450 0.0286900 0.0153906
22 0.5013850 0.4124221 0.0286900 0.0164899
16 0.7204720 0.2931450 0.0286900 0.0153906
31 0.6474430 0.5306000 0.0286900 0.0153906
4 0.5744140 0.4124221 0.0286900 0.0164899
27 0.6474430 0.4124221 0.0286900 0.0164899
3 0.2822980 0.5306000 0.0286900 0.0153906
30 0.4283560 0.5306000 0.0286900 0.0153906
