9 0.3862199 0.3818668 0.0270667 0.0167959
12 0.5929112 0.4417723 0.0270667 0.0156762
32 0.5935264 0.4971988 0.4982737 0.4938003
33 0.6667296 0.2777320 0.0098425 0.0123170
17 0.4551170 0.3818668 0.0270667 0.0167959
8 0.6618083 0.3818668 0.0270667 0.0167959
2 0.3862199 0.5027974 0.0270667 0.0167959
24 0.5929112 0.5027974 0.0270667 0.0167959
11 0.7996025 0.5027974 0.0270667 0.0167959
34 0.5240141 0.5627029 0.0639759 0.0604653
14 0.5240141 0.5632628 0.0270667 0.0167959
27 0.5929112 0.5632628 0.0270667 0.0167959
16 0.6618083 0.5632628 0.0270667 0.0167959
9 0.7307054 0.5632628 0.0270667 0.0167959
21 0.7307054 0.6237282 0.0270667 0.0167959
15 0.7307054 0.6836336 0.0270667 0.0156762
14 0.4551170 0.6237282 0.0270667 0.0167959
16 0.6618083 0.5027974 0.0270667 0.0167959
26 0.7996025 0.4417723 0.0270667 0.0156762
26 0.4551170 0.5632628 0.0270667 0.0167959
26 0.5240141 0.4417723 0.0270667 0.0156762
27 0.5240141 0.3818668 0.0270667 0.0167959
27 0.6618083 0.4417723 0.0270667 0.0156762
10 0.7307054 0.5027974 0.0270667 0.0167959
21 0.5929112 0.6237282 0.0270667 0.0167959
9 0.5240141 0.6836336 0.0270667 0.0156762
2 0.3862199 0.6237282 0.0270667 0.0167959
26 0.7996025 0.5632628 0.0270667 0.0167959
28 0.3862199 0.6836336 0.0270667 0.0156762
2 0.7307054 0.3818668 0.0270667 0.0167959
7 0.6618083 0.6237282 0.0270667 0.0167959
22 0.5929112 0.6836336 0.0270667 0.0156762
28 0.4551170 0.5027974 0.0270667 0.0167959
24 0.7307054 0.4417723 0.0270667 0.0156762
31 0.7996025 0.3818668 0.0270667 0.0167959
28 0.5240141 0.6237282 0.0270667 0.0167959
2 0.5240141 0.5027974 0.0270667 0.0167959
13 0.6618083 0.6836336 0.0270667 0.0156762
17 0.5929112 0.3818668 0.0270667 0.0167959
6 0.4551170 0.6836336 0.0270667 0.0156762
13 0.7996025 0.6836336 0.0270667 0.0156762
15 0.4551170 0.4417723 0.0270667 0.0156762
7 0.7996025 0.6237282 0.0270667 0.0167959
2 0.3862199 0.4417723 0.0270667 0.0156762
10 0.3862199 0.5632628 0.0270667 0.0167959
