12 0.7608832 0.5154679 0.0237042 0.0153199
1 0.6084988 0.3059136 0.0237042 0.0164142
32 0.6496990 0.3217806 0.3860406 0.4792938
33 0.7828944 0.1352062 0.0135453 0.0186027
34 0.7100884 0.3059136 0.0440221 0.0426768
17 0.7100884 0.3059136 0.0237042 0.0164142
25 0.5069092 0.4454341 0.0237043 0.0153199
31 0.5577040 0.4454341 0.0237042 0.0153199
17 0.7100884 0.4454341 0.0237042 0.0153199
16 0.5577040 0.2358798 0.0237042 0.0164142
15 0.6592936 0.4454341 0.0237042 0.0153199
14 0.6084988 0.4454341 0.0237042 0.0153199
14 0.7100884 0.2358798 0.0237042 0.0164142
4 0.6084988 0.3759474 0.0237042 0.0164142
15 0.6592936 0.5154679 0.0237042 0.0153199
20 0.5069092 0.3759474 0.0237043 0.0164142
27 0.5577040 0.3059136 0.0237042 0.0164142
3 0.6592936 0.2358798 0.0237042 0.0164142
6 0.8116781 0.5154679 0.0237042 0.0153199
16 0.5577040 0.5154679 0.0237042 0.0153199
15 0.7100884 0.5154679 0.0237042 0.0153199
13 0.7608832 0.3759474 0.0237042 0.0164142
13 0.7608832 0.3059136 0.0237042 0.0164142
18 0.8116781 0.3059136 0.0237042 0.0164142
31 0.7608832 0.4454341 0.0237042 0.0153199
24 0.7100884 0.3759474 0.0237042 0.0164142
6 0.6084988 0.5154679 0.0237042 0.0153199
9 0.6084988 0.2358798 0.0237042 0.0164142
15 0.5069092 0.3059136 0.0237043 0.0164142
16 0.8116781 0.3759474 0.0237042 0.0164142
6 0.6592936 0.3759474 0.0237042 0.0164142
25 0.8116781 0.2358798 0.0237042 0.0164142
20 0.5577040 0.3759474 0.0237042 0.0164142
7 0.7608832 0.2358798 0.0237042 0.0164142
25 0.5069092 0.2358798 0.0237043 0.0164142
1 0.8116781 0.4454341 0.0237042 0.0153199
22 0.5069092 0.5154679 0.0237043 0.0153199
9 0.6592936 0.3059136 0.0237042 0.0164142
