2 0.1737730 0.3264149 0.0243511 0.0172021
12 0.3824969 0.3264149 0.0243511 0.0172021
32 0.3204595 0.2696479 0.3965755 0.5023024
33 0.4572897 0.0741170 0.0139149 0.0194958
7 0.1737730 0.1796234 0.0243511 0.0172021
34 0.4346779 0.1796234 0.0452235 0.0447255
17 0.4346779 0.1796234 0.0243511 0.0172021
2 0.1737730 0.3992373 0.0243511 0.0160553
20 0.4346779 0.3992373 0.0243511 0.0160553
28 0.3303159 0.4726331 0.0243511 0.0160553
10 0.1737730 0.4726331 0.0243511 0.0160553
18 0.4346779 0.4726331 0.0243511 0.0160553
9 0.2259540 0.1796234 0.0243511 0.0172021
26 0.4868589 0.2530192 0.0243511 0.0172021
7 0.3824969 0.2530192 0.0243511 0.0172021
26 0.2781350 0.4726331 0.0243511 0.0160553
18 0.2259540 0.3992373 0.0243511 0.0160553
4 0.3303159 0.2530192 0.0243511 0.0172021
21 0.3824969 0.1796234 0.0243511 0.0172021
28 0.2259540 0.3264149 0.0243511 0.0172021
7 0.1737730 0.2530192 0.0243511 0.0172021
20 0.4868589 0.1796234 0.0243511 0.0172021
11 0.4346779 0.3264149 0.0243511 0.0172021
22 0.4868589 0.4726331 0.0243511 0.0160553
1 0.3303159 0.3992373 0.0243511 0.0160553
20 0.2259540 0.4726331 0.0243511 0.0160553
28 0.3303159 0.3264149 0.0243511 0.0172021
2 0.4868589 0.3992373 0.0243511 0.0160553
13 0.2781350 0.3992373 0.0243511 0.0160553
2 0.4868589 0.3264149 0.0243511 0.0172021
21 0.2781350 0.1796234 0.0243511 0.0172021
15 0.2781350 0.2530192 0.0243511 0.0172021
31 0.4346779 0.2530192 0.0243511 0.0172021
31 0.2781350 0.3264149 0.0243511 0.0172021
22 0.3303159 0.1796234 0.0243511 0.0172021
6 0.2259540 0.2530192 0.0243511 0.0172021
15 0.3824969 0.4726331 0.0243511 0.0160553
20 0.3824969 0.3992373 0.0243511 0.0160553
