30 0.3750378 0.4347255 0.0224882 0.0165975
22 0.5196052 0.5758042 0.0224883 0.0154910
32 0.4623137 0.3799537 0.3662372 0.4846471
33 0.5886762 0.1912954 0.0128505 0.0188105
20 0.3268488 0.2930935 0.0224882 0.0165975
28 0.5196052 0.2930935 0.0224883 0.0165975
34 0.5677943 0.4347255 0.0417639 0.0431535
13 0.5677943 0.4347255 0.0224883 0.0165975
15 0.3268488 0.5049882 0.0224882 0.0154911
20 0.3750378 0.2930935 0.0224882 0.0165975
13 0.3268488 0.3639094 0.0224882 0.0165975
19 0.5677943 0.5758042 0.0224883 0.0154910
5 0.4232270 0.5758042 0.0224883 0.0154910
10 0.6159834 0.3639094 0.0224882 0.0165975
7 0.3750378 0.5758042 0.0224882 0.0154910
31 0.3750378 0.3639094 0.0224882 0.0165975
20 0.4232270 0.5049882 0.0224883 0.0154911
16 0.4714161 0.3639094 0.0224882 0.0165975
24 0.5196052 0.3639094 0.0224883 0.0165975
23 0.3268488 0.4347255 0.0224882 0.0165975
15 0.4232270 0.3639094 0.0224883 0.0165975
22 0.4714161 0.4347255 0.0224882 0.0165975
23 0.4232270 0.4347255 0.0224883 0.0165975
27 0.5677943 0.5049882 0.0224883 0.0154911
16 0.3268488 0.5758042 0.0224882 0.0154910
2 0.4232270 0.2930935 0.0224883 0.0165975
4 0.4714161 0.5758042 0.0224882 0.0154910
11 0.4714161 0.2930935 0.0224882 0.0165975
19 0.5196052 0.5049882 0.0224883 0.0154911
19 0.6159834 0.5049882 0.0224882 0.0154911
17 0.4714161 0.5049882 0.0224882 0.0154911
13 0.6159834 0.4347255 0.0224882 0.0165975
18 0.6159834 0.2930935 0.0224882 0.0165975
8 0.6159834 0.5758042 0.0224882 0.0154910
12 0.5196052 0.4347255 0.0224883 0.0165975
1 0.3750378 0.5049882 0.0224882 0.0154911
23 0.5677943 0.3639094 0.0224883 0.0165975
25 0.5677943 0.2930935 0.0224883 0.0165975
