11 0.5473351 0.2282903 0.0239800 0.0171185
13 0.6501066 0.1552513 0.0239800 0.0171185
32 0.6917862 0.2479399 0.3905317 0.4936575
33 0.8265310 0.0502577 0.0137029 0.0194010
21 0.8042638 0.1552513 0.0239800 0.0171185
34 0.6501066 0.3013293 0.0445343 0.0445081
1 0.6501066 0.3013293 0.0239800 0.0171185
4 0.5473351 0.4468368 0.0239800 0.0159772
31 0.7014924 0.4468368 0.0239800 0.0159772
28 0.6501066 0.2282903 0.0239800 0.0171185
26 0.7528781 0.1552513 0.0239800 0.0171185
28 0.8042638 0.4468368 0.0239800 0.0159772
25 0.7528781 0.3737977 0.0239800 0.0159773
1 0.7014924 0.3737977 0.0239800 0.0159773
4 0.8556495 0.2282903 0.0239800 0.0171185
25 0.7014924 0.2282903 0.0239800 0.0171185
9 0.5987208 0.3737977 0.0239800 0.0159773
24 0.5473351 0.3737977 0.0239800 0.0159773
3 0.6501066 0.4468368 0.0239800 0.0159772
30 0.5987208 0.2282903 0.0239800 0.0171185
2 0.5987208 0.1552513 0.0239800 0.0171185
5 0.5987208 0.3013293 0.0239800 0.0171185
21 0.8556495 0.1552513 0.0239800 0.0171185
4 0.8042638 0.2282903 0.0239800 0.0171185
24 0.7528781 0.2282903 0.0239800 0.0171185
30 0.7528781 0.3013293 0.0239800 0.0171185
21 0.5473351 0.3013293 0.0239800 0.0171185
22 0.8042638 0.3013293 0.0239800 0.0171185
29 0.6501066 0.3737977 0.0239800 0.0159773
26 0.5987208 0.4468368 0.0239800 0.0159772
21 0.8556495 0.3013293 0.0239800 0.0171185
7 0.7014924 0.1552513 0.0239800 0.0171185
11 0.8556495 0.3737977 0.0239800 0.0159773
24 0.5473351 0.1552513 0.0239800 0.0171185
10 0.7014924 0.3013293 0.0239800 0.0171185
9 0.8042638 0.3737977 0.0239800 0.0159773
27 0.7528781 0.4468368 0.0239800 0.0159772
27 0.8556495 0.4468368 0.0239800 0.0159772
