23 0.4194645 0.5379021 0.0243795 0.0151466
11 0.3149809 0.5379021 0.0243795 0.0151466
32 0.3051130 0.4156473 0.3970375 0.4738727
33 0.4421026 0.2311831 0.0139311 0.0183923
34 0.3672227 0.3307180 0.0452762 0.0421941
25 0.3672227 0.3307180 0.0243795 0.0162285
3 0.4717062 0.3307180 0.0243795 0.0162285
20 0.3149809 0.3999597 0.0243795 0.0162285
21 0.2627391 0.4692014 0.0243795 0.0162285
7 0.3149809 0.6071438 0.0243795 0.0151466
21 0.3149809 0.4692014 0.0243795 0.0162285
19 0.3672227 0.4692014 0.0243795 0.0162285
21 0.1582555 0.3307180 0.0243795 0.0162285
27 0.4194645 0.4692014 0.0243795 0.0162285
3 0.1582555 0.6071438 0.0243795 0.0151466
15 0.1582555 0.5379021 0.0243795 0.0151466
28 0.2627391 0.5379021 0.0243795 0.0151466
6 0.1582555 0.4692014 0.0243795 0.0162285
20 0.2104973 0.3307180 0.0243795 0.0162285
18 0.2627391 0.6071438 0.0243795 0.0151466
16 0.2104973 0.6071438 0.0243795 0.0151466
21 0.4717062 0.3999597 0.0243795 0.0162285
7 0.4194645 0.6071438 0.0243795 0.0151466
8 0.3149809 0.3307180 0.0243795 0.0162285
18 0.4717062 0.6071438 0.0243795 0.0151466
12 0.2104973 0.4692014 0.0243795 0.0162285
29 0.3672227 0.6071438 0.0243795 0.0151466
20 0.4194645 0.3999597 0.0243795 0.0162285
30 0.1582555 0.3999597 0.0243795 0.0162285
21 0.2627391 0.3307180 0.0243795 0.0162285
8 0.2627391 0.3999597 0.0243795 0.0162285
18 0.4717062 0.4692014 0.0243795 0.0162285
1 0.3672227 0.3999597 0.0243795 0.0162285
28 0.2104973 0.3999597 0.0243795 0.0162285
16 0.3672227 0.5379021 0.0243795 0.0151466
5 0.4717062 0.5379021 0.0243795 0.0151466
21 0.4194645 0.3307180 0.0243795 0.0162285
19 0.2104973 0.5379021 0.0243795 0.0151466
