30 0.6837067 0.4518022 0.0254837 0.0150058
23 0.5035830 0.4518022 0.0243254 0.0150058
32 0.4977912 0.3633747 0.4181653 0.3676438
33 0.6935528 0.1929509 0.0104252 0.0139340
24 0.3234591 0.2840580 0.0254837 0.0160777
15 0.5638173 0.3960661 0.0243254 0.0150058
19 0.4427694 0.5064664 0.0254838 0.0150058
34 0.6837067 0.5064664 0.0509675 0.0471613
14 0.6837067 0.5064664 0.0254837 0.0150058
26 0.5035830 0.5064664 0.0243254 0.0150058
20 0.3234591 0.3960661 0.0254837 0.0150058
8 0.6246308 0.3397941 0.0254838 0.0160777
17 0.5035830 0.3960661 0.0243254 0.0150058
21 0.6246308 0.2840580 0.0254838 0.0160777
3 0.6837067 0.3397941 0.0254837 0.0160777
10 0.3234591 0.4518022 0.0254837 0.0150058
22 0.6837067 0.2840580 0.0254837 0.0160777
31 0.4427694 0.3960661 0.0254838 0.0150058
8 0.3234591 0.5064664 0.0254837 0.0150058
7 0.5638173 0.2840580 0.0243254 0.0160777
17 0.3836935 0.3960661 0.0254837 0.0150058
6 0.3836935 0.4518022 0.0254837 0.0150058
11 0.6246308 0.5064664 0.0254838 0.0150058
14 0.3836935 0.2840580 0.0254837 0.0160777
22 0.3836935 0.5064664 0.0254837 0.0150058
10 0.6246308 0.4518022 0.0254838 0.0150058
24 0.4427694 0.3397941 0.0254838 0.0160777
13 0.6837067 0.3960661 0.0254837 0.0150058
26 0.5035830 0.2840580 0.0243254 0.0160777
30 0.5638173 0.3397941 0.0243254 0.0160777
25 0.5638173 0.5064664 0.0243254 0.0150058
9 0.3836935 0.3397941 0.0254837 0.0160777
8 0.4427694 0.2840580 0.0254838 0.0160777
11 0.6246308 0.3960661 0.0254838 0.0150058
19 0.5638173 0.4518022 0.0243254 0.0150058
2 0.3234591 0.3397941 0.0254837 0.0160777
30 0.5035830 0.3397941 0.0243254 0.0160777
5 0.4427694 0.4518022 0.0254838 0.0150058
