6 0.4200761 0.3822352 0.0239219 0.0171108
16 0.5225987 0.3822352 0.0239219 0.0171108
32 0.5129160 0.3257696 0.3895861 0.4996353
33 0.6473347 0.1312769 0.0136697 0.0193922
13 0.5738600 0.2362231 0.0239219 0.0171108
28 0.6763827 0.2362231 0.0239220 0.0171108
18 0.4713374 0.3092292 0.0239219 0.0171108
34 0.3688147 0.5276770 0.0444265 0.0456288
23 0.3688148 0.5276770 0.0239219 0.0159701
13 0.5738600 0.3822352 0.0239219 0.0171108
22 0.6251214 0.3822352 0.0239220 0.0171108
14 0.6763827 0.4546709 0.0239220 0.0159701
21 0.4713374 0.5276770 0.0239219 0.0159701
1 0.3688148 0.4546709 0.0239219 0.0159701
9 0.5738600 0.4546709 0.0239219 0.0159701
21 0.3688148 0.3822352 0.0239219 0.0171108
17 0.5225987 0.2362231 0.0239219 0.0171108
20 0.5738600 0.3092292 0.0239219 0.0171108
6 0.6251214 0.5276770 0.0239220 0.0159701
30 0.6251214 0.4546709 0.0239220 0.0159701
4 0.6251214 0.2362231 0.0239220 0.0171108
19 0.4713374 0.3822352 0.0239219 0.0171108
14 0.5225987 0.4546709 0.0239219 0.0159701
18 0.6763827 0.3092292 0.0239220 0.0171108
25 0.4713374 0.2362231 0.0239219 0.0171108
20 0.4200761 0.4546709 0.0239219 0.0159701
31 0.4200761 0.2362231 0.0239219 0.0171108
30 0.4200761 0.5276770 0.0239219 0.0159701
13 0.5225987 0.3092292 0.0239219 0.0171108
20 0.6763827 0.5276770 0.0239220 0.0159701
12 0.6251214 0.3092292 0.0239220 0.0171108
17 0.3688148 0.2362231 0.0239219 0.0171108
15 0.4200761 0.3092292 0.0239219 0.0171108
20 0.5225987 0.5276770 0.0239219 0.0159701
9 0.6763827 0.3822352 0.0239220 0.0171108
7 0.5738600 0.5276770 0.0239219 0.0159701
4 0.4713374 0.4546709 0.0239219 0.0159701
29 0.3688148 0.3092292 0.0239219 0.0171108
