14 0.4561481 0.6507128 0.0264768 0.0159523
1 0.5909389 0.4209996 0.0264767 0.0159523
32 0.6589362 0.5305387 0.4874134 0.4689977
33 0.7305437 0.3220953 0.0096278 0.0116983
31 0.4561481 0.4209996 0.0264768 0.0159523
34 0.7257298 0.4778962 0.0625815 0.0574283
15 0.7257298 0.4778961 0.0264768 0.0148888
6 0.8605206 0.5358562 0.0264767 0.0159524
23 0.7931252 0.5932844 0.0264768 0.0159523
9 0.7931252 0.5358562 0.0264768 0.0159524
9 0.5235435 0.6507128 0.0264768 0.0159523
10 0.5235435 0.4209996 0.0264768 0.0159523
12 0.6583344 0.4778961 0.0264767 0.0148888
21 0.7257298 0.4209996 0.0264768 0.0159523
21 0.7257298 0.5932844 0.0264768 0.0159523
28 0.5909389 0.5358562 0.0264767 0.0159524
12 0.6583344 0.5358562 0.0264767 0.0159524
29 0.8605206 0.5932844 0.0264767 0.0159523
15 0.4561481 0.4778961 0.0264768 0.0148888
13 0.7257298 0.5358562 0.0264768 0.0159524
4 0.5909389 0.4778961 0.0264767 0.0148888
7 0.8605206 0.6507128 0.0264767 0.0159523
1 0.7257298 0.6507128 0.0264768 0.0159523
21 0.5235435 0.5932844 0.0264768 0.0159523
30 0.5235435 0.5358562 0.0264768 0.0159524
26 0.6583344 0.4209996 0.0264767 0.0159523
24 0.5235435 0.4778961 0.0264768 0.0148888
4 0.8605206 0.4778961 0.0264767 0.0148888
25 0.5909389 0.5932844 0.0264767 0.0159523
18 0.6583344 0.5932844 0.0264767 0.0159523
24 0.6583344 0.6507128 0.0264767 0.0159523
16 0.4561481 0.5932844 0.0264768 0.0159523
17 0.8605206 0.4209996 0.0264767 0.0159523
15 0.4561481 0.5358562 0.0264768 0.0159524
1 0.7931252 0.4778961 0.0264768 0.0148888
8 0.7931252 0.6507128 0.0264768 0.0159523
17 0.5909389 0.6507128 0.0264767 0.0159523
24 0.7931252 0.4209996 0.0264768 0.0159523
