16 0.3318472 0.4981600 0.0281631 0.0171154
15 0.4035351 0.5592050 0.0281631 0.0159744
32 0.4758631 0.3692239 0.5184571 0.5031932
33 0.5520314 0.1455825 0.0102412 0.0125513
9 0.4035351 0.2516981 0.0281631 0.0171154
19 0.4752230 0.2516981 0.0281631 0.0171154
14 0.5469109 0.2516981 0.0281631 0.0171154
24 0.6902867 0.2516981 0.0281631 0.0171154
29 0.3318472 0.3127431 0.0281631 0.0159744
22 0.4035351 0.3127431 0.0281631 0.0159744
25 0.6902867 0.3127431 0.0281631 0.0159744
34 0.6185988 0.3743586 0.0665674 0.0616155
29 0.6185988 0.3749290 0.0281631 0.0171154
31 0.4035351 0.4981600 0.0281631 0.0171154
12 0.4752230 0.4981600 0.0281631 0.0171154
20 0.4752230 0.5592050 0.0281631 0.0159744
15 0.2601593 0.4981600 0.0281631 0.0171154
28 0.2601593 0.3127431 0.0281631 0.0159744
18 0.5469109 0.3127431 0.0281631 0.0159744
10 0.6185988 0.4981600 0.0281631 0.0171154
11 0.2601593 0.5592050 0.0281631 0.0159744
20 0.4752230 0.3749290 0.0281631 0.0171154
18 0.2601593 0.2516981 0.0281631 0.0171154
12 0.4752230 0.4365446 0.0281631 0.0171154
25 0.3318472 0.4365446 0.0281631 0.0171154
21 0.5469109 0.3749290 0.0281631 0.0171154
13 0.6185988 0.3127431 0.0281631 0.0159744
22 0.6185988 0.4365446 0.0281631 0.0171154
11 0.5469109 0.4981600 0.0281631 0.0171154
17 0.6902867 0.5592050 0.0281631 0.0159744
18 0.6185988 0.5592050 0.0281631 0.0159744
9 0.6902867 0.4981600 0.0281631 0.0171154
29 0.5469109 0.5592050 0.0281631 0.0159744
18 0.6902867 0.3749290 0.0281631 0.0171154
1 0.3318472 0.5592050 0.0281631 0.0159744
11 0.3318472 0.3749290 0.0281631 0.0171154
28 0.2601593 0.4365446 0.0281631 0.0171154
28 0.5469109 0.4365446 0.0281631 0.0171154
1 0.4752230 0.3127431 0.0281631 0.0159744
30 0.2601593 0.3749290 0.0281631 0.0171154
5 0.6902867 0.4365446 0.0281631 0.0171154
20 0.4035351 0.3749290 0.0281631 0.0171154
31 0.6185988 0.2516981 0.0281631 0.0171154
3 0.3318472 0.2516981 0.0281631 0.0171154
10 0.4035351 0.4365446 0.0281631 0.0171154
