2 0.4229033 0.4920075 0.0235789 0.0160306
22 0.6755344 0.5652903 0.0235789 0.0160306
32 0.5649382 0.3626178 0.3839993 0.5015285
33 0.6974291 0.1673881 0.0134737 0.0194657
34 0.5239558 0.3460147 0.0437894 0.0446566
18 0.5239558 0.3460147 0.0235789 0.0171756
11 0.4734295 0.4192974 0.0235789 0.0171756
19 0.6755344 0.4192974 0.0235789 0.0171756
27 0.4229033 0.5652903 0.0235789 0.0160306
29 0.4734295 0.4920075 0.0235789 0.0160306
29 0.5744820 0.3460147 0.0235789 0.0171756
23 0.5744820 0.4920075 0.0235789 0.0160306
8 0.6250082 0.4920075 0.0235790 0.0160306
6 0.4734295 0.3460147 0.0235789 0.0171756
15 0.5239558 0.2727320 0.0235789 0.0171756
27 0.5239558 0.5652903 0.0235789 0.0160306
29 0.4734295 0.5652903 0.0235789 0.0160306
20 0.5744820 0.5652903 0.0235789 0.0160306
2 0.6250082 0.4192974 0.0235790 0.0171756
12 0.5744820 0.4192974 0.0235789 0.0171756
20 0.6755344 0.3460147 0.0235789 0.0171756
9 0.5239558 0.4192974 0.0235789 0.0171756
9 0.4734295 0.2727320 0.0235789 0.0171756
15 0.7260607 0.4920075 0.0235790 0.0160306
30 0.6250082 0.2727320 0.0235790 0.0171756
28 0.4229033 0.2727320 0.0235789 0.0171756
29 0.7260607 0.2727320 0.0235790 0.0171756
12 0.6755344 0.2727320 0.0235789 0.0171756
30 0.5744820 0.2727320 0.0235789 0.0171756
27 0.7260607 0.4192974 0.0235790 0.0171756
2 0.4229033 0.3460147 0.0235789 0.0171756
16 0.6755344 0.4920075 0.0235789 0.0160306
20 0.5239558 0.4920075 0.0235789 0.0160306
9 0.6250082 0.5652903 0.0235790 0.0160306
22 0.6250082 0.3460147 0.0235790 0.0171756
25 0.7260607 0.3460147 0.0235790 0.0171756
7 0.7260607 0.5652903 0.0235790 0.0160306
28 0.4229033 0.4192974 0.0235789 0.0171756
