24 0.4188605 0.2155414 0.0243581 0.0150615
30 0.4188605 0.2634155 0.0243581 0.0161373
32 0.4240801 0.1594278 0.4384465 0.3166334
33 0.6050262 0.0050473 0.0092794 0.0078723
35 0.3649246 0.1208690 0.0463965 0.0430329
16 0.3643447 0.1208690 0.0243581 0.0150615
11 0.4727964 0.1208690 0.0255181 0.0150615
16 0.3104088 0.1682052 0.0255181 0.0150615
20 0.3104088 0.2634155 0.0255181 0.0161373
11 0.5273122 0.1208690 0.0255181 0.0150615
30 0.2547330 0.2155414 0.0255181 0.0150615
7 0.5273122 0.2155414 0.0255181 0.0150615
3 0.3104088 0.0746086 0.0255181 0.0150615
13 0.4727964 0.0746086 0.0255181 0.0150615
18 0.3104088 0.1208690 0.0255181 0.0150615
14 0.4188605 0.1208690 0.0243581 0.0150615
1 0.2547330 0.0746086 0.0255181 0.0150615
9 0.4188605 0.1682052 0.0243581 0.0150615
27 0.4727964 0.2634155 0.0255181 0.0161373
26 0.5829879 0.0746086 0.0255180 0.0150615
2 0.3643447 0.1682052 0.0243581 0.0150615
17 0.4727964 0.2155414 0.0255181 0.0150615
12 0.4727964 0.1682052 0.0255181 0.0150615
18 0.5829879 0.1208690 0.0255180 0.0150615
24 0.2547330 0.2634155 0.0255181 0.0161373
6 0.2547330 0.1208690 0.0255181 0.0150615
29 0.3643447 0.2634155 0.0243581 0.0161373
9 0.3643447 0.2155414 0.0243581 0.0150615
14 0.5273122 0.0746086 0.0255181 0.0150615
1 0.5273122 0.1682052 0.0255181 0.0150615
20 0.5829879 0.1682052 0.0255180 0.0150615
15 0.2547330 0.1682052 0.0255181 0.0150615
16 0.5273122 0.2634155 0.0255181 0.0161373
17 0.3104088 0.2155414 0.0255181 0.0150615
30 0.5829879 0.2155414 0.0255180 0.0150615
6 0.5829879 0.2634155 0.0255180 0.0161373
17 0.3643447 0.0746086 0.0243581 0.0150615
20 0.4188605 0.0746086 0.0243581 0.0150615
