27 0.4211395 0.3000186 0.0268192 0.0172721
1 0.5576736 0.4865575 0.0268192 0.0172721
32 0.6253311 0.2735347 0.4888407 0.5101033
33 0.7003029 0.0328766 0.0121906 0.0149691
8 0.4211395 0.1756594 0.0268192 0.0172721
5 0.6259406 0.1756594 0.0268192 0.0172721
27 0.7624747 0.1756594 0.0268192 0.0172721
16 0.7624747 0.2378390 0.0268192 0.0172721
29 0.8307417 0.2378390 0.0268192 0.0172721
25 0.6259406 0.3000186 0.0268192 0.0172721
14 0.6942076 0.4243779 0.0268192 0.0172721
34 0.6259406 0.4871332 0.0633908 0.0621796
29 0.6259406 0.4865575 0.0268192 0.0172721
2 0.6942076 0.4865575 0.0268192 0.0172721
20 0.8307417 0.4865575 0.0268192 0.0172721
30 0.4211395 0.4865575 0.0268192 0.0172721
4 0.7624747 0.3000186 0.0268192 0.0172721
13 0.5576736 0.1756594 0.0268192 0.0172721
18 0.5576736 0.3000186 0.0268192 0.0172721
29 0.5576736 0.3621983 0.0268192 0.0172721
19 0.4894066 0.4243779 0.0268192 0.0172721
6 0.8307417 0.4243779 0.0268192 0.0172721
8 0.7624747 0.4865575 0.0268192 0.0172721
5 0.7624747 0.4243779 0.0268192 0.0172721
23 0.6259406 0.2378390 0.0268192 0.0172721
11 0.6942076 0.3000186 0.0268192 0.0172721
1 0.6259406 0.3621983 0.0268192 0.0172721
15 0.8307417 0.1756594 0.0268192 0.0172721
12 0.6942076 0.1756594 0.0268192 0.0172721
1 0.8307417 0.3000186 0.0268192 0.0172721
2 0.4894066 0.3000186 0.0268192 0.0172721
16 0.4211395 0.3621983 0.0268192 0.0172721
10 0.5576736 0.4243779 0.0268192 0.0172721
11 0.6942076 0.3621983 0.0268192 0.0172721
10 0.4211395 0.4243779 0.0268192 0.0172721
26 0.6259406 0.4243779 0.0268192 0.0172721
31 0.4894066 0.2378390 0.0268192 0.0172721
13 0.5576736 0.2378390 0.0268192 0.0172721
31 0.8307417 0.3621983 0.0268192 0.0172721
28 0.4894066 0.4865575 0.0268192 0.0172721
25 0.7624747 0.3621983 0.0268192 0.0172721
12 0.6942076 0.2378390 0.0268192 0.0172721
5 0.4894066 0.3621983 0.0268192 0.0172721
1 0.4211395 0.2378390 0.0268192 0.0172721
24 0.4894066 0.1756594 0.0268192 0.0172721
