27 0.4173617 0.7468126 0.0273303 0.0168902
29 0.6260658 0.7468126 0.0273303 0.0168902
32 0.4863086 0.5385008 0.4981567 0.4988223
33 0.5627092 0.3031647 0.0124229 0.0146381
18 0.3477937 0.4427899 0.0273303 0.0168902
22 0.5564977 0.4427899 0.0273303 0.0168902
20 0.6956338 0.5035945 0.0273303 0.0168901
4 0.4173617 0.5643990 0.0273303 0.0168902
31 0.5564977 0.5643990 0.0273303 0.0168902
11 0.2782257 0.6252035 0.0273303 0.0168901
17 0.5564977 0.6252035 0.0273303 0.0168901
10 0.6956338 0.6252035 0.0273303 0.0168901
34 0.3477937 0.6865710 0.0645989 0.0608046
30 0.3477937 0.6860080 0.0273303 0.0168902
25 0.6260658 0.6860080 0.0273303 0.0168902
16 0.4869297 0.4427899 0.0273303 0.0168902
8 0.2782257 0.7468126 0.0273303 0.0168902
28 0.6956338 0.6860080 0.0273303 0.0168902
19 0.5564977 0.6860080 0.0273303 0.0168902
21 0.6260658 0.5643990 0.0273303 0.0168902
14 0.6260658 0.5035945 0.0273303 0.0168901
5 0.3477937 0.5035945 0.0273303 0.0168901
28 0.5564977 0.7468126 0.0273303 0.0168902
3 0.3477937 0.6252035 0.0273303 0.0168901
24 0.3477937 0.5643990 0.0273303 0.0168902
21 0.6260658 0.6252035 0.0273303 0.0168901
9 0.2782257 0.4427899 0.0273303 0.0168902
6 0.4173617 0.5035945 0.0273303 0.0168901
25 0.4173617 0.4427899 0.0273303 0.0168902
6 0.2782257 0.5035945 0.0273303 0.0168901
8 0.4173617 0.6860080 0.0273303 0.0168902
24 0.4869297 0.5643990 0.0273303 0.0168902
19 0.2782257 0.5643990 0.0273303 0.0168902
11 0.6956338 0.7468126 0.0273303 0.0168902
5 0.6260658 0.4427899 0.0273303 0.0168902
15 0.4869297 0.7468126 0.0273303 0.0168902
4 0.6956338 0.5643990 0.0273303 0.0168902
5 0.5564977 0.5035945 0.0273303 0.0168901
30 0.6956338 0.4427899 0.0273303 0.0168902
21 0.4173617 0.6252035 0.0273303 0.0168901
25 0.4869297 0.5035945 0.0273303 0.0168901
9 0.4869297 0.6252035 0.0273303 0.0168901
25 0.4869297 0.6860080 0.0273303 0.0168902
15 0.2782257 0.6860080 0.0273303 0.0168902
28 0.3477937 0.7468126 0.0273303 0.0168902
