18 0.5545815 0.5718452 0.0268664 0.0174665
10 0.4861944 0.5718452 0.0268664 0.0174665
32 0.4171966 0.3564250 0.4897009 0.5158440
33 0.4923004 0.1130584 0.0122120 0.0151376
27 0.4861944 0.2574481 0.0268664 0.0174665
11 0.3494201 0.3203276 0.0268664 0.0174665
10 0.4178072 0.3203276 0.0268664 0.0174665
16 0.5545815 0.3203276 0.0268664 0.0174665
34 0.3494201 0.3837892 0.0635024 0.0628794
18 0.3494201 0.3832069 0.0268664 0.0174665
25 0.2810329 0.4460864 0.0268664 0.0174665
24 0.6229687 0.4460864 0.0268664 0.0174665
23 0.2126458 0.5089657 0.0268664 0.0174665
19 0.4861944 0.5089657 0.0268664 0.0174665
22 0.3494201 0.5718452 0.0268664 0.0174665
30 0.2126458 0.3203276 0.0268664 0.0174665
23 0.4178072 0.2574481 0.0268664 0.0174665
29 0.2810329 0.5089657 0.0268664 0.0174665
25 0.2810329 0.3832069 0.0268664 0.0174665
4 0.4861944 0.4460864 0.0268664 0.0174665
4 0.6229687 0.3203276 0.0268664 0.0174665
17 0.4178072 0.4460864 0.0268664 0.0174665
11 0.5545815 0.2574481 0.0268664 0.0174665
31 0.5545815 0.5089657 0.0268664 0.0174665
13 0.2126458 0.2574481 0.0268664 0.0174665
31 0.4861944 0.3832069 0.0268664 0.0174665
21 0.2810329 0.2574481 0.0268664 0.0174665
24 0.6229687 0.5089657 0.0268664 0.0174665
29 0.3494201 0.2574481 0.0268664 0.0174665
14 0.2810329 0.5718452 0.0268664 0.0174665
28 0.2126458 0.5718452 0.0268664 0.0174665
30 0.5545815 0.3832069 0.0268664 0.0174665
20 0.4178072 0.5718452 0.0268664 0.0174665
26 0.5545815 0.4460864 0.0268664 0.0174665
26 0.2126458 0.4460864 0.0268664 0.0174665
20 0.3494201 0.4460864 0.0268664 0.0174665
14 0.3494201 0.5089657 0.0268664 0.0174665
6 0.6229687 0.3832069 0.0268664 0.0174665
29 0.2126458 0.3832069 0.0268664 0.0174665
9 0.4178072 0.5089657 0.0268664 0.0174665
9 0.2810329 0.3203276 0.0268664 0.0174665
13 0.4178072 0.3832069 0.0268664 0.0174665
4 0.6229687 0.2574481 0.0268664 0.0174665
6 0.4861944 0.3203276 0.0268664 0.0174665
15 0.6229687 0.5718452 0.0268664 0.0174665
