2 0.3489269 0.5056741 0.0266555 0.0153737
15 0.4167775 0.5056741 0.0266556 0.0153737
32 0.4173833 0.3228376 0.4907048 0.4842696
33 0.4894745 0.1076067 0.0096930 0.0120793
12 0.2132259 0.2097315 0.0266556 0.0164718
11 0.3489269 0.2097315 0.0266555 0.0164718
2 0.4167775 0.2097315 0.0266556 0.0164718
6 0.2132259 0.3876265 0.0266556 0.0164717
7 0.2810764 0.3876265 0.0266556 0.0164717
8 0.4846280 0.3876265 0.0266556 0.0164717
27 0.5524786 0.4469248 0.0266556 0.0164718
34 0.6203291 0.4463758 0.0630041 0.0592983
25 0.6203291 0.4469248 0.0266555 0.0164718
30 0.2132259 0.5056741 0.0266556 0.0153737
10 0.2810764 0.5056741 0.0266556 0.0153737
31 0.6203291 0.2684808 0.0266555 0.0153736
24 0.5524786 0.2097315 0.0266556 0.0164718
29 0.2810764 0.4469248 0.0266556 0.0164718
2 0.5524786 0.2684808 0.0266556 0.0153736
2 0.4167775 0.2684808 0.0266556 0.0153736
13 0.2132259 0.3283282 0.0266556 0.0164718
19 0.5524786 0.5056741 0.0266556 0.0153737
10 0.4846280 0.2097315 0.0266556 0.0164718
24 0.5524786 0.3283282 0.0266556 0.0164718
11 0.2810764 0.3283282 0.0266556 0.0164718
11 0.4167775 0.3876265 0.0266556 0.0164717
12 0.3489269 0.3283282 0.0266555 0.0164718
5 0.2810764 0.2684808 0.0266556 0.0153736
16 0.2132259 0.2684808 0.0266556 0.0153736
28 0.6203291 0.2097315 0.0266555 0.0164718
12 0.5524786 0.3876265 0.0266556 0.0164717
25 0.6203291 0.3876265 0.0266555 0.0164717
14 0.3489269 0.4469248 0.0266555 0.0164718
12 0.4167775 0.3283282 0.0266556 0.0164718
9 0.2132259 0.4469248 0.0266556 0.0164718
22 0.6203291 0.5056741 0.0266555 0.0153737
1 0.3489269 0.3876265 0.0266555 0.0164717
16 0.4846280 0.4469248 0.0266556 0.0164718
27 0.2810764 0.2097315 0.0266556 0.0164718
27 0.4846280 0.2684808 0.0266556 0.0153736
6 0.4846280 0.5056741 0.0266556 0.0153737
26 0.6203291 0.3283282 0.0266555 0.0164718
1 0.4846280 0.3283282 0.0266556 0.0164718
29 0.3489269 0.2684808 0.0266555 0.0153736
3 0.4167775 0.4469248 0.0266556 0.0164718
