1 0.4268063 0.3667269 0.0270740 0.0158629
25 0.3578906 0.3667269 0.0270740 0.0158629
32 0.2889749 0.3365873 0.4971774 0.4695426
33 0.3646591 0.1129201 0.0110757 0.0137479
9 0.1511436 0.1954073 0.0270740 0.0158629
34 0.2200592 0.2530426 0.0639931 0.0571065
11 0.2200592 0.2525138 0.0270740 0.0158629
2 0.0822279 0.4238334 0.0270740 0.0158629
7 0.2200592 0.4238334 0.0270740 0.0158629
28 0.2889749 0.4238334 0.0270740 0.0158629
26 0.4268063 0.4238334 0.0270740 0.0158629
24 0.4957220 0.4238334 0.0270741 0.0158629
8 0.0822279 0.4809400 0.0270740 0.0158630
21 0.1511436 0.4809400 0.0270740 0.0158630
6 0.3578906 0.4809400 0.0270740 0.0158630
3 0.4957220 0.2525138 0.0270741 0.0158629
30 0.0822279 0.3667269 0.0270740 0.0158629
25 0.3578906 0.4238334 0.0270740 0.0158629
14 0.4957220 0.4809400 0.0270741 0.0158630
31 0.2200592 0.3667269 0.0270740 0.0158629
29 0.3578906 0.3096204 0.0270740 0.0158629
10 0.2889749 0.4809400 0.0270740 0.0158630
3 0.4957220 0.3096204 0.0270741 0.0158629
27 0.4268063 0.4809400 0.0270740 0.0158630
17 0.4957220 0.1954073 0.0270741 0.0158629
7 0.2889749 0.3667269 0.0270740 0.0158629
15 0.4268063 0.1954073 0.0270740 0.0158629
30 0.3578906 0.1954073 0.0270740 0.0158629
14 0.4268063 0.3096204 0.0270740 0.0158629
25 0.2889749 0.3096204 0.0270740 0.0158629
23 0.1511436 0.2525138 0.0270740 0.0158629
24 0.0822279 0.1954073 0.0270740 0.0158629
25 0.2889749 0.1954073 0.0270740 0.0158629
10 0.0822279 0.2525138 0.0270740 0.0158629
23 0.0822279 0.3096204 0.0270740 0.0158629
14 0.2200592 0.4809400 0.0270740 0.0158630
30 0.3578906 0.2525138 0.0270740 0.0158629
5 0.2889749 0.2525138 0.0270740 0.0158629
4 0.4268063 0.2525138 0.0270740 0.0158629
20 0.1511436 0.4238334 0.0270740 0.0158629
26 0.2200592 0.1954073 0.0270740 0.0158629
10 0.4957220 0.3667269 0.0270741 0.0158629
6 0.2200592 0.3096204 0.0270740 0.0158629
3 0.1511436 0.3096204 0.0270740 0.0158629
14 0.1511436 0.3667269 0.0270740 0.0158629
