17 0.2754494 0.4642081 0.0284421 0.0166361
21 0.2754494 0.4043183 0.0284421 0.0166361
32 0.3472011 0.3788096 0.5184217 0.4913188
33 0.4267096 0.1470136 0.0129282 0.0144180
34 0.3478475 0.2850930 0.0672268 0.0598899
21 0.3478474 0.2845385 0.0284421 0.0166361
8 0.4202455 0.2845385 0.0284421 0.0166361
29 0.1306533 0.3444284 0.0284421 0.0166361
4 0.3478474 0.3444284 0.0284421 0.0166361
10 0.1306533 0.4642081 0.0284421 0.0166361
14 0.3478474 0.4642081 0.0284421 0.0166361
28 0.4202455 0.5240980 0.0284421 0.0166361
22 0.4926436 0.5240980 0.0284421 0.0166361
21 0.5650416 0.5240980 0.0284421 0.0166361
18 0.2030514 0.5839879 0.0284421 0.0166360
5 0.2030514 0.5240980 0.0284421 0.0166361
22 0.4926436 0.5839879 0.0284421 0.0166360
7 0.1306533 0.4043183 0.0284421 0.0166361
17 0.5650416 0.3444284 0.0284421 0.0166361
11 0.2754494 0.5839879 0.0284421 0.0166360
6 0.1306533 0.5839879 0.0284421 0.0166360
23 0.2030514 0.2845385 0.0284421 0.0166361
7 0.2754494 0.2845385 0.0284421 0.0166361
11 0.4926436 0.4642081 0.0284421 0.0166361
17 0.2754494 0.3444284 0.0284421 0.0166361
27 0.4926436 0.4043183 0.0284421 0.0166361
14 0.2030514 0.3444284 0.0284421 0.0166361
11 0.3478474 0.5839879 0.0284421 0.0166360
30 0.3478474 0.5240980 0.0284421 0.0166361
7 0.4202455 0.5839879 0.0284421 0.0166360
19 0.1306533 0.5240980 0.0284421 0.0166361
3 0.1306533 0.2845385 0.0284421 0.0166361
4 0.4202455 0.3444284 0.0284421 0.0166361
23 0.4202455 0.4043183 0.0284421 0.0166361
7 0.5650416 0.4642081 0.0284421 0.0166361
4 0.5650416 0.5839879 0.0284421 0.0166360
25 0.2030514 0.4642081 0.0284421 0.0166361
15 0.4926436 0.3444284 0.0284421 0.0166361
16 0.5650416 0.4043183 0.0284421 0.0166361
25 0.3478474 0.4043183 0.0284421 0.0166361
23 0.4926436 0.2845385 0.0284421 0.0166361
27 0.2030514 0.4043183 0.0284421 0.0166361
6 0.4202455 0.4642081 0.0284421 0.0166361
24 0.2754494 0.5240980 0.0284421 0.0166361
5 0.5650416 0.2845385 0.0284421 0.0166361
