6 0.5849436 0.2815195 0.0245306 0.0148622
2 0.4790161 0.2815195 0.0245306 0.0148622
32 0.4321850 0.2517952 0.4214799 0.3545683
33 0.6061291 0.1175051 0.0089202 0.0138006
4 0.4790161 0.2348099 0.0245306 0.0148622
35 0.3229125 0.2815195 0.0446011 0.0424633
25 0.3229125 0.2815195 0.0245306 0.0148622
29 0.3229125 0.3754694 0.0245306 0.0159237
1 0.4271674 0.3754694 0.0234156 0.0159237
24 0.3747611 0.3754694 0.0234156 0.0159237
2 0.5314223 0.3754694 0.0245306 0.0159237
13 0.5314223 0.2815195 0.0245306 0.0148622
19 0.4271674 0.2815195 0.0234156 0.0148622
7 0.5314223 0.1891619 0.0245306 0.0148621
31 0.4271674 0.2348099 0.0234156 0.0148622
2 0.3747611 0.1891619 0.0234156 0.0148621
31 0.3229125 0.2348099 0.0245306 0.0148622
31 0.5849436 0.3754694 0.0245306 0.0159237
10 0.2693912 0.3754694 0.0245306 0.0159237
3 0.4790161 0.3754694 0.0245306 0.0159237
23 0.3747611 0.2815195 0.0234156 0.0148622
21 0.4790161 0.3282290 0.0245306 0.0148622
28 0.4271674 0.3282290 0.0234156 0.0148622
4 0.5314223 0.2348099 0.0245306 0.0148622
23 0.5849436 0.1891619 0.0245306 0.0148621
16 0.4271674 0.1891619 0.0234156 0.0148621
8 0.4790161 0.1891619 0.0245306 0.0148621
9 0.3229125 0.1891619 0.0245306 0.0148621
24 0.2693912 0.3282290 0.0245306 0.0148622
18 0.3747611 0.2348099 0.0234156 0.0148622
2 0.2693912 0.2815195 0.0245306 0.0148622
7 0.3229125 0.3282290 0.0245306 0.0148622
23 0.5314223 0.3282290 0.0245306 0.0148622
20 0.5849436 0.2348099 0.0245306 0.0148622
5 0.2693912 0.1891619 0.0245306 0.0148621
5 0.5849436 0.3282290 0.0245306 0.0148622
19 0.3747611 0.3282290 0.0234156 0.0148622
5 0.2693912 0.2348099 0.0245306 0.0148622
