14 0.6103927 0.4909931 0.0278320 0.0165606
19 0.6103927 0.5506111 0.0278320 0.0165605
32 0.3972250 0.5042415 0.5073010 0.4802558
33 0.4756606 0.2762581 0.0113858 0.0132484
15 0.2561675 0.3717572 0.0278320 0.0165605
34 0.3978576 0.3723092 0.0657846 0.0596180
17 0.3978576 0.3717572 0.0278320 0.0165605
3 0.5395477 0.3717572 0.0278320 0.0165605
27 0.1853225 0.4313752 0.0278320 0.0165605
7 0.4687026 0.4313752 0.0278320 0.0165605
23 0.4687026 0.5506111 0.0278320 0.0165605
13 0.2561675 0.6102291 0.0278320 0.0165605
24 0.3270126 0.6102291 0.0278320 0.0165605
16 0.4687026 0.6698470 0.0278320 0.0165606
19 0.6103927 0.6698470 0.0278320 0.0165606
13 0.6103927 0.6102291 0.0278320 0.0165605
13 0.6103927 0.4313752 0.0278320 0.0165605
5 0.3270126 0.6698470 0.0278320 0.0165606
7 0.2561675 0.4909931 0.0278320 0.0165606
15 0.3978576 0.6102291 0.0278320 0.0165605
17 0.5395477 0.4313752 0.0278320 0.0165605
21 0.3978576 0.6698470 0.0278320 0.0165606
20 0.4687026 0.3717572 0.0278320 0.0165605
3 0.2561675 0.6698470 0.0278320 0.0165606
2 0.4687026 0.4909931 0.0278320 0.0165606
14 0.3978576 0.4909931 0.0278320 0.0165606
20 0.3270126 0.4313752 0.0278320 0.0165605
4 0.1853225 0.3717572 0.0278320 0.0165605
24 0.3978576 0.4313752 0.0278320 0.0165605
18 0.3270126 0.3717572 0.0278320 0.0165605
31 0.3978576 0.5506111 0.0278320 0.0165605
25 0.3270126 0.5506111 0.0278320 0.0165605
24 0.5395477 0.5506111 0.0278320 0.0165605
5 0.1853225 0.6698470 0.0278320 0.0165606
19 0.1853225 0.6102291 0.0278320 0.0165605
21 0.5395477 0.4909931 0.0278320 0.0165606
3 0.1853225 0.4909931 0.0278320 0.0165606
7 0.5395477 0.6698470 0.0278320 0.0165606
27 0.1853225 0.5506111 0.0278320 0.0165605
28 0.5395477 0.6102291 0.0278320 0.0165605
4 0.4687026 0.6102291 0.0278320 0.0165605
19 0.3270126 0.4909931 0.0278320 0.0165606
5 0.2561675 0.4313752 0.0278320 0.0165605
18 0.2561675 0.5506111 0.0278320 0.0165605
27 0.6103927 0.3717572 0.0278320 0.0165605
