7 0.4283828 0.2344249 0.0283175 0.0167098
11 0.3563020 0.4148903 0.0283175 0.0167098
32 0.3563020 0.3831418 0.5200116 0.4946089
33 0.4354622 0.1475341 0.0115844 0.0144818
34 0.1400596 0.4756025 0.0669322 0.0601552
31 0.1400595 0.4750455 0.0283175 0.0167097
28 0.2842212 0.4750455 0.0283175 0.0167097
31 0.5725445 0.4750455 0.0283175 0.0167097
3 0.5725445 0.3547352 0.0283175 0.0167098
28 0.1400595 0.2945800 0.0283175 0.0167098
27 0.1400595 0.3547352 0.0283175 0.0167098
13 0.5725445 0.2344249 0.0283175 0.0167098
10 0.5004636 0.4750455 0.0283175 0.0167097
15 0.5004636 0.4148903 0.0283175 0.0167098
21 0.2121404 0.2945800 0.0283175 0.0167098
10 0.1400595 0.4148903 0.0283175 0.0167098
2 0.4283828 0.3547352 0.0283175 0.0167098
17 0.5004636 0.2344249 0.0283175 0.0167098
25 0.2121404 0.4750455 0.0283175 0.0167097
9 0.2842212 0.3547352 0.0283175 0.0167098
21 0.4283828 0.2945800 0.0283175 0.0167098
20 0.3563020 0.2344249 0.0283175 0.0167098
20 0.3563020 0.3547352 0.0283175 0.0167098
11 0.2842212 0.4148903 0.0283175 0.0167098
31 0.5725445 0.2945800 0.0283175 0.0167098
23 0.3563020 0.4750455 0.0283175 0.0167097
18 0.5004636 0.2945800 0.0283175 0.0167098
13 0.1400595 0.2344249 0.0283175 0.0167098
1 0.2121404 0.3547352 0.0283175 0.0167098
12 0.4283828 0.4750455 0.0283175 0.0167097
5 0.5004636 0.3547352 0.0283175 0.0167098
31 0.2121404 0.2344249 0.0283175 0.0167098
1 0.2842212 0.2344249 0.0283175 0.0167098
21 0.2842212 0.2945800 0.0283175 0.0167098
5 0.3563020 0.2945800 0.0283175 0.0167098
27 0.5725445 0.4148903 0.0283175 0.0167098
15 0.4283828 0.4148903 0.0283175 0.0167098
27 0.2121404 0.4148903 0.0283175 0.0167098
