18 0.4064410 0.5450500 0.0273264 0.0161336
23 0.6846729 0.3708081 0.0273264 0.0161335
32 0.5449359 0.4998762 0.4980847 0.4678719
33 0.6219465 0.2777715 0.0111790 0.0129068
5 0.4064410 0.4288888 0.0273264 0.0161335
29 0.5455569 0.4288888 0.0273264 0.0161335
9 0.6846729 0.4288888 0.0273264 0.0161335
4 0.6151149 0.4869694 0.0273263 0.0161335
25 0.6151149 0.5450500 0.0273263 0.0161336
18 0.4759990 0.6031307 0.0273264 0.0161336
6 0.6846729 0.6031307 0.0273264 0.0161336
1 0.7542308 0.6031307 0.0273263 0.0161336
34 0.3368831 0.6617491 0.0645895 0.0580806
1 0.3368831 0.6612113 0.0273264 0.0161336
16 0.4759990 0.6612113 0.0273264 0.0161336
2 0.6846729 0.4869694 0.0273264 0.0161335
29 0.4759990 0.4869694 0.0273264 0.0161335
23 0.6846729 0.5450500 0.0273264 0.0161336
23 0.3368831 0.5450500 0.0273264 0.0161336
19 0.5455569 0.4869694 0.0273264 0.0161335
19 0.4064410 0.3708081 0.0273264 0.0161335
29 0.6151149 0.6031307 0.0273263 0.0161336
5 0.3368831 0.4869694 0.0273264 0.0161335
29 0.4759990 0.3708081 0.0273264 0.0161335
30 0.4064410 0.6612113 0.0273264 0.0161336
14 0.7542308 0.5450500 0.0273263 0.0161336
14 0.5455569 0.5450500 0.0273264 0.0161336
18 0.7542308 0.3708081 0.0273263 0.0161335
27 0.5455569 0.6612113 0.0273264 0.0161336
21 0.6151149 0.4288888 0.0273263 0.0161335
16 0.3368831 0.4288888 0.0273264 0.0161335
29 0.5455569 0.3708081 0.0273264 0.0161335
29 0.6151149 0.3708081 0.0273263 0.0161335
2 0.4064410 0.4869694 0.0273264 0.0161335
25 0.6151149 0.6612113 0.0273263 0.0161336
27 0.4759990 0.5450500 0.0273264 0.0161336
20 0.7542308 0.4869694 0.0273263 0.0161335
13 0.7542308 0.6612113 0.0273263 0.0161336
31 0.6846729 0.6612113 0.0273264 0.0161336
24 0.3368831 0.6031307 0.0273264 0.0161336
21 0.4759990 0.4288888 0.0273264 0.0161335
15 0.4064410 0.6031307 0.0273264 0.0161336
19 0.5455569 0.6031307 0.0273264 0.0161336
27 0.3368831 0.3708081 0.0273264 0.0161335
14 0.7542308 0.4288888 0.0273263 0.0161335
