26 0.6556609 0.5223629 0.0281734 0.0172963
17 0.7273751 0.3978296 0.0281734 0.0172963
32 0.5839468 0.5517667 0.5173660 0.5119705
33 0.6627043 0.3078888 0.0115256 0.0149901
34 0.7273751 0.5852062 0.0665916 0.0622667
5 0.7273751 0.5846297 0.0281734 0.0172963
17 0.4405186 0.6468963 0.0281734 0.0172963
30 0.5122327 0.6468963 0.0281734 0.0172963
22 0.5839468 0.5223629 0.0281734 0.0172963
11 0.7990892 0.5846297 0.0281734 0.0172963
30 0.3688046 0.4600963 0.0281734 0.0172963
24 0.7273751 0.4600963 0.0281734 0.0172963
24 0.3688046 0.6468963 0.0281734 0.0172963
15 0.5122327 0.5846297 0.0281734 0.0172963
24 0.4405186 0.5223629 0.0281734 0.0172963
10 0.4405186 0.5846297 0.0281734 0.0172963
30 0.5839468 0.6468963 0.0281734 0.0172963
30 0.7990892 0.6468963 0.0281734 0.0172963
4 0.7273751 0.5223629 0.0281734 0.0172963
13 0.7990892 0.3978296 0.0281734 0.0172963
14 0.3688046 0.5223629 0.0281734 0.0172963
24 0.6556609 0.4600963 0.0281734 0.0172963
1 0.7990892 0.5223629 0.0281734 0.0172963
19 0.5839468 0.4600963 0.0281734 0.0172963
16 0.5122327 0.5223629 0.0281734 0.0172963
12 0.5839468 0.5846297 0.0281734 0.0172963
15 0.3688046 0.5846297 0.0281734 0.0172963
19 0.4405186 0.3978296 0.0281734 0.0172963
31 0.7273751 0.6468963 0.0281734 0.0172963
2 0.7990892 0.4600963 0.0281734 0.0172963
9 0.4405186 0.4600963 0.0281734 0.0172963
15 0.6556609 0.6468963 0.0281734 0.0172963
23 0.5839468 0.3978296 0.0281734 0.0172963
27 0.3688046 0.3978296 0.0281734 0.0172963
27 0.6556609 0.5846297 0.0281734 0.0172963
3 0.5122327 0.4600963 0.0281734 0.0172963
21 0.6556609 0.3978296 0.0281734 0.0172963
8 0.5122327 0.3978296 0.0281734 0.0172963
