1 0.1850322 0.4908756 0.0281001 0.0158649
30 0.3280873 0.3766486 0.0281001 0.0158649
32 0.3274487 0.4094360 0.5121884 0.4685425
33 0.4060013 0.1883855 0.0127728 0.0137495
34 0.3996149 0.3771774 0.0664184 0.0571135
18 0.3996149 0.3766486 0.0281001 0.0158649
18 0.1850322 0.4337621 0.0281001 0.0158649
14 0.5426700 0.5479891 0.0281001 0.0158649
29 0.3996149 0.4337621 0.0281001 0.0158649
1 0.1135047 0.4337621 0.0281001 0.0158649
6 0.3996149 0.4908756 0.0281001 0.0158649
20 0.3280873 0.4337621 0.0281001 0.0158649
21 0.1135047 0.3766486 0.0281001 0.0158649
19 0.5426700 0.3195350 0.0281001 0.0158649
20 0.4711425 0.3195350 0.0281001 0.0158649
17 0.1135047 0.5479891 0.0281001 0.0158649
30 0.1850322 0.3766486 0.0281001 0.0158649
27 0.3996149 0.3195350 0.0281001 0.0158649
5 0.2565598 0.4908756 0.0281001 0.0158649
29 0.4711425 0.5479891 0.0281001 0.0158649
7 0.2565598 0.5479891 0.0281001 0.0158649
30 0.4711425 0.3766486 0.0281001 0.0158649
18 0.4711425 0.4337621 0.0281001 0.0158649
31 0.1850322 0.5479891 0.0281001 0.0158649
15 0.2565598 0.4337621 0.0281001 0.0158649
16 0.3280873 0.3195350 0.0281001 0.0158649
7 0.5426700 0.3766486 0.0281001 0.0158649
7 0.3280873 0.5479891 0.0281001 0.0158649
10 0.5426700 0.4337621 0.0281001 0.0158649
18 0.2565598 0.3766486 0.0281001 0.0158649
17 0.1850322 0.3195350 0.0281001 0.0158649
8 0.2565598 0.3195350 0.0281001 0.0158649
15 0.5426700 0.4908756 0.0281001 0.0158649
25 0.3996149 0.5479891 0.0281001 0.0158649
28 0.3280873 0.4908756 0.0281001 0.0158649
31 0.1135047 0.4908756 0.0281001 0.0158649
6 0.4711425 0.4908756 0.0281001 0.0158649
16 0.1135047 0.3195350 0.0281001 0.0158649
