7 0.5094373 0.1915963 0.0271825 0.0169918
29 0.1634777 0.3139372 0.0271826 0.0169918
32 0.3710535 0.3428231 0.4991703 0.5029566
33 0.4470410 0.1032391 0.0111201 0.0147262
5 0.4402454 0.1915963 0.0271825 0.0169918
8 0.3018616 0.2527668 0.0271825 0.0169918
9 0.4402454 0.2527668 0.0271825 0.0169918
30 0.5786293 0.2527668 0.0271825 0.0169918
3 0.3018616 0.3139372 0.0271825 0.0169918
24 0.2326696 0.3751076 0.0271825 0.0169918
4 0.3018616 0.3751076 0.0271825 0.0169918
34 0.1634777 0.4368443 0.0642497 0.0611704
1 0.1634777 0.4362779 0.0271826 0.0169918
22 0.2326696 0.4362779 0.0271825 0.0169918
27 0.4402454 0.4362779 0.0271825 0.0169918
13 0.5786293 0.3751076 0.0271825 0.0169918
6 0.5786293 0.3139372 0.0271825 0.0169918
13 0.4402454 0.4974483 0.0271825 0.0169918
12 0.5094373 0.4974483 0.0271825 0.0169918
30 0.5094373 0.2527668 0.0271825 0.0169918
14 0.3710535 0.2527668 0.0271825 0.0169918
1 0.3710535 0.1915963 0.0271825 0.0169918
17 0.1634777 0.3751076 0.0271826 0.0169918
10 0.5786293 0.1915963 0.0271825 0.0169918
12 0.2326696 0.4974483 0.0271825 0.0169918
27 0.2326696 0.3139372 0.0271825 0.0169918
29 0.3710535 0.4974483 0.0271825 0.0169918
11 0.5094373 0.3139372 0.0271825 0.0169918
9 0.5786293 0.4362779 0.0271825 0.0169918
20 0.3018616 0.4362779 0.0271825 0.0169918
2 0.3018616 0.4974483 0.0271825 0.0169918
23 0.3710535 0.4362779 0.0271825 0.0169918
29 0.3018616 0.1915963 0.0271825 0.0169918
18 0.5786293 0.4974483 0.0271825 0.0169918
20 0.1634777 0.1915963 0.0271826 0.0169918
1 0.4402454 0.3139372 0.0271825 0.0169918
1 0.1634777 0.2527668 0.0271826 0.0169918
29 0.5094373 0.4362779 0.0271825 0.0169918
17 0.2326696 0.1915963 0.0271825 0.0169918
24 0.1634777 0.4974483 0.0271826 0.0169918
22 0.3710535 0.3139372 0.0271825 0.0169918
2 0.4402454 0.3751076 0.0271825 0.0169918
4 0.3710535 0.3751076 0.0271825 0.0169918
28 0.2326696 0.2527668 0.0271825 0.0169918
1 0.5094373 0.3751076 0.0271825 0.0169918
