20 0.6528210 0.2962308 0.0255871 0.0157475
10 0.3236775 0.2962308 0.0255871 0.0157475
32 0.4905754 0.3834044 0.4338181 0.4218076
33 0.6749190 0.2191807 0.0093044 0.0123730
25 0.5969946 0.2962308 0.0255872 0.0157475
18 0.4882492 0.3445981 0.0244241 0.0157475
13 0.5423311 0.3445981 0.0255872 0.0157475
11 0.3236775 0.3940902 0.0255871 0.0157475
9 0.4882492 0.3940902 0.0244241 0.0157475
35 0.5423311 0.3940902 0.0465221 0.0449928
22 0.5423311 0.3940902 0.0255872 0.0157475
22 0.3236775 0.4435823 0.0255871 0.0157475
24 0.4335859 0.4435823 0.0244241 0.0157475
29 0.3795040 0.4936368 0.0255872 0.0168723
5 0.5423311 0.4936368 0.0255872 0.0168723
21 0.5423311 0.4435823 0.0255872 0.0157475
26 0.6528210 0.5431289 0.0255871 0.0168723
20 0.5969946 0.4435823 0.0255872 0.0157475
13 0.5969946 0.3940902 0.0255872 0.0157475
23 0.4335859 0.4936368 0.0244241 0.0168723
20 0.4335859 0.5431289 0.0244241 0.0168723
14 0.5969946 0.4936368 0.0255872 0.0168723
11 0.4882492 0.2962308 0.0244241 0.0157475
9 0.6528210 0.3940902 0.0255871 0.0157475
23 0.4882492 0.4435823 0.0244241 0.0157475
1 0.5423311 0.5431289 0.0255872 0.0168723
29 0.3795040 0.2962308 0.0255872 0.0157475
13 0.4882492 0.5431289 0.0244241 0.0168723
21 0.6528210 0.3445981 0.0255871 0.0157475
23 0.4335859 0.3940902 0.0244241 0.0157475
14 0.3795040 0.3445981 0.0255872 0.0157475
7 0.3795040 0.3940902 0.0255872 0.0157475
30 0.3795040 0.5431289 0.0255872 0.0168723
18 0.4335859 0.3445981 0.0244241 0.0157475
22 0.3236775 0.4936368 0.0255871 0.0168723
1 0.4882492 0.4936368 0.0244241 0.0168723
15 0.6528210 0.4435823 0.0255871 0.0157475
31 0.3795040 0.4435823 0.0255872 0.0157475
31 0.5969946 0.5431289 0.0255872 0.0168723
7 0.3236775 0.3445981 0.0255871 0.0157475
13 0.3236775 0.5431289 0.0255871 0.0168723
3 0.6528210 0.4936368 0.0255871 0.0168723
21 0.5969946 0.3445981 0.0255872 0.0157475
11 0.5423311 0.2962308 0.0255872 0.0157475
13 0.4335859 0.2962308 0.0244241 0.0157475
