20 0.4629068 0.5866753 0.0270705 0.0169628
25 0.3939999 0.4645436 0.0270706 0.0169627
32 0.6001054 0.5391796 0.4934227 0.4919193
33 0.6763951 0.3056593 0.0110743 0.0135702
3 0.5318137 0.5256094 0.0270706 0.0169628
10 0.6007206 0.6477411 0.0270706 0.0169628
34 0.7385344 0.6483065 0.0639850 0.0610659
17 0.7385344 0.6477411 0.0270706 0.0169628
14 0.6007206 0.4645436 0.0270706 0.0169627
6 0.6696275 0.5866753 0.0270706 0.0169628
5 0.4629068 0.4034777 0.0270705 0.0169627
7 0.8074413 0.4034777 0.0270705 0.0169627
13 0.4629068 0.4645436 0.0270705 0.0169627
16 0.3939999 0.5866753 0.0270706 0.0169628
14 0.7385344 0.4645436 0.0270706 0.0169627
16 0.8074413 0.4645436 0.0270705 0.0169627
18 0.3939999 0.6477411 0.0270706 0.0169628
4 0.3939999 0.4034777 0.0270706 0.0169627
25 0.8074413 0.5866753 0.0270705 0.0169628
31 0.6696275 0.5256094 0.0270706 0.0169628
31 0.5318137 0.4645436 0.0270706 0.0169627
30 0.6007206 0.4034777 0.0270706 0.0169627
21 0.6696275 0.6477411 0.0270706 0.0169628
6 0.3939999 0.5256094 0.0270706 0.0169628
16 0.4629068 0.5256094 0.0270705 0.0169628
24 0.6007206 0.5866753 0.0270706 0.0169628
25 0.7385344 0.4034777 0.0270706 0.0169627
20 0.5318137 0.4034777 0.0270706 0.0169627
4 0.6696275 0.4645436 0.0270706 0.0169627
30 0.5318137 0.6477411 0.0270706 0.0169628
4 0.4629068 0.6477411 0.0270705 0.0169628
24 0.6696275 0.4034777 0.0270706 0.0169627
19 0.8074413 0.6477411 0.0270705 0.0169628
20 0.8074413 0.5256094 0.0270705 0.0169628
30 0.5318137 0.5866753 0.0270706 0.0169628
7 0.7385344 0.5256094 0.0270706 0.0169628
26 0.7385344 0.5866753 0.0270706 0.0169628
1 0.6007206 0.5256094 0.0270706 0.0169628
