11 0.8007751 0.2401115 0.0280753 0.0171992
5 0.5149170 0.2401115 0.0280754 0.0171992
32 0.5857435 0.2756565 0.5117373 0.5079488
33 0.6642268 0.0360147 0.0127615 0.0149059
34 0.5863815 0.1787678 0.0663599 0.0619170
15 0.5863815 0.1781945 0.0280754 0.0171992
7 0.8007751 0.1781945 0.0280753 0.0171992
30 0.8007751 0.3020285 0.0280753 0.0171992
17 0.8007751 0.3639455 0.0280753 0.0171992
25 0.7293106 0.3639455 0.0280753 0.0171992
18 0.5149170 0.1781945 0.0280754 0.0171992
23 0.7293106 0.2401115 0.0280753 0.0171992
17 0.4434524 0.3639455 0.0280753 0.0171992
10 0.4434524 0.2401115 0.0280753 0.0171992
24 0.7293106 0.3020285 0.0280753 0.0171992
13 0.4434524 0.3020285 0.0280753 0.0171992
15 0.8007751 0.4258626 0.0280753 0.0171992
5 0.3719878 0.4258626 0.0280754 0.0171992
29 0.6578461 0.3020285 0.0280753 0.0171992
16 0.3719878 0.1781945 0.0280754 0.0171992
24 0.5149170 0.3020285 0.0280754 0.0171992
14 0.7293106 0.4258626 0.0280753 0.0171992
18 0.6578461 0.2401115 0.0280753 0.0171992
27 0.5149170 0.3639455 0.0280754 0.0171992
8 0.3719878 0.2401115 0.0280754 0.0171992
8 0.5149170 0.4258626 0.0280754 0.0171992
28 0.5863815 0.2401115 0.0280754 0.0171992
12 0.6578461 0.4258626 0.0280753 0.0171992
17 0.3719878 0.3639455 0.0280754 0.0171992
21 0.4434524 0.4258626 0.0280753 0.0171992
11 0.5863815 0.4258626 0.0280754 0.0171992
1 0.6578461 0.1781945 0.0280753 0.0171992
2 0.6578461 0.3639455 0.0280753 0.0171992
15 0.5863815 0.3020285 0.0280754 0.0171992
2 0.4434524 0.1781945 0.0280753 0.0171992
1 0.7293106 0.1781945 0.0280753 0.0171992
6 0.5863815 0.3639455 0.0280754 0.0171992
1 0.3719878 0.3020285 0.0280754 0.0171992
