17 0.8058698 0.5190348 0.0268814 0.0162508
1 0.4637428 0.4020292 0.0268814 0.0162508
32 0.6005936 0.4881584 0.4936403 0.4810233
33 0.6757393 0.2590223 0.0109970 0.0140840
34 0.6005936 0.3440681 0.0635379 0.0585028
30 0.6005936 0.3435263 0.0268814 0.0162508
27 0.6005936 0.4020292 0.0268814 0.0162508
3 0.3953174 0.5190348 0.0268814 0.0162508
21 0.7374443 0.5190348 0.0268814 0.0162508
14 0.5321682 0.5190348 0.0268814 0.0162508
5 0.6690189 0.4605320 0.0268814 0.0162508
26 0.8058698 0.4605320 0.0268814 0.0162508
28 0.8058698 0.4020292 0.0268814 0.0162508
7 0.3953174 0.4605320 0.0268814 0.0162508
28 0.5321682 0.3435263 0.0268814 0.0162508
25 0.6690189 0.5190348 0.0268814 0.0162508
31 0.7374443 0.4605320 0.0268814 0.0162508
6 0.6005936 0.5190348 0.0268814 0.0162508
12 0.4637428 0.4605320 0.0268814 0.0162508
22 0.5321682 0.5775377 0.0268814 0.0162507
21 0.4637428 0.5775377 0.0268814 0.0162507
6 0.8058698 0.5775377 0.0268814 0.0162507
8 0.5321682 0.4020292 0.0268814 0.0162508
5 0.7374443 0.4020292 0.0268814 0.0162508
18 0.7374443 0.3435263 0.0268814 0.0162508
13 0.6690189 0.4020292 0.0268814 0.0162508
20 0.6690189 0.3435263 0.0268814 0.0162508
14 0.4637428 0.3435263 0.0268814 0.0162508
3 0.4637428 0.5190348 0.0268814 0.0162508
14 0.3953174 0.4020292 0.0268814 0.0162508
21 0.3953174 0.5775377 0.0268814 0.0162507
28 0.3953174 0.3435263 0.0268814 0.0162508
20 0.7374443 0.5775377 0.0268814 0.0162507
15 0.6005936 0.4605320 0.0268814 0.0162508
18 0.6005936 0.5775377 0.0268814 0.0162507
23 0.5321682 0.4605320 0.0268814 0.0162508
1 0.6690189 0.5775377 0.0268814 0.0162507
22 0.8058698 0.3435263 0.0268814 0.0162508
