25 0.4741909 0.4401680 0.0288455 0.0172824
20 0.5476159 0.6890348 0.0288455 0.0172824
32 0.3273409 0.5939815 0.5297089 0.5115596
33 0.4079773 0.3502994 0.0118004 0.0149781
22 0.2539159 0.5023847 0.0288455 0.0172824
19 0.4741909 0.5023847 0.0288455 0.0172824
34 0.5476159 0.5651775 0.0681804 0.0622167
19 0.5476159 0.5646014 0.0288455 0.0172824
17 0.1804910 0.5023847 0.0288455 0.0172824
1 0.3273409 0.6890348 0.0288455 0.0172824
11 0.1070660 0.6268182 0.0288455 0.0172824
24 0.1804910 0.6890348 0.0288455 0.0172824
14 0.4007659 0.6268182 0.0288456 0.0172824
7 0.1070660 0.5023847 0.0288455 0.0172824
4 0.5476159 0.6268182 0.0288455 0.0172824
29 0.2539159 0.5646014 0.0288455 0.0172824
3 0.1804910 0.5646014 0.0288455 0.0172824
11 0.4007659 0.6890348 0.0288456 0.0172824
1 0.5476159 0.5023847 0.0288455 0.0172824
2 0.1070660 0.6890348 0.0288455 0.0172824
4 0.3273409 0.5646014 0.0288455 0.0172824
16 0.2539159 0.6890348 0.0288455 0.0172824
26 0.1804910 0.6268182 0.0288455 0.0172824
11 0.4741909 0.6890348 0.0288455 0.0172824
31 0.5476159 0.4401680 0.0288455 0.0172824
4 0.3273409 0.6268182 0.0288455 0.0172824
19 0.1070660 0.4401680 0.0288455 0.0172824
22 0.4741909 0.6268182 0.0288455 0.0172824
29 0.4741909 0.5646014 0.0288455 0.0172824
7 0.3273409 0.5023847 0.0288455 0.0172824
17 0.4007659 0.5646014 0.0288456 0.0172824
18 0.3273409 0.4401680 0.0288455 0.0172824
2 0.1070660 0.5646014 0.0288455 0.0172824
8 0.4007659 0.4401680 0.0288456 0.0172824
7 0.4007659 0.5023847 0.0288456 0.0172824
3 0.1804910 0.4401680 0.0288455 0.0172824
22 0.2539159 0.6268182 0.0288455 0.0172824
27 0.2539159 0.4401680 0.0288455 0.0172824
