19 0.0630953 0.3933485 0.0281155 0.0169609
21 0.2062288 0.3322894 0.0281155 0.0169609
32 0.2784345 0.3266358 0.5175808 0.4986493
33 0.3544742 0.1050139 0.0102238 0.0124379
25 0.1346621 0.2101712 0.0281155 0.0169609
34 0.3493623 0.2096058 0.0664548 0.0610591
23 0.3493623 0.2101712 0.0281155 0.0169609
19 0.0630953 0.2706649 0.0281155 0.0158301
12 0.4209290 0.2101712 0.0281155 0.0169609
30 0.1346621 0.3933485 0.0281155 0.0169609
15 0.4209290 0.3322894 0.0281155 0.0169609
9 0.1346621 0.2706649 0.0281155 0.0158301
17 0.2777955 0.3933485 0.0281155 0.0169609
6 0.4209290 0.2706649 0.0281155 0.0158301
31 0.2062288 0.2101712 0.0281155 0.0169609
29 0.3493623 0.3322894 0.0281155 0.0169609
26 0.2062288 0.3933485 0.0281155 0.0169609
27 0.4924957 0.3933485 0.0281155 0.0169609
24 0.1346621 0.4544076 0.0281155 0.0169609
14 0.4924957 0.2101712 0.0281155 0.0169609
2 0.4209290 0.3933485 0.0281155 0.0169609
29 0.1346621 0.3322894 0.0281155 0.0169609
8 0.4924957 0.2706649 0.0281155 0.0158301
17 0.3493623 0.4544076 0.0281155 0.0169609
27 0.2777955 0.4544076 0.0281155 0.0169609
16 0.0630953 0.3322894 0.0281155 0.0169609
24 0.4924957 0.4544076 0.0281155 0.0169609
17 0.2777955 0.3322894 0.0281155 0.0169609
22 0.3493623 0.3933485 0.0281155 0.0169609
3 0.0630953 0.4544076 0.0281155 0.0169609
30 0.2777955 0.2101712 0.0281155 0.0169609
25 0.2777955 0.2706649 0.0281155 0.0158301
25 0.2062288 0.2706649 0.0281155 0.0158301
12 0.3493623 0.2706649 0.0281155 0.0158301
11 0.2062288 0.4544076 0.0281155 0.0169609
12 0.0630953 0.2101712 0.0281155 0.0169609
6 0.4924957 0.3322894 0.0281155 0.0169609
8 0.4209290 0.4544076 0.0281155 0.0169609
