5 0.3758740 0.4069125 0.0244938 0.0173256
21 0.5858210 0.5547575 0.0244938 0.0173256
32 0.4709333 0.4975830 0.3988994 0.5059071
33 0.6085653 0.3006489 0.0139965 0.0196357
7 0.3758740 0.5547575 0.0244938 0.0173256
34 0.3233872 0.6286799 0.0454885 0.0450465
22 0.3233872 0.6281024 0.0244938 0.0161707
14 0.3233872 0.7020249 0.0244938 0.0161705
24 0.5858210 0.6281024 0.0244938 0.0161707
19 0.4283607 0.5547575 0.0244938 0.0173256
14 0.3758740 0.7020249 0.0244938 0.0161705
2 0.4283607 0.6281024 0.0244938 0.0161707
1 0.5333342 0.6281024 0.0244938 0.0161707
8 0.3758740 0.4808350 0.0244938 0.0173256
17 0.3233872 0.4069125 0.0244938 0.0173256
17 0.5858210 0.7020249 0.0244938 0.0161705
13 0.4283607 0.7020249 0.0244938 0.0161705
4 0.5333342 0.4069125 0.0244938 0.0173256
30 0.6383078 0.6281024 0.0244938 0.0161707
10 0.6383078 0.4069125 0.0244938 0.0173256
21 0.4808474 0.5547575 0.0244938 0.0173256
31 0.4283607 0.4069125 0.0244938 0.0173256
23 0.5333342 0.5547575 0.0244938 0.0173256
14 0.6383078 0.7020249 0.0244938 0.0161705
3 0.6383078 0.5547575 0.0244938 0.0173256
25 0.4808474 0.6281024 0.0244938 0.0161707
30 0.5858210 0.4069125 0.0244938 0.0173256
15 0.6383078 0.4808350 0.0244938 0.0173256
25 0.5333342 0.7020249 0.0244938 0.0161705
16 0.5333342 0.4808350 0.0244938 0.0173256
1 0.4283607 0.4808350 0.0244938 0.0173256
5 0.3233872 0.5547575 0.0244938 0.0173256
9 0.3233872 0.4808350 0.0244938 0.0173256
21 0.5858210 0.4808350 0.0244938 0.0173256
7 0.4808474 0.7020249 0.0244938 0.0161705
12 0.3758740 0.6281024 0.0244938 0.0161707
16 0.4808474 0.4808350 0.0244938 0.0173256
11 0.4808474 0.4069125 0.0244938 0.0173256
