17 0.4768255 0.6146367 0.0276218 0.0163928
16 0.2658954 0.5556225 0.0276218 0.0163928
32 0.4058877 0.5304868 0.5034702 0.4841347
33 0.4831032 0.3020801 0.0125554 0.0142071
25 0.1955853 0.4375941 0.0276218 0.0163928
10 0.1955853 0.5556225 0.0276218 0.0163928
34 0.6174456 0.6741973 0.0652879 0.0590141
17 0.6174456 0.6736508 0.0276218 0.0163928
13 0.4768255 0.6736508 0.0276218 0.0163928
6 0.6174456 0.4375941 0.0276218 0.0163928
23 0.4768255 0.5556225 0.0276218 0.0163928
5 0.5471356 0.6146367 0.0276218 0.0163928
29 0.5471356 0.5556225 0.0276218 0.0163928
7 0.4768255 0.4966083 0.0276218 0.0163928
8 0.1955853 0.6736508 0.0276218 0.0163928
5 0.2658954 0.6736508 0.0276218 0.0163928
31 0.6174456 0.6146367 0.0276218 0.0163928
10 0.5471356 0.6736508 0.0276218 0.0163928
15 0.4768255 0.4375941 0.0276218 0.0163928
24 0.3362054 0.4375941 0.0276218 0.0163928
14 0.4065155 0.4375941 0.0276218 0.0163928
9 0.1955853 0.4966083 0.0276218 0.0163928
8 0.5471356 0.4375941 0.0276218 0.0163928
24 0.3362054 0.6146367 0.0276218 0.0163928
9 0.1955853 0.6146367 0.0276218 0.0163928
25 0.6174456 0.5556225 0.0276218 0.0163928
7 0.4065155 0.6736508 0.0276218 0.0163928
26 0.4065155 0.6146367 0.0276218 0.0163928
6 0.3362054 0.5556225 0.0276218 0.0163928
6 0.2658954 0.4375941 0.0276218 0.0163928
25 0.5471356 0.4966083 0.0276218 0.0163928
27 0.3362054 0.6736508 0.0276218 0.0163928
12 0.2658954 0.4966083 0.0276218 0.0163928
23 0.4065155 0.4966083 0.0276218 0.0163928
19 0.3362054 0.4966083 0.0276218 0.0163928
5 0.2658954 0.6146367 0.0276218 0.0163928
2 0.4065155 0.5556225 0.0276218 0.0163928
2 0.6174456 0.4966083 0.0276218 0.0163928
