31 0.3607555 0.2428172 0.0274183 0.0174107
20 0.7097153 0.2428172 0.0274183 0.0174107
32 0.4997163 0.3821024 0.4997602 0.5049089
33 0.5769860 0.1424158 0.0112165 0.0139285
15 0.5701314 0.2428172 0.0274183 0.0174107
34 0.5003394 0.3060758 0.0648068 0.0626783
22 0.5003395 0.3054955 0.0274183 0.0174107
9 0.5701314 0.3054955 0.0274183 0.0174107
13 0.6399234 0.3681739 0.0274183 0.0174107
26 0.7097153 0.4935306 0.0274183 0.0174107
3 0.5701314 0.4935306 0.0274183 0.0174107
30 0.4305475 0.4308522 0.0274183 0.0174107
30 0.4305475 0.4935306 0.0274183 0.0174107
13 0.5003395 0.4935306 0.0274183 0.0174107
4 0.2909636 0.4308522 0.0274183 0.0174107
26 0.3607555 0.4308522 0.0274183 0.0174107
16 0.2909636 0.2428172 0.0274183 0.0174107
18 0.5003395 0.3681739 0.0274183 0.0174107
13 0.6399234 0.3054955 0.0274183 0.0174107
18 0.3607555 0.3054955 0.0274183 0.0174107
21 0.2909636 0.4935306 0.0274183 0.0174107
25 0.5003395 0.4308522 0.0274183 0.0174107
28 0.2909636 0.3681739 0.0274183 0.0174107
19 0.7097153 0.3681739 0.0274183 0.0174107
1 0.4305475 0.3681739 0.0274183 0.0174107
16 0.7097153 0.3054955 0.0274183 0.0174107
14 0.5003395 0.2428172 0.0274183 0.0174107
13 0.6399234 0.2428172 0.0274183 0.0174107
30 0.5701314 0.3681739 0.0274183 0.0174107
26 0.6399234 0.4935306 0.0274183 0.0174107
7 0.6399234 0.4308522 0.0274183 0.0174107
16 0.2909636 0.3054955 0.0274183 0.0174107
30 0.3607555 0.4935306 0.0274183 0.0174107
19 0.4305475 0.2428172 0.0274183 0.0174107
18 0.5701314 0.4308522 0.0274183 0.0174107
28 0.7097153 0.4308522 0.0274183 0.0174107
20 0.3607555 0.3681739 0.0274183 0.0174107
26 0.4305475 0.3054955 0.0274183 0.0174107
