4 0.3870728 0.3068024 0.0252027 0.0161592
2 0.4403421 0.4089519 0.0240571 0.0173134
32 0.4964754 0.2450510 0.4273001 0.4328368
33 0.6780492 0.0765332 0.0091646 0.0126966
20 0.3320851 0.1555981 0.0252027 0.0161592
24 0.3870728 0.1555981 0.0252027 0.0161592
30 0.4941842 0.1555981 0.0240571 0.0161592
19 0.3870728 0.2052300 0.0252027 0.0161592
2 0.3870728 0.2560162 0.0252027 0.0161593
16 0.5474535 0.2560162 0.0252027 0.0161593
3 0.4403421 0.3581657 0.0240571 0.0173134
35 0.6012956 0.3581657 0.0458231 0.0450151
6 0.6012956 0.3581657 0.0252027 0.0173134
28 0.4941842 0.4089519 0.0240571 0.0173134
13 0.6012956 0.4089519 0.0252027 0.0173134
26 0.4403421 0.3068024 0.0240571 0.0161592
15 0.4403421 0.2560162 0.0240571 0.0161593
14 0.5474535 0.1555981 0.0252027 0.0161592
19 0.6012956 0.2052300 0.0252027 0.0161592
9 0.4941842 0.3581657 0.0240571 0.0173134
3 0.6562833 0.4089519 0.0252026 0.0173134
22 0.6562833 0.2052300 0.0252026 0.0161592
5 0.3870728 0.4089519 0.0252027 0.0173134
15 0.3320851 0.3068024 0.0252027 0.0161592
9 0.3870728 0.3581657 0.0252027 0.0173134
22 0.5474535 0.2052300 0.0252027 0.0161592
31 0.6562833 0.3068024 0.0252026 0.0161592
30 0.6562833 0.2560162 0.0252026 0.0161593
6 0.4941842 0.2560162 0.0240571 0.0161593
18 0.4403421 0.1555981 0.0240571 0.0161592
24 0.5474535 0.3581657 0.0252027 0.0173134
27 0.5474535 0.4089519 0.0252027 0.0173134
12 0.6562833 0.1555981 0.0252026 0.0161592
17 0.6012956 0.1555981 0.0252027 0.0161592
30 0.6562833 0.3581657 0.0252026 0.0173134
11 0.4403421 0.2052300 0.0240571 0.0161592
8 0.3320851 0.4089519 0.0252027 0.0173134
1 0.5474535 0.3068024 0.0252027 0.0161592
26 0.4941842 0.2052300 0.0240571 0.0161592
14 0.3320851 0.2560162 0.0252027 0.0161593
25 0.6012956 0.3068024 0.0252027 0.0161592
26 0.3320851 0.3581657 0.0252027 0.0173134
13 0.3320851 0.2052300 0.0252027 0.0161592
16 0.4941842 0.3068024 0.0240571 0.0161592
26 0.6012956 0.2560162 0.0252027 0.0161593
