25 0.5473825 0.7653019 0.0251790 0.0166085
24 0.6057519 0.7653019 0.0251789 0.0166085
32 0.6646935 0.5787330 0.4131637 0.4229633
33 0.8518190 0.3844135 0.0114450 0.0166085
29 0.6057519 0.4774211 0.0251789 0.0166085
3 0.6057519 0.5349973 0.0251789 0.0166085
34 0.6652658 0.5931270 0.0503579 0.0487183
21 0.6658380 0.5931270 0.0240344 0.0155013
30 0.8438074 0.5931270 0.0251789 0.0155013
4 0.6658380 0.6507032 0.0240344 0.0155013
23 0.7854381 0.6507032 0.0251790 0.0155013
2 0.4878686 0.7071721 0.0251790 0.0155013
27 0.6057519 0.7071721 0.0251789 0.0155013
9 0.6658380 0.7071721 0.0240344 0.0155013
6 0.8438074 0.7071721 0.0251789 0.0155013
9 0.7854381 0.5931270 0.0251790 0.0155013
25 0.5473825 0.6507032 0.0251790 0.0155013
16 0.7854381 0.5349973 0.0251790 0.0166085
27 0.7854381 0.7653019 0.0251790 0.0166085
21 0.4878686 0.5931270 0.0251790 0.0155013
19 0.8438074 0.4774211 0.0251789 0.0166085
25 0.4878686 0.7653019 0.0251790 0.0166085
12 0.5473825 0.4774211 0.0251790 0.0166085
15 0.8438074 0.6507032 0.0251789 0.0155013
7 0.5473825 0.5931270 0.0251790 0.0155013
22 0.7854381 0.7071721 0.0251790 0.0155013
5 0.7253519 0.5349973 0.0240344 0.0166085
10 0.4878686 0.6507032 0.0251790 0.0155013
17 0.8438074 0.7653019 0.0251789 0.0166085
19 0.7253519 0.4774211 0.0240344 0.0166085
26 0.5473825 0.7071721 0.0251790 0.0155013
27 0.7253519 0.5931270 0.0240344 0.0155013
28 0.7253519 0.7071721 0.0240344 0.0155013
29 0.6658380 0.5349973 0.0240344 0.0166085
26 0.7253519 0.6507032 0.0240344 0.0155013
23 0.6057519 0.6507032 0.0251789 0.0155013
27 0.6057519 0.5931270 0.0251789 0.0155013
1 0.5473825 0.5349973 0.0251790 0.0166085
17 0.4878686 0.4774211 0.0251790 0.0166085
8 0.7253519 0.7653019 0.0240344 0.0166085
10 0.4878686 0.5349973 0.0251790 0.0166085
2 0.6658380 0.7653019 0.0240344 0.0166085
30 0.8438074 0.5349973 0.0251789 0.0166085
19 0.7854381 0.4774211 0.0251790 0.0166085
20 0.6658380 0.4774211 0.0240344 0.0166085
