25 0.1829403 0.2684209 0.0287686 0.0166165
14 0.6223150 0.5076982 0.0287686 0.0166165
32 0.4019738 0.3625809 0.5243727 0.4907400
33 0.4823951 0.1310580 0.0130766 0.0144009
34 0.4758568 0.2689748 0.0679985 0.0598193
7 0.4758568 0.2684209 0.0287686 0.0166165
14 0.2561694 0.4478789 0.0287686 0.0166164
18 0.5490858 0.5076982 0.0287686 0.0166165
16 0.5490858 0.3880596 0.0287686 0.0166165
31 0.2561694 0.3282402 0.0287686 0.0166165
6 0.2561694 0.2684209 0.0287686 0.0166165
4 0.4026276 0.3880596 0.0287686 0.0166165
7 0.4758568 0.3880596 0.0287686 0.0166165
5 0.6223150 0.4478789 0.0287686 0.0166164
24 0.5490858 0.3282402 0.0287686 0.0166165
31 0.3293985 0.2684209 0.0287686 0.0166165
22 0.4026276 0.4478789 0.0287686 0.0166164
13 0.2561694 0.5076982 0.0287686 0.0166165
30 0.3293985 0.3880596 0.0287686 0.0166165
29 0.4758568 0.5076982 0.0287686 0.0166165
31 0.3293985 0.4478789 0.0287686 0.0166164
11 0.1829403 0.4478789 0.0287686 0.0166164
19 0.4026276 0.2684209 0.0287686 0.0166165
30 0.4026276 0.3282402 0.0287686 0.0166165
17 0.6223150 0.3880596 0.0287686 0.0166165
16 0.3293985 0.5076982 0.0287686 0.0166165
25 0.6223150 0.2684209 0.0287686 0.0166165
21 0.5490858 0.4478789 0.0287686 0.0166164
9 0.1829403 0.5076982 0.0287686 0.0166165
26 0.6223150 0.3282402 0.0287686 0.0166165
5 0.2561694 0.3880596 0.0287686 0.0166165
28 0.4026276 0.5076982 0.0287686 0.0166165
22 0.5490858 0.2684209 0.0287686 0.0166165
18 0.4758568 0.3282402 0.0287686 0.0166165
9 0.3293985 0.3282402 0.0287686 0.0166165
17 0.1829403 0.3282402 0.0287686 0.0166165
19 0.1829403 0.3880596 0.0287686 0.0166165
10 0.4758568 0.4478789 0.0287686 0.0166164
