27 0.5979939 0.5591764 0.0268082 0.0162866
20 0.5979939 0.4969384 0.0268082 0.0174499
32 0.3938862 0.3654826 0.4935139 0.5130269
33 0.4663901 0.1374707 0.0097484 0.0127966
22 0.1885600 0.2456600 0.0268082 0.0174499
34 0.2567990 0.2450783 0.0633648 0.0628196
2 0.2567990 0.2456600 0.0268082 0.0174499
19 0.1885600 0.3078979 0.0268082 0.0162866
1 0.3932769 0.3078979 0.0268082 0.0162866
23 0.5297549 0.3078979 0.0268082 0.0162866
21 0.1885600 0.3712992 0.0268082 0.0174499
9 0.2567990 0.3712992 0.0268082 0.0174499
24 0.5297549 0.4341188 0.0268082 0.0174499
20 0.5297549 0.4969384 0.0268082 0.0174499
27 0.3250380 0.5591764 0.0268082 0.0162866
25 0.1885600 0.4341188 0.0268082 0.0174499
1 0.2567990 0.4341188 0.0268082 0.0174499
28 0.3932769 0.4341188 0.0268082 0.0174499
6 0.3250380 0.3078979 0.0268082 0.0162866
28 0.5979939 0.4341188 0.0268082 0.0174499
14 0.3932769 0.3712992 0.0268082 0.0174499
2 0.4615159 0.4341188 0.0268082 0.0174499
16 0.2567990 0.3078979 0.0268082 0.0162866
21 0.5979939 0.2456600 0.0268082 0.0174499
30 0.5979939 0.3078979 0.0268082 0.0162866
16 0.5297549 0.5591764 0.0268082 0.0162866
18 0.3250380 0.2456600 0.0268082 0.0174499
4 0.2567990 0.4969384 0.0268082 0.0174499
30 0.4615159 0.2456600 0.0268082 0.0174499
25 0.5979939 0.3712992 0.0268082 0.0174499
26 0.4615159 0.3712992 0.0268082 0.0174499
9 0.2567990 0.5591764 0.0268082 0.0162866
22 0.1885600 0.4969384 0.0268082 0.0174499
10 0.3250380 0.3712992 0.0268082 0.0174499
13 0.3250380 0.4969384 0.0268082 0.0174499
8 0.4615159 0.3078979 0.0268082 0.0162866
15 0.3250380 0.4341188 0.0268082 0.0174499
20 0.5297549 0.2456600 0.0268082 0.0174499
7 0.4615159 0.5591764 0.0268082 0.0162866
13 0.3932769 0.2456600 0.0268082 0.0174499
2 0.5297549 0.3712992 0.0268082 0.0174499
30 0.3932769 0.5591764 0.0268082 0.0162866
5 0.3932769 0.4969384 0.0268082 0.0174499
27 0.4615159 0.4969384 0.0268082 0.0174499
21 0.1885600 0.5591764 0.0268082 0.0162866
