2 0.1630828 0.4868490 0.0281923 0.0155834
21 0.2348451 0.6076200 0.0281923 0.0166965
32 0.3790102 0.5419474 0.5189946 0.4908758
33 0.4552576 0.3237803 0.0102517 0.0122441
34 0.4501317 0.4868490 0.0666364 0.0601072
30 0.4501317 0.4868490 0.0281923 0.0155834
8 0.3783695 0.5475128 0.0281923 0.0166964
20 0.4501317 0.6076200 0.0281923 0.0166965
14 0.2348451 0.4272983 0.0281923 0.0166965
25 0.1630828 0.6076200 0.0281923 0.0166965
1 0.3783695 0.6677273 0.0281923 0.0166965
14 0.4501317 0.5475128 0.0281923 0.0166964
29 0.3066073 0.4868490 0.0281923 0.0155834
24 0.5218939 0.6076200 0.0281923 0.0166965
6 0.5936562 0.6677273 0.0281923 0.0166965
25 0.3066073 0.6076200 0.0281923 0.0166965
15 0.3783695 0.4272983 0.0281923 0.0166965
10 0.4501317 0.6677273 0.0281923 0.0166965
7 0.1630828 0.6677273 0.0281923 0.0166965
27 0.3066073 0.4272983 0.0281923 0.0166965
31 0.2348451 0.4868490 0.0281923 0.0155834
8 0.4501317 0.4272983 0.0281923 0.0166965
19 0.5936562 0.6076200 0.0281923 0.0166965
9 0.1630828 0.4272983 0.0281923 0.0166965
27 0.3783695 0.4868490 0.0281923 0.0155834
12 0.5218939 0.4272983 0.0281923 0.0166965
7 0.5936562 0.5475128 0.0281923 0.0166964
17 0.5218939 0.4868490 0.0281923 0.0155834
19 0.2348451 0.5475128 0.0281923 0.0166964
8 0.5218939 0.5475128 0.0281923 0.0166964
13 0.2348451 0.6677273 0.0281923 0.0166965
6 0.5936562 0.4868490 0.0281923 0.0155834
10 0.5936562 0.4272983 0.0281923 0.0166965
21 0.3066073 0.5475128 0.0281923 0.0166964
8 0.3783695 0.6076200 0.0281923 0.0166965
29 0.5218939 0.6677273 0.0281923 0.0166965
13 0.1630828 0.5475128 0.0281923 0.0166964
13 0.3066073 0.6677273 0.0281923 0.0166965
