15 0.2474566 0.5879774 0.0268443 0.0174052
4 0.3157877 0.5253187 0.0268444 0.0174052
32 0.3157877 0.5549075 0.4929601 0.5151938
33 0.3908299 0.3094943 0.0109818 0.0150845
16 0.5207810 0.4626600 0.0268444 0.0174052
4 0.1791255 0.6506361 0.0268443 0.0174052
34 0.5207810 0.6512162 0.0634503 0.0626587
10 0.5207810 0.6506361 0.0268444 0.0174052
7 0.3841188 0.5879774 0.0268444 0.0174052
7 0.3841188 0.4626600 0.0268444 0.0174052
29 0.1791255 0.4000013 0.0268443 0.0174052
6 0.2474566 0.4626600 0.0268443 0.0174052
3 0.5207810 0.5879774 0.0268444 0.0174052
29 0.3841188 0.4000013 0.0268444 0.0174052
1 0.1791255 0.5253187 0.0268443 0.0174052
12 0.1791255 0.4626600 0.0268443 0.0174052
20 0.5207810 0.4000013 0.0268444 0.0174052
28 0.3157877 0.5879774 0.0268444 0.0174052
21 0.1791255 0.5879774 0.0268443 0.0174052
13 0.3841188 0.6506361 0.0268444 0.0174052
4 0.1107944 0.5253187 0.0268444 0.0174052
30 0.2474566 0.4000013 0.0268443 0.0174052
11 0.5207810 0.5253187 0.0268444 0.0174052
31 0.3157877 0.4626600 0.0268444 0.0174052
28 0.2474566 0.6506361 0.0268443 0.0174052
18 0.4524500 0.5253187 0.0268444 0.0174052
16 0.1107944 0.6506361 0.0268444 0.0174052
4 0.3841188 0.5253187 0.0268444 0.0174052
30 0.4524500 0.4626600 0.0268444 0.0174052
10 0.2474566 0.5253187 0.0268443 0.0174052
23 0.1107944 0.4626600 0.0268444 0.0174052
28 0.4524500 0.4000013 0.0268444 0.0174052
17 0.3157877 0.6506361 0.0268444 0.0174052
7 0.4524500 0.5879774 0.0268444 0.0174052
31 0.3157877 0.4000013 0.0268444 0.0174052
27 0.1107944 0.4000013 0.0268444 0.0174052
21 0.1107944 0.5879774 0.0268444 0.0174052
24 0.4524500 0.6506361 0.0268444 0.0174052
