9 0.1244450 0.5388243 0.0262591 0.0169520
7 0.1912864 0.7219057 0.0262591 0.0169520
32 0.3243723 0.5128312 0.4786317 0.5006486
33 0.3977784 0.2766335 0.0119360 0.0146917
15 0.1244450 0.4167700 0.0262591 0.0169520
1 0.1912864 0.4777971 0.0262591 0.0169520
28 0.2581277 0.4777971 0.0262591 0.0169520
31 0.4586517 0.4777971 0.0262591 0.0169520
9 0.2581277 0.5388243 0.0262591 0.0169520
7 0.3918104 0.5388243 0.0262591 0.0169520
14 0.2581277 0.5998514 0.0262591 0.0169520
8 0.3918104 0.5998514 0.0262591 0.0169520
20 0.4586517 0.5998514 0.0262591 0.0169520
34 0.1244450 0.6614436 0.0620670 0.0610272
8 0.1244450 0.6608786 0.0262591 0.0169520
3 0.3918104 0.7219057 0.0262591 0.0169520
8 0.4586517 0.5388243 0.0262591 0.0169520
1 0.3249690 0.4167700 0.0262591 0.0169520
11 0.4586517 0.6608786 0.0262591 0.0169520
27 0.3249690 0.4777971 0.0262591 0.0169520
20 0.3918104 0.4167700 0.0262591 0.0169520
25 0.2581277 0.4167700 0.0262591 0.0169520
30 0.1912864 0.5998514 0.0262591 0.0169520
4 0.1912864 0.5388243 0.0262591 0.0169520
9 0.3249690 0.6608786 0.0262591 0.0169520
5 0.4586517 0.4167700 0.0262591 0.0169520
13 0.1912864 0.4167700 0.0262591 0.0169520
23 0.4586517 0.7219057 0.0262591 0.0169520
4 0.5254931 0.5998514 0.0262591 0.0169520
25 0.3918104 0.6608786 0.0262591 0.0169520
4 0.2581277 0.7219057 0.0262591 0.0169520
14 0.3918104 0.4777971 0.0262591 0.0169520
17 0.5254931 0.7219057 0.0262591 0.0169520
2 0.5254931 0.4167700 0.0262591 0.0169520
25 0.3249690 0.5388243 0.0262591 0.0169520
28 0.5254931 0.6608786 0.0262591 0.0169520
26 0.1912864 0.6608786 0.0262591 0.0169520
27 0.1244450 0.7219057 0.0262591 0.0169520
27 0.5254931 0.4777971 0.0262591 0.0169520
22 0.3249690 0.5998514 0.0262591 0.0169520
14 0.2581277 0.6608786 0.0262591 0.0169520
10 0.1244450 0.4777971 0.0262591 0.0169520
6 0.5254931 0.5388243 0.0262591 0.0169520
25 0.1244450 0.5998514 0.0262591 0.0169520
20 0.3249690 0.7219057 0.0262591 0.0169520
