16 0.4492946 0.4780933 0.0254682 0.0161632
31 0.6900854 0.4174813 0.0254682 0.0173177
32 0.5633230 0.4428806 0.4179110 0.3959985
33 0.7589655 0.2593128 0.0104188 0.0150087
15 0.4492946 0.4174813 0.0254682 0.0173177
1 0.6900854 0.4780933 0.0254682 0.0161632
34 0.6900854 0.5970083 0.0509364 0.0507986
28 0.6900854 0.5970083 0.0254682 0.0161632
19 0.6900854 0.3574465 0.0254682 0.0173177
13 0.3890969 0.4174813 0.0254683 0.0173177
31 0.7491255 0.4174813 0.0254683 0.0173177
11 0.5083347 0.4780933 0.0254682 0.0161632
10 0.6900854 0.5381281 0.0254682 0.0161632
6 0.3890969 0.3574465 0.0254683 0.0173177
19 0.7491255 0.4780933 0.0254683 0.0161632
14 0.6293089 0.5970083 0.0243106 0.0161632
7 0.5083347 0.4174813 0.0254682 0.0173177
8 0.5691112 0.4174813 0.0243106 0.0173177
19 0.5691112 0.5381281 0.0243106 0.0161632
27 0.5083347 0.5970083 0.0254682 0.0161632
24 0.4492946 0.3574465 0.0254682 0.0173177
27 0.7491255 0.3574465 0.0254683 0.0173177
21 0.3890969 0.5381281 0.0254683 0.0161632
15 0.5083347 0.5381281 0.0254682 0.0161632
19 0.6293089 0.4174813 0.0243106 0.0173177
5 0.5691112 0.3574465 0.0243106 0.0173177
21 0.4492946 0.5381281 0.0254682 0.0161632
8 0.6293089 0.4780933 0.0243106 0.0161632
11 0.6293089 0.5381281 0.0243106 0.0161632
18 0.5691112 0.5970083 0.0243106 0.0161632
26 0.7491255 0.5970083 0.0254683 0.0161632
17 0.3890969 0.4780933 0.0254683 0.0161632
17 0.5083347 0.3574465 0.0254682 0.0173177
3 0.4492946 0.5970083 0.0254682 0.0161632
9 0.3890969 0.5970083 0.0254683 0.0161632
9 0.5691112 0.4780933 0.0243106 0.0161632
26 0.6293089 0.3574465 0.0243106 0.0173177
10 0.7491255 0.5381281 0.0254683 0.0161632
