29 0.7319244 0.4294341 0.0282899 0.0173690
9 0.5158923 0.3043771 0.0282899 0.0173690
32 0.5158923 0.4589615 0.5195056 0.5141233
33 0.5949755 0.2140582 0.0115731 0.0150532
3 0.3718710 0.3043771 0.0282899 0.0173690
28 0.5879030 0.3043771 0.0282899 0.0173690
34 0.4438816 0.4925416 0.0668671 0.0625286
29 0.4438816 0.4919627 0.0282899 0.0173690
30 0.7319244 0.4919627 0.0282899 0.0173690
1 0.2998603 0.5544911 0.0282899 0.0173690
25 0.6599137 0.3043771 0.0282899 0.0173690
3 0.7319244 0.3669056 0.0282899 0.0173690
31 0.5879030 0.3669056 0.0282899 0.0173690
27 0.5879030 0.4294341 0.0282899 0.0173690
15 0.6599137 0.4294341 0.0282899 0.0173690
13 0.2998603 0.4919627 0.0282899 0.0173690
24 0.2998603 0.4294341 0.0282899 0.0173690
19 0.4438816 0.4294341 0.0282899 0.0173690
7 0.6599137 0.5544911 0.0282899 0.0173690
3 0.3718710 0.4294341 0.0282899 0.0173690
3 0.7319244 0.5544911 0.0282899 0.0173690
8 0.5879030 0.5544911 0.0282899 0.0173690
26 0.5158923 0.4919627 0.0282899 0.0173690
2 0.6599137 0.4919627 0.0282899 0.0173690
25 0.5158923 0.4294341 0.0282899 0.0173690
6 0.7319244 0.3043771 0.0282899 0.0173690
1 0.3718710 0.5544911 0.0282899 0.0173690
14 0.4438816 0.5544911 0.0282899 0.0173690
8 0.4438816 0.3669056 0.0282899 0.0173690
27 0.5158923 0.5544911 0.0282899 0.0173690
28 0.5879030 0.4919627 0.0282899 0.0173690
5 0.3718710 0.3669056 0.0282899 0.0173690
19 0.2998603 0.3043771 0.0282899 0.0173690
17 0.4438816 0.3043771 0.0282899 0.0173690
20 0.6599137 0.3669056 0.0282899 0.0173690
5 0.2998603 0.3669056 0.0282899 0.0173690
12 0.3718710 0.4919627 0.0282899 0.0173690
24 0.5158923 0.3669056 0.0282899 0.0173690
