21 0.4420005 0.5452345 0.0262192 0.0170153
6 0.4420005 0.6677450 0.0262192 0.0170154
32 0.4420005 0.5741606 0.4814790 0.5036542
33 0.5152950 0.3342442 0.0107260 0.0147466
20 0.3085211 0.4839793 0.0262191 0.0170153
34 0.6422195 0.6070570 0.0619726 0.0612553
31 0.6422195 0.6064897 0.0262191 0.0170154
10 0.3085211 0.6064897 0.0262191 0.0170154
16 0.4420005 0.6064897 0.0262192 0.0170154
11 0.5754798 0.5452345 0.0262192 0.0170153
5 0.6422195 0.4839793 0.0262191 0.0170153
18 0.5087402 0.6677450 0.0262192 0.0170154
10 0.5087402 0.6064897 0.0262192 0.0170154
3 0.3752608 0.6064897 0.0262191 0.0170154
31 0.2417815 0.5452345 0.0262191 0.0170153
22 0.3085211 0.4227240 0.0262191 0.0170153
28 0.4420005 0.4227240 0.0262192 0.0170153
27 0.3085211 0.5452345 0.0262191 0.0170153
31 0.2417815 0.4227240 0.0262191 0.0170153
19 0.3752608 0.5452345 0.0262191 0.0170153
11 0.3752608 0.6677450 0.0262191 0.0170154
12 0.2417815 0.6677450 0.0262191 0.0170154
31 0.5754798 0.4227240 0.0262192 0.0170153
27 0.3752608 0.4839793 0.0262191 0.0170153
31 0.5754798 0.6064897 0.0262192 0.0170154
23 0.6422195 0.6677450 0.0262191 0.0170154
24 0.3752608 0.4227240 0.0262191 0.0170153
2 0.6422195 0.5452345 0.0262191 0.0170153
8 0.5754798 0.6677450 0.0262192 0.0170154
12 0.5087402 0.4839793 0.0262192 0.0170153
4 0.3085211 0.6677450 0.0262191 0.0170154
12 0.5087402 0.4227240 0.0262192 0.0170153
21 0.6422195 0.4227240 0.0262191 0.0170153
23 0.4420005 0.4839793 0.0262192 0.0170153
6 0.5754798 0.4839793 0.0262192 0.0170153
7 0.2417815 0.4839793 0.0262191 0.0170153
17 0.2417815 0.6064897 0.0262191 0.0170154
6 0.5087402 0.5452345 0.0262192 0.0170153
