3 0.6106238 0.5465428 0.0278443 0.0169845
9 0.5397474 0.5465428 0.0278443 0.0169845
32 0.6112566 0.4797371 0.5125886 0.4993438
33 0.6865628 0.2578066 0.0101252 0.0124553
16 0.5397474 0.3631104 0.0278443 0.0169845
22 0.5397474 0.4236884 0.0278443 0.0158522
34 0.7523767 0.4236884 0.0658138 0.0611442
28 0.7523767 0.4236884 0.0278443 0.0158522
14 0.5397474 0.4853987 0.0278443 0.0169845
19 0.7523767 0.4853987 0.0278443 0.0169845
10 0.8232532 0.6076869 0.0278443 0.0169845
13 0.5397474 0.6682649 0.0278443 0.0158522
27 0.6106238 0.6682649 0.0278443 0.0158522
4 0.6815002 0.6682649 0.0278443 0.0158522
14 0.3979944 0.4853987 0.0278443 0.0169845
1 0.8232532 0.6682649 0.0278443 0.0158522
26 0.4688709 0.6076869 0.0278443 0.0169845
7 0.3979944 0.4236884 0.0278443 0.0158522
1 0.7523767 0.6076869 0.0278443 0.0169845
18 0.6106238 0.3631104 0.0278443 0.0169845
25 0.4688709 0.3631104 0.0278443 0.0169845
5 0.7523767 0.5465428 0.0278443 0.0169845
5 0.4688709 0.5465428 0.0278443 0.0169845
28 0.3979944 0.6076869 0.0278443 0.0169845
24 0.8232532 0.3631104 0.0278443 0.0169845
11 0.3979944 0.5465428 0.0278443 0.0169845
4 0.4688709 0.4853987 0.0278443 0.0169845
4 0.6815002 0.5465428 0.0278443 0.0169845
9 0.7523767 0.6682649 0.0278443 0.0158522
15 0.4688709 0.4236884 0.0278443 0.0158522
3 0.8232532 0.4853987 0.0278443 0.0169845
29 0.4688709 0.6682649 0.0278443 0.0158522
29 0.7523767 0.3631104 0.0278443 0.0169845
12 0.3979944 0.6682649 0.0278443 0.0158522
28 0.8232532 0.5465428 0.0278443 0.0169845
26 0.6815002 0.3631104 0.0278443 0.0169845
12 0.6815002 0.6076869 0.0278443 0.0169845
27 0.6815002 0.4853987 0.0278443 0.0169845
1 0.8232532 0.4236884 0.0278443 0.0158522
28 0.5397474 0.6076869 0.0278443 0.0169845
25 0.6815002 0.4236884 0.0278443 0.0158522
30 0.6106238 0.4236884 0.0278443 0.0158522
14 0.6106238 0.6076869 0.0278443 0.0169845
16 0.6106238 0.4853987 0.0278443 0.0169845
13 0.3979944 0.3631104 0.0278443 0.0169845
