29 0.4221045 0.4841133 0.0277924 0.0161999
25 0.3513602 0.4841133 0.0277924 0.0161999
32 0.3507286 0.3426342 0.5065794 0.4784368
33 0.4284210 0.1169157 0.0126329 0.0140399
28 0.1391275 0.2508348 0.0277924 0.0161999
27 0.4221045 0.2508348 0.0277924 0.0161999
23 0.3513602 0.3091544 0.0277924 0.0161999
34 0.1391275 0.4263337 0.0656911 0.0583196
9 0.1391275 0.4257936 0.0277924 0.0161999
21 0.2098718 0.4257936 0.0277924 0.0161999
29 0.3513602 0.4257936 0.0277924 0.0161999
10 0.4928488 0.4257936 0.0277924 0.0161999
16 0.2098718 0.5424329 0.0277924 0.0161999
11 0.4928488 0.5424329 0.0277924 0.0161999
11 0.5635930 0.4257936 0.0277924 0.0161999
15 0.2098718 0.3674740 0.0277924 0.0161999
11 0.5635930 0.3091544 0.0277924 0.0161999
9 0.2098718 0.3091544 0.0277924 0.0161999
4 0.1391275 0.3091544 0.0277924 0.0161999
25 0.2098718 0.4841133 0.0277924 0.0161999
5 0.5635930 0.4841133 0.0277924 0.0161999
24 0.2806160 0.4257936 0.0277924 0.0161999
25 0.3513602 0.2508348 0.0277924 0.0161999
16 0.5635930 0.3674740 0.0277924 0.0161999
27 0.2806160 0.4841133 0.0277924 0.0161999
17 0.5635930 0.2508348 0.0277924 0.0161999
10 0.4928488 0.4841133 0.0277924 0.0161999
14 0.4221045 0.4257936 0.0277924 0.0161999
29 0.1391275 0.4841133 0.0277924 0.0161999
17 0.4221045 0.5424329 0.0277924 0.0161999
15 0.2806160 0.5424329 0.0277924 0.0161999
16 0.4928488 0.3091544 0.0277924 0.0161999
15 0.4928488 0.2508348 0.0277924 0.0161999
1 0.2806160 0.3091544 0.0277924 0.0161999
23 0.4928488 0.3674740 0.0277924 0.0161999
31 0.3513602 0.3674740 0.0277924 0.0161999
10 0.1391275 0.3674740 0.0277924 0.0161999
14 0.3513602 0.5424329 0.0277924 0.0161999
3 0.2806160 0.3674740 0.0277924 0.0161999
26 0.1391275 0.5424329 0.0277924 0.0161999
16 0.4221045 0.3674740 0.0277924 0.0161999
21 0.4221045 0.3091544 0.0277924 0.0161999
5 0.2806160 0.2508348 0.0277924 0.0161999
4 0.2098718 0.2508348 0.0277924 0.0161999
4 0.5635930 0.5424329 0.0277924 0.0161999
