26 0.5223894 0.6944507 0.0265054 0.0165807
11 0.8597302 0.6944507 0.0265054 0.0165807
32 0.6567233 0.5496459 0.4831203 0.4896835
33 0.7308179 0.3186214 0.0120479 0.0143699
23 0.4549212 0.4556885 0.0265054 0.0165807
16 0.5223894 0.5153791 0.0265054 0.0165807
13 0.6573257 0.5750696 0.0265054 0.0165807
9 0.7247939 0.5750696 0.0265054 0.0165807
22 0.5223894 0.6347602 0.0265054 0.0165807
8 0.7922621 0.6944507 0.0265054 0.0165807
2 0.6573257 0.7541413 0.0265054 0.0165807
34 0.7247939 0.7546940 0.0626491 0.0596906
29 0.7247939 0.7541413 0.0265054 0.0165807
7 0.7922621 0.7541413 0.0265054 0.0165807
13 0.5898576 0.6347602 0.0265054 0.0165807
14 0.5223894 0.5750696 0.0265054 0.0165807
31 0.8597302 0.5750696 0.0265054 0.0165807
13 0.4549212 0.5153791 0.0265054 0.0165807
19 0.8597302 0.4556885 0.0265054 0.0165807
5 0.6573257 0.5153791 0.0265054 0.0165807
26 0.8597302 0.7541413 0.0265054 0.0165807
1 0.5898576 0.5153791 0.0265054 0.0165807
31 0.7247939 0.6944507 0.0265054 0.0165807
14 0.5223894 0.7541413 0.0265054 0.0165807
12 0.4549212 0.7541413 0.0265054 0.0165807
17 0.5223894 0.4556885 0.0265054 0.0165807
29 0.5898576 0.4556885 0.0265054 0.0165807
19 0.4549212 0.5750696 0.0265054 0.0165807
12 0.7922621 0.4556885 0.0265054 0.0165807
18 0.5898576 0.7541413 0.0265054 0.0165807
28 0.7247939 0.6347602 0.0265054 0.0165807
12 0.6573257 0.4556885 0.0265054 0.0165807
25 0.8597302 0.6347602 0.0265054 0.0165807
2 0.7922621 0.5153791 0.0265054 0.0165807
3 0.7247939 0.5153791 0.0265054 0.0165807
25 0.7247939 0.4556885 0.0265054 0.0165807
10 0.7922621 0.5750696 0.0265054 0.0165807
1 0.4549212 0.6347602 0.0265054 0.0165807
8 0.6573257 0.6347602 0.0265054 0.0165807
17 0.7922621 0.6347602 0.0265054 0.0165807
2 0.5898576 0.6944507 0.0265054 0.0165807
8 0.8597302 0.5153791 0.0265054 0.0165807
17 0.4549212 0.6944507 0.0265054 0.0165807
29 0.6573257 0.6944507 0.0265054 0.0165807
18 0.5898576 0.5750696 0.0265054 0.0165807
