13 0.2406136 0.5605304 0.0282412 0.0170129
13 0.2406136 0.3155449 0.0282412 0.0170129
32 0.4569156 0.4323667 0.5198949 0.5001788
33 0.5332952 0.2100650 0.0102695 0.0124761
3 0.6000471 0.3155449 0.0282412 0.0170129
27 0.3125003 0.3762242 0.0282412 0.0158787
1 0.3843870 0.3762242 0.0282412 0.0158787
9 0.2406136 0.4380377 0.0282412 0.0170129
34 0.6000471 0.4374706 0.0667519 0.0612463
14 0.6000471 0.4380377 0.0282412 0.0170129
7 0.3125003 0.4992841 0.0282412 0.0170129
4 0.5281604 0.4992841 0.0282412 0.0170129
20 0.3125003 0.5605304 0.0282412 0.0170129
26 0.6719337 0.6212097 0.0282412 0.0158787
15 0.3843870 0.4380377 0.0282412 0.0170129
13 0.5281604 0.5605304 0.0282412 0.0170129
16 0.2406136 0.4992841 0.0282412 0.0170129
17 0.4562737 0.4380377 0.0282412 0.0170129
15 0.3843870 0.3155449 0.0282412 0.0170129
24 0.6719337 0.5605304 0.0282412 0.0170129
29 0.6719337 0.4992841 0.0282412 0.0170129
8 0.3125003 0.3155449 0.0282412 0.0170129
11 0.2406136 0.3762242 0.0282412 0.0158787
25 0.4562737 0.5605304 0.0282412 0.0170129
14 0.4562737 0.6212097 0.0282412 0.0158787
22 0.4562737 0.3155449 0.0282412 0.0170129
18 0.2406136 0.6212097 0.0282412 0.0158787
29 0.5281604 0.6212097 0.0282412 0.0158787
17 0.3843870 0.6212097 0.0282412 0.0158787
11 0.4562737 0.4992841 0.0282412 0.0170129
29 0.6000471 0.5605304 0.0282412 0.0170129
10 0.4562737 0.3762242 0.0282412 0.0158787
12 0.6719337 0.3155449 0.0282412 0.0170129
6 0.5281604 0.3155449 0.0282412 0.0170129
1 0.3843870 0.5605304 0.0282412 0.0170129
22 0.5281604 0.3762242 0.0282412 0.0158787
6 0.6000471 0.6212097 0.0282412 0.0158787
8 0.3125003 0.6212097 0.0282412 0.0158787
9 0.3843870 0.4992841 0.0282412 0.0170129
1 0.6719337 0.3762242 0.0282412 0.0158787
2 0.6000471 0.3762242 0.0282412 0.0158787
11 0.6000471 0.4992841 0.0282412 0.0170129
19 0.5281604 0.4380377 0.0282412 0.0170129
6 0.6719337 0.4380377 0.0282412 0.0170129
5 0.3125003 0.4380377 0.0282412 0.0170129
