23 0.2739292 0.4150535 0.0280638 0.0167778
2 0.4882342 0.2338535 0.0280637 0.0167778
32 0.3453642 0.3831757 0.5153524 0.4966221
33 0.4238151 0.1466091 0.0114806 0.0145407
9 0.2739292 0.2338535 0.0280638 0.0167778
31 0.5596692 0.2338535 0.0280637 0.0167778
2 0.2024942 0.2942535 0.0280637 0.0167778
34 0.4167992 0.2948128 0.0663325 0.0604000
25 0.4167992 0.2942535 0.0280637 0.0167778
10 0.5596692 0.2942535 0.0280637 0.0167778
1 0.2739292 0.3546535 0.0280638 0.0167778
7 0.4882342 0.3546535 0.0280637 0.0167778
15 0.5596692 0.4150535 0.0280637 0.0167778
13 0.2024942 0.4754535 0.0280637 0.0167778
21 0.4167992 0.4150535 0.0280637 0.0167778
29 0.3453642 0.2942535 0.0280637 0.0167778
4 0.2739292 0.2942535 0.0280638 0.0167778
31 0.4882342 0.4754535 0.0280637 0.0167778
30 0.4167992 0.2338535 0.0280637 0.0167778
2 0.1310593 0.3546535 0.0280637 0.0167778
24 0.1310593 0.4754535 0.0280637 0.0167778
17 0.2739292 0.4754535 0.0280638 0.0167778
21 0.3453642 0.2338535 0.0280637 0.0167778
30 0.4882342 0.4150535 0.0280637 0.0167778
7 0.5596692 0.4754535 0.0280637 0.0167778
2 0.3453642 0.4754535 0.0280637 0.0167778
3 0.4167992 0.4754535 0.0280637 0.0167778
13 0.4167992 0.3546535 0.0280637 0.0167778
10 0.2024942 0.5358534 0.0280637 0.0167778
16 0.4882342 0.2942535 0.0280637 0.0167778
2 0.1310593 0.5358534 0.0280637 0.0167778
16 0.3453642 0.5358534 0.0280637 0.0167778
2 0.2024942 0.2338535 0.0280637 0.0167778
21 0.1310593 0.2942535 0.0280637 0.0167778
17 0.3453642 0.4150535 0.0280637 0.0167778
24 0.1310593 0.4150535 0.0280637 0.0167778
13 0.2024942 0.3546535 0.0280637 0.0167778
26 0.1310593 0.2338535 0.0280637 0.0167778
9 0.2739292 0.5358534 0.0280638 0.0167778
15 0.3453642 0.3546535 0.0280637 0.0167778
16 0.4167992 0.5358534 0.0280637 0.0167778
24 0.5596692 0.5358534 0.0280637 0.0167778
22 0.5596692 0.3546535 0.0280637 0.0167778
20 0.2024942 0.4150535 0.0280637 0.0167778
15 0.4882342 0.5358534 0.0280637 0.0167778
