30 0.3787469 0.6828299 0.0271674 0.0171250
28 0.3787469 0.6211799 0.0271674 0.0171250
32 0.4472829 0.5732299 0.4951874 0.4966246
33 0.5238455 0.3374759 0.0111139 0.0137000
25 0.5170537 0.6211799 0.0271674 0.0171250
34 0.6553603 0.6217508 0.0642138 0.0616499
19 0.6553603 0.6211799 0.0271674 0.0171250
5 0.3095936 0.6828299 0.0271674 0.0171250
4 0.2404403 0.5595300 0.0271674 0.0171250
1 0.6553603 0.6828299 0.0271674 0.0171250
2 0.5170537 0.4362300 0.0271674 0.0171250
7 0.6553603 0.4362300 0.0271674 0.0171250
18 0.3787469 0.5595300 0.0271674 0.0171250
27 0.4479003 0.6211799 0.0271674 0.0171250
18 0.5170537 0.6828299 0.0271674 0.0171250
30 0.5862070 0.6828299 0.0271674 0.0171250
28 0.3787469 0.4362300 0.0271674 0.0171250
16 0.5862070 0.6211799 0.0271674 0.0171250
19 0.3095936 0.6211799 0.0271674 0.0171250
20 0.3095936 0.4978800 0.0271674 0.0171250
25 0.3095936 0.4362300 0.0271674 0.0171250
31 0.3095936 0.5595300 0.0271674 0.0171250
3 0.5170537 0.4978800 0.0271674 0.0171250
30 0.5170537 0.5595300 0.0271674 0.0171250
18 0.4479003 0.5595300 0.0271674 0.0171250
25 0.2404403 0.6211799 0.0271674 0.0171250
16 0.6553603 0.4978800 0.0271674 0.0171250
30 0.5862070 0.4978800 0.0271674 0.0171250
19 0.4479003 0.4978800 0.0271674 0.0171250
3 0.5862070 0.4362300 0.0271674 0.0171250
2 0.2404403 0.4978800 0.0271674 0.0171250
29 0.6553603 0.5595300 0.0271674 0.0171250
31 0.5862070 0.5595300 0.0271674 0.0171250
2 0.2404403 0.4362300 0.0271674 0.0171250
27 0.2404403 0.6828299 0.0271674 0.0171250
27 0.4479003 0.4362300 0.0271674 0.0171250
19 0.3787469 0.4978800 0.0271674 0.0171250
17 0.4479003 0.6828299 0.0271674 0.0171250
