1 0.7361130 0.5615465 0.0232241 0.0149976
14 0.9002653 0.4512074 0.0221684 0.0149976
32 0.8247752 0.4185341 0.3504496 0.3674399
30 0.9989561 0.4512074 0.0020879 0.0149976
34 0.8448441 0.5615465 0.0464482 0.0471351
18 0.8453719 0.5615465 0.0221685 0.0149976
30 0.9989561 0.5069126 0.0020879 0.0149976
20 0.9556864 0.3949666 0.0232241 0.0160688
13 0.7361130 0.3392614 0.0232241 0.0160688
19 0.9989561 0.5615465 0.0020879 0.0149976
15 0.8453719 0.3949666 0.0221685 0.0160688
12 0.9002653 0.3392614 0.0221684 0.0160688
19 0.7361130 0.5069126 0.0232241 0.0149976
9 0.7361130 0.4512074 0.0232241 0.0149976
22 0.9002653 0.5615465 0.0221684 0.0149976
10 0.9989561 0.3949666 0.0020879 0.0160688
19 0.9989561 0.3392614 0.0020879 0.0160688
13 0.9556864 0.4512074 0.0232241 0.0149976
11 0.7899507 0.5069126 0.0232241 0.0149976
11 0.8453719 0.4512074 0.0221685 0.0149976
12 0.8453719 0.3392614 0.0221685 0.0160688
8 0.7899507 0.3392614 0.0232241 0.0160688
29 0.7899507 0.5615465 0.0232241 0.0149976
24 0.9556864 0.3392614 0.0232241 0.0160688
21 0.6812196 0.5615465 0.0232241 0.0149976
11 0.7361130 0.3949666 0.0232241 0.0160688
15 0.7899507 0.4512074 0.0232241 0.0149976
12 0.6812196 0.3949666 0.0232241 0.0160688
31 0.9556864 0.5615465 0.0232241 0.0149976
5 0.7899507 0.3949666 0.0232241 0.0160688
5 0.6812196 0.5069126 0.0232241 0.0149976
29 0.6812196 0.3392614 0.0232241 0.0160688
21 0.9556864 0.5069126 0.0232241 0.0149976
4 0.9002653 0.3949666 0.0221684 0.0160688
14 0.8453719 0.5069126 0.0221685 0.0149976
17 0.6812196 0.4512074 0.0232241 0.0149976
4 0.9002653 0.5069126 0.0221684 0.0149976
