16 0.0437489 0.5132075 0.0277682 0.0170035
24 0.3971619 0.4519947 0.0277682 0.0170035
32 0.2560045 0.6033263 0.5095089 0.5033053
33 0.3334213 0.3635762 0.0113597 0.0147364
25 0.4678445 0.4519947 0.0277682 0.0170035
34 0.4678445 0.5137743 0.0656339 0.0612128
28 0.4678445 0.5132075 0.0277682 0.0170035
31 0.1851141 0.6356331 0.0277682 0.0170035
11 0.1144315 0.5744203 0.0277682 0.0170036
9 0.0437489 0.4519947 0.0277682 0.0170035
29 0.4678445 0.5744203 0.0277682 0.0170036
27 0.2557967 0.6968459 0.0277682 0.0170036
27 0.4678445 0.6356331 0.0277682 0.0170035
13 0.3971619 0.6356331 0.0277682 0.0170035
19 0.1851141 0.6968459 0.0277682 0.0170036
18 0.1144315 0.6968459 0.0277682 0.0170036
10 0.3971619 0.5132075 0.0277682 0.0170035
17 0.3971619 0.6968459 0.0277682 0.0170036
15 0.0437489 0.6968459 0.0277682 0.0170036
15 0.3264793 0.6968459 0.0277682 0.0170036
2 0.2557967 0.5132075 0.0277682 0.0170035
2 0.2557967 0.5744203 0.0277682 0.0170036
23 0.4678445 0.6968459 0.0277682 0.0170036
19 0.3264793 0.6356331 0.0277682 0.0170035
19 0.3264793 0.5744203 0.0277682 0.0170036
31 0.1851141 0.5744203 0.0277682 0.0170036
26 0.3264793 0.4519947 0.0277682 0.0170035
23 0.3264793 0.5132075 0.0277682 0.0170035
18 0.1144315 0.4519947 0.0277682 0.0170035
10 0.1851141 0.4519947 0.0277682 0.0170035
10 0.2557967 0.6356331 0.0277682 0.0170035
5 0.1144315 0.5132075 0.0277682 0.0170035
21 0.3971619 0.5744203 0.0277682 0.0170036
5 0.0437489 0.5744203 0.0277682 0.0170036
9 0.0437489 0.6356331 0.0277682 0.0170035
16 0.2557967 0.4519947 0.0277682 0.0170035
13 0.1851141 0.5132075 0.0277682 0.0170035
7 0.1144315 0.6356331 0.0277682 0.0170035
