13 0.7723170 0.4107356 0.0251338 0.0153911
18 0.5346882 0.2386857 0.0251338 0.0164904
32 0.6472192 0.3200384 0.4124231 0.3770806
33 0.8402926 0.1452401 0.0102821 0.0142917
34 0.7723170 0.2381361 0.0502677 0.0483719
5 0.7723170 0.2386857 0.0251338 0.0164904
6 0.5346882 0.2958525 0.0251338 0.0164904
6 0.5929530 0.3535689 0.0251338 0.0153911
9 0.5929530 0.2386857 0.0251338 0.0164904
21 0.7723170 0.4668030 0.0251338 0.0153911
17 0.8305819 0.4668030 0.0251338 0.0153911
15 0.7123386 0.3535689 0.0239914 0.0153911
25 0.7123386 0.4668030 0.0239914 0.0153911
12 0.7723170 0.2958525 0.0251338 0.0164904
20 0.7123386 0.4107356 0.0239914 0.0153911
2 0.4752810 0.4668030 0.0251338 0.0153911
7 0.8305819 0.3535689 0.0251338 0.0153911
16 0.8305819 0.2386857 0.0251338 0.0164904
7 0.7723170 0.3535689 0.0251338 0.0153911
31 0.8305819 0.2958525 0.0251338 0.0164904
30 0.5929530 0.4107356 0.0251338 0.0153911
24 0.7123386 0.2386857 0.0239914 0.0164904
14 0.7123386 0.2958525 0.0239914 0.0164904
30 0.4752810 0.3535689 0.0251338 0.0153911
22 0.6529315 0.4107356 0.0239914 0.0153911
1 0.5929530 0.2958525 0.0251338 0.0164904
25 0.4752810 0.2958525 0.0251338 0.0164904
1 0.6529315 0.3535689 0.0239914 0.0153911
23 0.6529315 0.2386857 0.0239914 0.0164904
21 0.8305819 0.4107356 0.0251338 0.0153911
21 0.5929530 0.4668030 0.0251338 0.0153911
18 0.5346882 0.3535689 0.0251338 0.0153911
30 0.6529315 0.4668030 0.0239914 0.0153911
10 0.5346882 0.4668030 0.0251338 0.0153911
17 0.6529315 0.2958525 0.0239914 0.0164904
8 0.4752810 0.2386857 0.0251338 0.0164904
25 0.4752810 0.4107356 0.0251338 0.0153911
18 0.5346882 0.4107356 0.0251338 0.0153911
