7 0.2856882 0.7201547 0.0272895 0.0166855
16 0.2856882 0.5399508 0.0272895 0.0166855
32 0.4239967 0.5532993 0.4974141 0.4838808
33 0.5009035 0.3235949 0.0111639 0.0133484
15 0.2162239 0.4198149 0.0272896 0.0166856
21 0.2856882 0.4198149 0.0272895 0.0166856
13 0.4940812 0.4198149 0.0272895 0.0166856
20 0.2162239 0.6000188 0.0272896 0.0166855
26 0.3551525 0.6000188 0.0272895 0.0166855
14 0.2162239 0.6600867 0.0272896 0.0166855
34 0.3551525 0.7207109 0.0645026 0.0600680
25 0.3551525 0.7201547 0.0272895 0.0166855
9 0.4246169 0.7201547 0.0272896 0.0166855
22 0.6330098 0.7201547 0.0272895 0.0166855
20 0.4246169 0.6000188 0.0272896 0.0166855
31 0.4246169 0.6600867 0.0272896 0.0166855
30 0.2856882 0.6600867 0.0272895 0.0166855
30 0.6330098 0.6000188 0.0272895 0.0166855
3 0.2856882 0.4798829 0.0272895 0.0166856
2 0.5635455 0.4198149 0.0272895 0.0166856
25 0.3551525 0.5399508 0.0272895 0.0166855
28 0.3551525 0.6600867 0.0272895 0.0166855
19 0.6330098 0.4798829 0.0272895 0.0166856
26 0.4940812 0.7201547 0.0272895 0.0166855
7 0.5635455 0.6600867 0.0272895 0.0166855
27 0.2162239 0.7201547 0.0272896 0.0166855
5 0.4940812 0.6600867 0.0272895 0.0166855
13 0.4246169 0.4198149 0.0272896 0.0166856
30 0.6330098 0.6600867 0.0272895 0.0166855
6 0.3551525 0.4798829 0.0272895 0.0166856
26 0.2856882 0.6000188 0.0272895 0.0166855
4 0.3551525 0.4198149 0.0272895 0.0166856
15 0.2162239 0.5399508 0.0272896 0.0166855
2 0.4246169 0.5399508 0.0272896 0.0166855
28 0.5635455 0.4798829 0.0272895 0.0166856
26 0.4940812 0.5399508 0.0272895 0.0166855
20 0.4940812 0.4798829 0.0272895 0.0166856
17 0.4940812 0.6000188 0.0272895 0.0166855
21 0.5635455 0.5399508 0.0272895 0.0166855
17 0.5635455 0.7201547 0.0272895 0.0166855
20 0.4246169 0.4798829 0.0272896 0.0166856
3 0.5635455 0.6000188 0.0272895 0.0166855
13 0.6330098 0.4198149 0.0272895 0.0166856
13 0.2162239 0.4798829 0.0272896 0.0166856
24 0.6330098 0.5399508 0.0272895 0.0166855
