30 0.6260427 0.5544681 0.0238193 0.0152005
24 0.8302083 0.4160347 0.0238193 0.0162862
32 0.6674429 0.4317781 0.3879145 0.4755591
33 0.8012848 0.2466575 0.0136110 0.0184578
14 0.5750013 0.3465467 0.0238193 0.0162863
34 0.7281254 0.5550110 0.0442359 0.0423443
17 0.7281255 0.5544681 0.0238193 0.0152005
30 0.5750013 0.5544681 0.0238193 0.0152005
17 0.6770841 0.5544681 0.0238193 0.0152005
27 0.5750013 0.4855229 0.0238193 0.0162863
15 0.7281255 0.4855229 0.0238193 0.0162863
4 0.5750013 0.4160347 0.0238193 0.0162862
7 0.5239599 0.4855229 0.0238193 0.0162863
17 0.8302083 0.3465467 0.0238193 0.0162863
31 0.7791669 0.3465467 0.0238193 0.0162863
25 0.8302083 0.4855229 0.0238193 0.0162863
2 0.6260427 0.4855229 0.0238193 0.0162863
22 0.5750013 0.6239562 0.0238193 0.0152005
4 0.6770841 0.6239562 0.0238193 0.0152005
17 0.7281255 0.6239562 0.0238193 0.0152005
30 0.6770841 0.4855229 0.0238193 0.0162863
5 0.7281255 0.4160347 0.0238193 0.0162862
11 0.5239599 0.5544681 0.0238193 0.0152005
30 0.6260427 0.3465467 0.0238193 0.0162863
10 0.6260427 0.6239562 0.0238193 0.0152005
4 0.6770841 0.3465467 0.0238193 0.0162863
22 0.7281255 0.3465467 0.0238193 0.0162863
2 0.7791669 0.6239562 0.0238193 0.0152005
8 0.6260427 0.4160347 0.0238193 0.0162862
20 0.6770841 0.4160347 0.0238193 0.0162862
10 0.5239599 0.4160347 0.0238193 0.0162862
1 0.8302083 0.6239562 0.0238193 0.0152005
20 0.7791669 0.5544681 0.0238193 0.0152005
28 0.8302083 0.5544681 0.0238193 0.0152005
28 0.5239599 0.6239562 0.0238193 0.0152005
15 0.5239599 0.3465467 0.0238193 0.0162863
28 0.7791669 0.4855229 0.0238193 0.0162863
1 0.7791669 0.4160347 0.0238193 0.0162862
