3 0.4686230 0.4351758 0.0277176 0.0170109
23 0.4686230 0.4964151 0.0277176 0.0170109
32 0.6097311 0.4640944 0.5089966 0.5035223
33 0.6872144 0.2242409 0.0113390 0.0147428
17 0.4686230 0.3126975 0.0277176 0.0170109
34 0.6097311 0.3132645 0.0655144 0.0612392
9 0.6097310 0.3126975 0.0277177 0.0170109
5 0.6802850 0.3126975 0.0277176 0.0170109
20 0.8213930 0.3739367 0.0277176 0.0170109
3 0.3980691 0.4964151 0.0277176 0.0170109
1 0.6097310 0.4964151 0.0277177 0.0170109
15 0.5391771 0.5576542 0.0277177 0.0170108
4 0.6802850 0.5576542 0.0277176 0.0170108
13 0.8213930 0.5576542 0.0277176 0.0170108
16 0.7508390 0.3739367 0.0277177 0.0170109
25 0.8213930 0.6188934 0.0277176 0.0170109
27 0.8213930 0.3126975 0.0277176 0.0170109
18 0.5391771 0.3126975 0.0277177 0.0170109
13 0.6097310 0.6188934 0.0277177 0.0170109
17 0.7508390 0.4351758 0.0277177 0.0170109
5 0.7508390 0.5576542 0.0277177 0.0170108
30 0.5391771 0.6188934 0.0277177 0.0170109
28 0.6097310 0.3739367 0.0277177 0.0170109
12 0.3980691 0.3739367 0.0277176 0.0170109
26 0.8213930 0.4964151 0.0277176 0.0170109
18 0.6802850 0.6188934 0.0277176 0.0170109
25 0.5391771 0.3739367 0.0277177 0.0170109
7 0.7508390 0.4964151 0.0277177 0.0170109
1 0.3980691 0.3126975 0.0277176 0.0170109
2 0.3980691 0.5576542 0.0277176 0.0170108
23 0.3980691 0.4351758 0.0277176 0.0170109
2 0.7508390 0.3126975 0.0277177 0.0170109
26 0.3980691 0.6188934 0.0277176 0.0170109
30 0.7508390 0.6188934 0.0277177 0.0170109
4 0.6097310 0.4351758 0.0277177 0.0170109
26 0.4686230 0.6188934 0.0277176 0.0170109
1 0.6802850 0.4351758 0.0277176 0.0170109
18 0.4686230 0.5576542 0.0277176 0.0170108
23 0.5391771 0.4351758 0.0277177 0.0170109
4 0.4686230 0.3739367 0.0277176 0.0170109
17 0.6802850 0.4964151 0.0277176 0.0170109
5 0.5391771 0.4964151 0.0277177 0.0170109
12 0.6802850 0.3739367 0.0277176 0.0170109
15 0.6097310 0.5576542 0.0277177 0.0170108
5 0.8213930 0.4351758 0.0277176 0.0170109
