10 0.5157239 0.2987354 0.0231570 0.0160344
3 0.5670003 0.3497019 0.0242598 0.0171798
32 0.5179294 0.2374609 0.4113135 0.4294937
33 0.6927101 0.0702447 0.0088217 0.0125985
16 0.5670003 0.1486989 0.0242598 0.0160344
11 0.5670003 0.1979475 0.0242598 0.0160344
35 0.6717585 0.1979475 0.0441087 0.0458126
26 0.6717585 0.1979475 0.0242598 0.0160344
14 0.5157239 0.2483414 0.0231570 0.0160344
20 0.5670003 0.2483414 0.0242598 0.0160344
2 0.6188280 0.2483414 0.0242598 0.0160344
1 0.3596895 0.3497019 0.0242598 0.0171798
27 0.4126199 0.4000959 0.0242598 0.0171797
12 0.4638962 0.4000959 0.0231571 0.0171797
21 0.5157239 0.1979475 0.0231570 0.0160344
27 0.4126199 0.3497019 0.0242598 0.0171798
16 0.5157239 0.1486989 0.0231570 0.0160344
22 0.6188280 0.4000959 0.0242598 0.0171797
26 0.3596895 0.1486989 0.0242598 0.0160344
28 0.6188280 0.2987354 0.0242598 0.0160344
30 0.3596895 0.2987354 0.0242598 0.0160344
10 0.5157239 0.3497019 0.0231570 0.0171798
31 0.4638962 0.2483414 0.0231571 0.0160344
6 0.4126199 0.1486989 0.0242598 0.0160344
18 0.3596895 0.1979475 0.0242598 0.0160344
28 0.6717585 0.4000959 0.0242598 0.0171797
18 0.6717585 0.3497019 0.0242598 0.0171798
8 0.5670003 0.2987354 0.0242598 0.0160344
30 0.3596895 0.2483414 0.0242598 0.0160344
20 0.6188280 0.1486989 0.0242598 0.0160344
4 0.6717585 0.2483414 0.0242598 0.0160344
10 0.6188280 0.1979475 0.0242598 0.0160344
12 0.4126199 0.1979475 0.0242598 0.0160344
29 0.5670003 0.4000959 0.0242598 0.0171797
1 0.6717585 0.2987354 0.0242598 0.0160344
11 0.4638962 0.2987354 0.0231571 0.0160344
3 0.6188280 0.3497019 0.0242598 0.0171798
17 0.3596895 0.4000959 0.0242598 0.0171797
23 0.5157239 0.4000959 0.0231570 0.0171797
19 0.4126199 0.2483414 0.0242598 0.0160344
25 0.4126199 0.2987354 0.0242598 0.0160344
5 0.4638962 0.3497019 0.0231571 0.0171798
22 0.6717585 0.1486989 0.0242598 0.0160344
23 0.4638962 0.1979475 0.0231571 0.0160344
9 0.4638962 0.1486989 0.0231571 0.0160344
