28 0.4107378 0.5371395 0.0248518 0.0157534
8 0.7620515 0.3036519 0.0248518 0.0168786
32 0.5807465 0.3869197 0.4077949 0.3859578
33 0.7716532 0.2080063 0.0101666 0.0146282
34 0.5270893 0.5371395 0.0497035 0.0495106
24 0.5270893 0.5371395 0.0248518 0.0157534
13 0.7620515 0.5371395 0.0248518 0.0157534
27 0.4694784 0.4212396 0.0248518 0.0157534
8 0.7044405 0.4797522 0.0248518 0.0157534
23 0.6451352 0.5371395 0.0237221 0.0157534
26 0.4107378 0.4797522 0.0248518 0.0157534
3 0.7044405 0.4212396 0.0248518 0.0157534
23 0.6451352 0.3036519 0.0237221 0.0168786
31 0.6451352 0.4797522 0.0237221 0.0157534
1 0.4694784 0.5371395 0.0248518 0.0157534
27 0.6451352 0.3621644 0.0237221 0.0168786
10 0.4694784 0.3036519 0.0248518 0.0168786
15 0.4694784 0.4797522 0.0248518 0.0157534
1 0.5863947 0.4212396 0.0237222 0.0157534
9 0.4107378 0.4212396 0.0248518 0.0157534
11 0.7620515 0.3621644 0.0248518 0.0168786
10 0.5270893 0.3036519 0.0248518 0.0168786
19 0.6451352 0.4212396 0.0237221 0.0157534
12 0.4694784 0.3621644 0.0248518 0.0168786
7 0.5863947 0.4797522 0.0237222 0.0157534
5 0.5863947 0.5371395 0.0237222 0.0157534
3 0.7620515 0.4212396 0.0248518 0.0157534
20 0.4107378 0.3621644 0.0248518 0.0168786
6 0.5270893 0.4212396 0.0248518 0.0157534
4 0.7044405 0.5371395 0.0248518 0.0157534
13 0.7620515 0.4797522 0.0248518 0.0157534
21 0.5863947 0.3036519 0.0237222 0.0168786
19 0.5863947 0.3621644 0.0237222 0.0168786
6 0.7044405 0.3621644 0.0248518 0.0168786
1 0.5270893 0.4797522 0.0248518 0.0157534
14 0.5270893 0.3621644 0.0248518 0.0168786
2 0.4107378 0.3036519 0.0248518 0.0168786
19 0.7044405 0.3036519 0.0248518 0.0168786
