31 0.5378377 0.4192735 0.0239794 0.0171796
5 0.6571635 0.5973686 0.0251212 0.0160343
32 0.5321284 0.4444703 0.4122163 0.3928398
33 0.7251050 0.2623667 0.0102768 0.0148890
34 0.5977861 0.5389580 0.0502424 0.0503934
11 0.5972152 0.5389580 0.0239794 0.0160343
14 0.4196538 0.5973686 0.0251212 0.0160343
12 0.4778894 0.5389580 0.0251212 0.0160343
13 0.6571635 0.5389580 0.0251212 0.0160343
30 0.3602764 0.5389580 0.0251212 0.0160343
24 0.5378377 0.3597177 0.0239794 0.0171796
20 0.6571635 0.4794021 0.0251212 0.0160343
6 0.5972152 0.3597177 0.0239794 0.0171796
19 0.4196538 0.4794021 0.0251212 0.0160343
16 0.4196538 0.4192735 0.0251212 0.0171796
30 0.5972152 0.5973686 0.0239794 0.0160343
15 0.7153990 0.5389580 0.0251212 0.0160343
22 0.7153990 0.5973686 0.0251212 0.0160343
10 0.4196538 0.5389580 0.0251212 0.0160343
21 0.4778894 0.4192735 0.0251212 0.0171796
29 0.3602764 0.4794021 0.0251212 0.0160343
22 0.3602764 0.5973686 0.0251212 0.0160343
20 0.5972152 0.4794021 0.0239794 0.0160343
1 0.6571635 0.3597177 0.0251212 0.0171796
2 0.4778894 0.4794021 0.0251212 0.0160343
13 0.4778894 0.5973686 0.0251212 0.0160343
24 0.7153990 0.4794021 0.0251212 0.0160343
9 0.6571635 0.4192735 0.0251212 0.0171796
8 0.7153990 0.4192735 0.0251212 0.0171796
31 0.5378377 0.4794021 0.0239794 0.0160343
9 0.4196538 0.3597177 0.0251212 0.0171796
19 0.4778894 0.3597177 0.0251212 0.0171796
29 0.7153990 0.3597177 0.0251212 0.0171796
3 0.5972152 0.4192735 0.0239794 0.0171796
26 0.3602764 0.4192735 0.0251212 0.0171796
20 0.5378377 0.5389580 0.0239794 0.0160343
13 0.3602764 0.3597177 0.0251212 0.0171796
5 0.5378377 0.5973686 0.0239794 0.0160343
