19 0.5120563 0.5490467 0.0232518 0.0174807
18 0.2131042 0.6976324 0.0232518 0.0163153
32 0.3531687 0.4913604 0.3786727 0.5104358
33 0.4838219 0.2926634 0.0132868 0.0198114
25 0.4124056 0.3998782 0.0232518 0.0174807
34 0.3127549 0.6236309 0.0431820 0.0454498
26 0.3127549 0.6230482 0.0232518 0.0163153
1 0.3127549 0.4744624 0.0232518 0.0174807
18 0.4124056 0.4744624 0.0232518 0.0174807
11 0.4622309 0.5490467 0.0232519 0.0174807
11 0.2629295 0.6230482 0.0232518 0.0163153
10 0.4622309 0.3998782 0.0232519 0.0174807
5 0.2629295 0.3998782 0.0232518 0.0174807
12 0.5120563 0.3998782 0.0232518 0.0174807
30 0.5120563 0.6230482 0.0232518 0.0163153
4 0.2629295 0.4744624 0.0232518 0.0174807
31 0.4622309 0.6976324 0.0232519 0.0163153
24 0.2131042 0.3998782 0.0232518 0.0174807
18 0.3625802 0.3998782 0.0232518 0.0174807
24 0.3127549 0.3998782 0.0232518 0.0174807
27 0.2131042 0.4744624 0.0232518 0.0174807
29 0.4622309 0.6230482 0.0232519 0.0163153
16 0.4622309 0.4744624 0.0232519 0.0174807
30 0.2131042 0.6230482 0.0232518 0.0163153
29 0.4124056 0.6230482 0.0232518 0.0163153
6 0.3625802 0.6230482 0.0232518 0.0163153
16 0.2629295 0.5490467 0.0232518 0.0174807
5 0.3625802 0.6976324 0.0232518 0.0163153
15 0.3127549 0.6976324 0.0232518 0.0163153
3 0.2131042 0.5490467 0.0232518 0.0174807
2 0.5120563 0.4744624 0.0232518 0.0174807
22 0.4124056 0.6976324 0.0232518 0.0163153
12 0.3127549 0.5490467 0.0232518 0.0174807
14 0.3625802 0.5490467 0.0232518 0.0174807
27 0.2629295 0.6976324 0.0232518 0.0163153
15 0.3625802 0.4744624 0.0232518 0.0174807
19 0.4124056 0.5490467 0.0232518 0.0174807
30 0.5120563 0.6976324 0.0232518 0.0163153
