4 0.2569596 0.3168408 0.0243438 0.0152276
17 0.4754741 0.2222118 0.0255030 0.0152277
32 0.3137617 0.3065078 0.4323922 0.4078836
33 0.4974994 0.1477051 0.0092738 0.0119646
35 0.1474125 0.2689825 0.0463691 0.0435076
17 0.1474125 0.2689825 0.0255030 0.0152276
28 0.2030554 0.3168408 0.0255030 0.0152276
26 0.3653474 0.3168408 0.0255030 0.0152276
2 0.2569596 0.3646992 0.0243438 0.0152276
12 0.4754741 0.3646992 0.0255030 0.0152276
18 0.1474125 0.4131013 0.0255030 0.0163154
29 0.2569596 0.4131013 0.0243438 0.0163154
10 0.4198311 0.4131013 0.0255030 0.0163154
23 0.3114433 0.4609597 0.0243438 0.0163154
11 0.4198311 0.3646992 0.0255030 0.0152276
25 0.2569596 0.2689825 0.0243438 0.0152276
22 0.1474125 0.3646992 0.0255030 0.0152276
21 0.4754741 0.3168408 0.0255030 0.0152276
2 0.4754741 0.4131013 0.0255030 0.0163154
8 0.4198311 0.4609597 0.0255030 0.0163154
15 0.2030554 0.2222118 0.0255030 0.0152277
14 0.1474125 0.2222118 0.0255030 0.0152277
9 0.3653474 0.2222118 0.0255030 0.0152277
24 0.4198311 0.2222118 0.0255030 0.0152277
6 0.4754741 0.4609597 0.0255030 0.0163154
24 0.3114433 0.4131013 0.0243438 0.0163154
19 0.3114433 0.3168408 0.0243438 0.0152276
28 0.2569596 0.4609597 0.0243438 0.0163154
1 0.2030554 0.2689825 0.0255030 0.0152276
2 0.1474125 0.3168408 0.0255030 0.0152276
5 0.2569596 0.2222118 0.0243438 0.0152277
9 0.4198311 0.3168408 0.0255030 0.0152276
15 0.1474125 0.4609597 0.0255030 0.0163154
25 0.3653474 0.4131013 0.0255030 0.0163154
30 0.3653474 0.3646992 0.0255030 0.0152276
23 0.2030554 0.4131013 0.0255030 0.0163154
22 0.2030554 0.3646992 0.0255030 0.0152276
5 0.2030554 0.4609597 0.0255030 0.0163154
9 0.3114433 0.2222118 0.0243438 0.0152277
10 0.3114433 0.3646992 0.0243438 0.0152276
27 0.3653474 0.4609597 0.0255030 0.0163154
18 0.3114433 0.2689825 0.0243438 0.0152276
13 0.4198311 0.2689825 0.0255030 0.0152276
21 0.3653474 0.2689825 0.0255030 0.0152276
25 0.4754741 0.2689825 0.0255030 0.0152276
