14 0.5371605 0.2369682 0.0234332 0.0156241
27 0.7363429 0.2369682 0.0234332 0.0156241
32 0.6415449 0.2548243 0.4026253 0.3727460
33 0.8077077 0.1136495 0.0085211 0.0145081
35 0.7874699 0.1889799 0.0426058 0.0446403
27 0.7874699 0.1889799 0.0234332 0.0156241
25 0.5866899 0.3351767 0.0223681 0.0156241
28 0.6862811 0.3848389 0.0234332 0.0167401
7 0.6367517 0.2860725 0.0223681 0.0156241
3 0.5371605 0.3351767 0.0234332 0.0156241
17 0.6862811 0.2369682 0.0234332 0.0156241
20 0.5371605 0.3848389 0.0234332 0.0167401
20 0.7363429 0.1889799 0.0234332 0.0156241
27 0.6367517 0.2369682 0.0223681 0.0156241
11 0.7874699 0.2860725 0.0234332 0.0156241
17 0.5866899 0.2369682 0.0223681 0.0156241
18 0.4860335 0.2860725 0.0234332 0.0156241
28 0.6862811 0.2860725 0.0234332 0.0156241
31 0.4860335 0.3351767 0.0234332 0.0156241
26 0.6862811 0.1889799 0.0234332 0.0156241
7 0.5371605 0.2860725 0.0234332 0.0156241
27 0.5371605 0.1889799 0.0234332 0.0156241
17 0.7363429 0.3351767 0.0234332 0.0156241
12 0.5866899 0.2860725 0.0223681 0.0156241
11 0.7874699 0.2369682 0.0234332 0.0156241
2 0.6367517 0.1889799 0.0223681 0.0156241
20 0.7874699 0.3848389 0.0234332 0.0167401
13 0.5866899 0.1889799 0.0223681 0.0156241
4 0.4860335 0.3848389 0.0234332 0.0167401
17 0.7363429 0.3848389 0.0234332 0.0167401
16 0.6862811 0.3351767 0.0234332 0.0156241
15 0.6367517 0.3848389 0.0223681 0.0167401
29 0.7363429 0.2860725 0.0234332 0.0156241
13 0.6367517 0.3351767 0.0223681 0.0156241
1 0.4860335 0.2369682 0.0234332 0.0156241
13 0.5866899 0.3848389 0.0223681 0.0167401
20 0.7874699 0.3351767 0.0234332 0.0156241
18 0.4860335 0.1889799 0.0234332 0.0156241
