12 0.4843167 0.3577765 0.0266959 0.0161625
6 0.6202230 0.4741465 0.0266959 0.0161625
32 0.4157568 0.3329940 0.4865933 0.4773326
33 0.4903839 0.1077964 0.0121345 0.0140075
21 0.4163635 0.2414065 0.0266959 0.0161625
7 0.5522699 0.2414065 0.0266959 0.0161625
12 0.4843167 0.2995915 0.0266959 0.0161625
19 0.3484103 0.3577765 0.0266959 0.0161625
26 0.6202230 0.3577765 0.0266959 0.0161625
29 0.2125040 0.4159615 0.0266959 0.0161625
22 0.2804572 0.4741465 0.0266959 0.0161625
34 0.2804572 0.5328702 0.0630994 0.0581850
17 0.2804572 0.5323315 0.0266959 0.0161625
23 0.4163635 0.5323315 0.0266959 0.0161625
4 0.4163635 0.3577765 0.0266959 0.0161625
17 0.5522699 0.3577765 0.0266959 0.0161625
13 0.6202230 0.5323315 0.0266959 0.0161625
30 0.6202230 0.4159615 0.0266959 0.0161625
20 0.5522699 0.4741465 0.0266959 0.0161625
3 0.5522699 0.5323315 0.0266959 0.0161625
24 0.3484103 0.2414065 0.0266959 0.0161625
14 0.6202230 0.2995915 0.0266959 0.0161625
5 0.2804572 0.2414065 0.0266959 0.0161625
25 0.3484103 0.2995915 0.0266959 0.0161625
31 0.3484103 0.4159615 0.0266959 0.0161625
4 0.4163635 0.4741465 0.0266959 0.0161625
28 0.5522699 0.4159615 0.0266959 0.0161625
13 0.4843167 0.5323315 0.0266959 0.0161625
28 0.5522699 0.2995915 0.0266959 0.0161625
11 0.4163635 0.4159615 0.0266959 0.0161625
4 0.3484103 0.4741465 0.0266959 0.0161625
1 0.2125040 0.4741465 0.0266959 0.0161625
26 0.2125040 0.2414065 0.0266959 0.0161625
22 0.4843167 0.4741465 0.0266959 0.0161625
9 0.4163635 0.2995915 0.0266959 0.0161625
1 0.2804572 0.4159615 0.0266959 0.0161625
8 0.4843167 0.4159615 0.0266959 0.0161625
22 0.3484103 0.5323315 0.0266959 0.0161625
2 0.4843167 0.2414065 0.0266959 0.0161625
12 0.2804572 0.3577765 0.0266959 0.0161625
12 0.6202230 0.2414065 0.0266959 0.0161625
20 0.2804572 0.2995915 0.0266959 0.0161625
9 0.2125040 0.3577765 0.0266959 0.0161625
28 0.2125040 0.2995915 0.0266959 0.0161625
26 0.2125040 0.5323315 0.0266959 0.0161625
