13 0.3011152 0.2071946 0.0245507 0.0159077
1 0.5633617 0.3560451 0.0245507 0.0159077
32 0.4076878 0.2952550 0.4162465 0.4260989
33 0.5845647 0.1293605 0.0089275 0.0124989
28 0.4573472 0.2560539 0.0245507 0.0159077
17 0.5633617 0.2560539 0.0245507 0.0159077
27 0.2475500 0.3060495 0.0245507 0.0159077
35 0.3535646 0.3060495 0.0446377 0.0454505
10 0.3530066 0.3060495 0.0234348 0.0159077
15 0.3530066 0.3560451 0.0234348 0.0159077
21 0.4573472 0.3560451 0.0245507 0.0159077
13 0.5097965 0.3560451 0.0245507 0.0159077
25 0.4054559 0.4066088 0.0234348 0.0170440
7 0.5097965 0.4566044 0.0245507 0.0170439
8 0.3011152 0.4066088 0.0245507 0.0170440
25 0.4054559 0.2560539 0.0234348 0.0159077
18 0.5633617 0.2071946 0.0245507 0.0159077
1 0.2475500 0.2560539 0.0245507 0.0159077
8 0.4573472 0.3060495 0.0245507 0.0159077
8 0.3011152 0.2560539 0.0245507 0.0159077
14 0.3530066 0.2071946 0.0234348 0.0159077
25 0.2475500 0.4066088 0.0245507 0.0170440
22 0.4573472 0.4566044 0.0245507 0.0170439
21 0.5097965 0.3060495 0.0245507 0.0159077
10 0.4054559 0.4566044 0.0234348 0.0170439
24 0.4054559 0.3560451 0.0234348 0.0159077
2 0.3530066 0.4066088 0.0234348 0.0170440
12 0.5097965 0.2560539 0.0245507 0.0159077
25 0.5097965 0.4066088 0.0245507 0.0170440
3 0.2475500 0.3560451 0.0245507 0.0159077
28 0.2475500 0.2071946 0.0245507 0.0159077
7 0.3011152 0.4566044 0.0245507 0.0170439
30 0.4054559 0.3060495 0.0234348 0.0159077
27 0.5097965 0.2071946 0.0245507 0.0159077
13 0.5633617 0.3060495 0.0245507 0.0159077
16 0.3530066 0.2560539 0.0234348 0.0159077
17 0.3011152 0.3060495 0.0245507 0.0159077
3 0.2475500 0.4566044 0.0245507 0.0170439
1 0.5633617 0.4566044 0.0245507 0.0170439
15 0.4054559 0.2071946 0.0234348 0.0159077
26 0.4573472 0.2071946 0.0245507 0.0159077
17 0.3530066 0.4566044 0.0234348 0.0170439
12 0.3011152 0.3560451 0.0245507 0.0159077
22 0.5633617 0.4066088 0.0245507 0.0170440
6 0.4573472 0.4066088 0.0245507 0.0170440
