17 0.4376498 0.6675989 0.0231400 0.0149959
3 0.3384786 0.5990464 0.0231400 0.0149959
32 0.4282836 0.4780082 0.3768506 0.4691567
33 0.5583081 0.2953798 0.0132228 0.0182093
28 0.3880642 0.3939242 0.0231400 0.0160670
34 0.4376498 0.5995818 0.0429742 0.0417742
3 0.4376498 0.5990464 0.0231400 0.0149959
11 0.4872354 0.5310293 0.0231400 0.0160670
29 0.3880642 0.6675989 0.0231400 0.0149959
9 0.5864066 0.5310293 0.0231399 0.0160670
11 0.4872354 0.5990464 0.0231400 0.0149959
3 0.3384786 0.5310293 0.0231400 0.0160670
28 0.5368210 0.5310293 0.0231400 0.0160670
25 0.5864066 0.5990464 0.0231399 0.0149959
13 0.5368210 0.3939242 0.0231400 0.0160670
7 0.5368210 0.5990464 0.0231400 0.0149959
16 0.3384786 0.3939242 0.0231400 0.0160670
3 0.3880642 0.4624767 0.0231400 0.0160670
17 0.2888930 0.5310293 0.0231399 0.0160670
1 0.4376498 0.4624767 0.0231400 0.0160670
6 0.5864066 0.4624767 0.0231399 0.0160670
25 0.2888930 0.6675989 0.0231399 0.0149959
17 0.3384786 0.6675989 0.0231400 0.0149959
17 0.2888930 0.3939242 0.0231399 0.0160670
21 0.3384786 0.4624767 0.0231400 0.0160670
29 0.4872354 0.3939242 0.0231400 0.0160670
12 0.4376498 0.5310293 0.0231400 0.0160670
13 0.2888930 0.5990464 0.0231399 0.0149959
31 0.4872354 0.4624767 0.0231400 0.0160670
29 0.4872354 0.6675989 0.0231400 0.0149959
18 0.4376498 0.3939242 0.0231400 0.0160670
30 0.5368210 0.4624767 0.0231400 0.0160670
25 0.5368210 0.6675989 0.0231400 0.0149959
3 0.5864066 0.3939242 0.0231399 0.0160670
17 0.2888930 0.4624767 0.0231399 0.0160670
13 0.3880642 0.5310293 0.0231400 0.0160670
9 0.3880642 0.5990464 0.0231400 0.0149959
29 0.5864066 0.6675989 0.0231399 0.0149959
