19 0.7612036 0.6842864 0.0278912 0.0172751
19 0.7612036 0.4977161 0.0278912 0.0172750
32 0.6185783 0.5737263 0.5083803 0.5009756
33 0.6971806 0.3359068 0.0114100 0.0138200
34 0.6192122 0.4361019 0.0659246 0.0621901
26 0.6192121 0.4355261 0.0278912 0.0172750
6 0.4772206 0.4977161 0.0278912 0.0172750
27 0.4062249 0.6220964 0.0278912 0.0172751
20 0.4062249 0.5599062 0.0278912 0.0172751
31 0.5482164 0.4977161 0.0278912 0.0172750
17 0.6902078 0.5599062 0.0278912 0.0172751
5 0.4772206 0.4355261 0.0278912 0.0172750
5 0.4772206 0.5599062 0.0278912 0.0172751
29 0.8321994 0.6842864 0.0278912 0.0172751
13 0.6192121 0.4977161 0.0278912 0.0172750
4 0.6902078 0.4977161 0.0278912 0.0172750
21 0.6902078 0.6842864 0.0278912 0.0172751
6 0.4772206 0.6220964 0.0278912 0.0172751
21 0.8321994 0.4977161 0.0278912 0.0172750
17 0.8321994 0.5599062 0.0278912 0.0172751
3 0.5482164 0.6842864 0.0278912 0.0172751
14 0.4062249 0.6842864 0.0278912 0.0172751
27 0.5482164 0.6220964 0.0278912 0.0172751
31 0.6192121 0.5599062 0.0278912 0.0172751
14 0.7612036 0.6220964 0.0278912 0.0172751
4 0.4772206 0.6842864 0.0278912 0.0172751
15 0.4062249 0.4355261 0.0278912 0.0172750
31 0.8321994 0.6220964 0.0278912 0.0172751
18 0.8321994 0.4355261 0.0278912 0.0172750
16 0.6192121 0.6220964 0.0278912 0.0172751
1 0.4062249 0.4977161 0.0278912 0.0172750
28 0.6192121 0.6842864 0.0278912 0.0172751
28 0.5482164 0.5599062 0.0278912 0.0172751
14 0.6902078 0.6220964 0.0278912 0.0172751
28 0.7612036 0.4355261 0.0278912 0.0172750
28 0.5482164 0.4355261 0.0278912 0.0172750
26 0.7612036 0.5599062 0.0278912 0.0172751
21 0.6902078 0.4355261 0.0278912 0.0172750
