18 0.7835647 0.5873766 0.0245540 0.0149674
10 0.7835647 0.6429702 0.0245540 0.0149674
32 0.8482547 0.5734781 0.3034907 0.4083996
3 0.7835647 0.4756547 0.0245540 0.0160366
19 0.8404854 0.5312484 0.0245541 0.0160366
29 0.8404854 0.5873766 0.0245541 0.0149674
31 0.8404854 0.6429702 0.0245541 0.0149674
34 0.9576754 0.6974948 0.0491081 0.0470409
10 0.9571173 0.6974948 0.0234379 0.0149676
20 0.8404854 0.7536230 0.0245541 0.0160366
1 0.9571173 0.7536230 0.0234379 0.0160366
2 0.7835647 0.5312484 0.0245540 0.0160366
2 0.7255278 0.7536230 0.0245541 0.0160366
23 0.8990804 0.5873766 0.0234380 0.0149674
16 0.8990804 0.7536230 0.0234380 0.0160366
10 0.7835647 0.6974948 0.0245540 0.0149676
8 0.7835647 0.7536230 0.0245540 0.0160366
31 0.8990804 0.6429702 0.0234380 0.0149674
15 0.9571173 0.6429702 0.0234379 0.0149674
19 0.9571173 0.5873766 0.0234379 0.0149674
31 0.9571173 0.4756547 0.0234379 0.0160366
24 0.8404854 0.4756547 0.0245541 0.0160366
3 0.7255278 0.6974948 0.0245541 0.0149676
27 0.7255278 0.6429702 0.0245541 0.0149674
28 0.8990804 0.6974948 0.0234380 0.0149676
13 0.8990804 0.4756547 0.0234380 0.0160366
3 0.7255278 0.4756547 0.0245541 0.0160366
22 0.7255278 0.5312484 0.0245541 0.0160366
23 0.9571173 0.5312484 0.0234379 0.0160366
31 0.8404854 0.6974948 0.0245541 0.0149676
13 0.8990804 0.5312484 0.0234380 0.0160366
7 0.7255278 0.5873766 0.0245541 0.0149674
