30 0.2573269 0.3793057 0.0269636 0.0167403
24 0.3945961 0.4395709 0.0269636 0.0167403
32 0.4626180 0.5132283 0.4914729 0.4854696
33 0.5386063 0.2827697 0.0110306 0.0133923
30 0.3259615 0.3793057 0.0269636 0.0167403
2 0.3945961 0.3793057 0.0269636 0.0167403
28 0.5318653 0.3793057 0.0269636 0.0167403
19 0.4632307 0.4998361 0.0269636 0.0167404
3 0.5318653 0.4998361 0.0269636 0.0167404
11 0.6005000 0.4998361 0.0269636 0.0167404
23 0.2573269 0.5601013 0.0269636 0.0167403
25 0.4632307 0.6806316 0.0269636 0.0167403
34 0.6691346 0.6811896 0.0637321 0.0602652
9 0.6691347 0.6806316 0.0269636 0.0167403
7 0.3259615 0.6203665 0.0269636 0.0167404
6 0.6005000 0.6203665 0.0269636 0.0167404
14 0.3945961 0.4998361 0.0269636 0.0167404
13 0.3259615 0.5601013 0.0269636 0.0167403
2 0.3945961 0.6203665 0.0269636 0.0167404
26 0.5318653 0.5601013 0.0269636 0.0167403
28 0.3945961 0.6806316 0.0269636 0.0167403
29 0.6005000 0.3793057 0.0269636 0.0167403
13 0.6005000 0.6806316 0.0269636 0.0167403
26 0.5318653 0.6806316 0.0269636 0.0167403
25 0.2573269 0.6806316 0.0269636 0.0167403
27 0.6005000 0.5601013 0.0269636 0.0167403
19 0.3259615 0.4998361 0.0269636 0.0167404
19 0.3945961 0.5601013 0.0269636 0.0167403
4 0.6691347 0.4998361 0.0269636 0.0167404
1 0.4632307 0.6203665 0.0269636 0.0167404
27 0.2573269 0.4395709 0.0269636 0.0167403
16 0.6005000 0.4395709 0.0269636 0.0167403
24 0.5318653 0.4395709 0.0269636 0.0167403
13 0.4632307 0.3793057 0.0269636 0.0167403
27 0.6691347 0.6203665 0.0269636 0.0167404
13 0.6691347 0.4395709 0.0269636 0.0167403
14 0.4632307 0.5601013 0.0269636 0.0167403
29 0.2573269 0.4998361 0.0269636 0.0167404
16 0.6691347 0.3793057 0.0269636 0.0167403
2 0.4632307 0.4395709 0.0269636 0.0167403
5 0.3259615 0.4395709 0.0269636 0.0167403
2 0.3259615 0.6806316 0.0269636 0.0167403
28 0.6691347 0.5601013 0.0269636 0.0167403
6 0.2573269 0.6203665 0.0269636 0.0167404
13 0.5318653 0.6203665 0.0269636 0.0167404
