17 0.6317805 0.3102952 0.0270494 0.0172091
18 0.4940740 0.4342009 0.0270495 0.0172091
32 0.4934592 0.3240625 0.4930386 0.4990643
33 0.5696896 0.0871504 0.0110657 0.0137673
23 0.5629272 0.1863896 0.0270495 0.0172091
34 0.5629272 0.3728217 0.0639352 0.0619528
5 0.5629272 0.3722481 0.0270495 0.0172091
19 0.4940740 0.1863896 0.0270495 0.0172091
24 0.4940740 0.3722481 0.0270495 0.0172091
15 0.3563675 0.3102952 0.0270495 0.0172091
23 0.2875142 0.3102952 0.0270495 0.0172091
2 0.6317805 0.1863896 0.0270494 0.0172091
21 0.4940740 0.3102952 0.0270495 0.0172091
3 0.4252207 0.2483424 0.0270495 0.0172091
20 0.7006337 0.3722481 0.0270495 0.0172091
20 0.4252207 0.1863896 0.0270495 0.0172091
24 0.2875142 0.2483424 0.0270495 0.0172091
29 0.3563675 0.1863896 0.0270495 0.0172091
28 0.5629272 0.3102952 0.0270495 0.0172091
15 0.7006337 0.2483424 0.0270495 0.0172091
29 0.7006337 0.1863896 0.0270495 0.0172091
7 0.6317805 0.2483424 0.0270494 0.0172091
29 0.2875142 0.4342009 0.0270495 0.0172091
25 0.4940740 0.2483424 0.0270495 0.0172091
23 0.7006337 0.3102952 0.0270495 0.0172091
5 0.3563675 0.4342009 0.0270495 0.0172091
30 0.4252207 0.3102952 0.0270495 0.0172091
19 0.2875142 0.3722481 0.0270495 0.0172091
14 0.5629272 0.4342009 0.0270495 0.0172091
29 0.7006337 0.4342009 0.0270495 0.0172091
6 0.6317805 0.4342009 0.0270494 0.0172091
4 0.4252207 0.4342009 0.0270495 0.0172091
23 0.6317805 0.3722481 0.0270494 0.0172091
20 0.5629272 0.2483424 0.0270495 0.0172091
29 0.3563675 0.3722481 0.0270495 0.0172091
24 0.3563675 0.2483424 0.0270495 0.0172091
5 0.4252207 0.3722481 0.0270495 0.0172091
26 0.2875142 0.1863896 0.0270495 0.0172091
