27 0.5987012 0.6994028 0.0262590 0.0168444
6 0.5987012 0.3962033 0.0262590 0.0168444
32 0.5981044 0.4916550 0.4786292 0.4974718
33 0.6715101 0.2569561 0.0119359 0.0145985
29 0.6655421 0.3962033 0.0262589 0.0168444
9 0.7323832 0.3962033 0.0262590 0.0168444
34 0.4650192 0.4574047 0.0620667 0.0606399
3 0.4650192 0.4568432 0.0262590 0.0168444
21 0.7323832 0.5174831 0.0262590 0.0168444
11 0.5318602 0.5781230 0.0262590 0.0168445
30 0.5318602 0.6387629 0.0262590 0.0168444
10 0.5318602 0.6994028 0.0262590 0.0168444
12 0.7323832 0.6994028 0.0262590 0.0168444
22 0.7992242 0.6994028 0.0262590 0.0168444
8 0.6655421 0.5174831 0.0262589 0.0168444
17 0.4650192 0.3962033 0.0262590 0.0168444
15 0.7992242 0.6387629 0.0262590 0.0168444
14 0.6655421 0.6387629 0.0262589 0.0168444
5 0.4650192 0.5781230 0.0262590 0.0168445
17 0.5318602 0.4568432 0.0262590 0.0168444
23 0.4650192 0.6994028 0.0262590 0.0168444
12 0.7323832 0.4568432 0.0262590 0.0168444
1 0.4650192 0.5174831 0.0262590 0.0168444
1 0.3981782 0.4568432 0.0262590 0.0168444
29 0.7323832 0.5781230 0.0262590 0.0168445
19 0.4650192 0.6387629 0.0262590 0.0168444
15 0.5318602 0.5174831 0.0262590 0.0168444
7 0.3981782 0.5781230 0.0262590 0.0168445
7 0.3981782 0.6387629 0.0262590 0.0168444
14 0.7992242 0.3962033 0.0262590 0.0168444
22 0.7992242 0.4568432 0.0262590 0.0168444
30 0.6655421 0.4568432 0.0262589 0.0168444
31 0.7992242 0.5174831 0.0262590 0.0168444
21 0.3981782 0.5174831 0.0262590 0.0168444
17 0.5987012 0.5781230 0.0262590 0.0168445
3 0.5318602 0.3962033 0.0262590 0.0168444
26 0.6655421 0.6994028 0.0262589 0.0168444
30 0.7992242 0.5781230 0.0262590 0.0168445
17 0.5987012 0.6387629 0.0262590 0.0168444
14 0.3981782 0.6994028 0.0262590 0.0168444
23 0.6655421 0.5781230 0.0262589 0.0168445
28 0.7323832 0.6387629 0.0262590 0.0168444
4 0.5987012 0.5174831 0.0262590 0.0168444
4 0.3981782 0.3962033 0.0262590 0.0168444
5 0.5987012 0.4568432 0.0262590 0.0168444
