17 0.6046335 0.6295049 0.0237964 0.0159275
6 0.5536413 0.5572626 0.0237964 0.0170651
32 0.4930172 0.5009477 0.3875408 0.4983016
33 0.6267301 0.3069741 0.0135979 0.0193405
34 0.3496724 0.4116402 0.0441933 0.0443693
20 0.3496724 0.4116402 0.0237964 0.0170651
27 0.5536413 0.4844514 0.0237964 0.0170651
23 0.5026491 0.5572626 0.0237964 0.0170651
5 0.6046335 0.4116402 0.0237964 0.0170651
2 0.4516569 0.4116402 0.0237964 0.0170651
30 0.3496724 0.7023161 0.0237964 0.0159275
18 0.4516569 0.6295049 0.0237964 0.0159275
27 0.4516569 0.7023161 0.0237964 0.0159275
7 0.5026491 0.4844514 0.0237964 0.0170651
27 0.6046335 0.5572626 0.0237964 0.0170651
13 0.3496724 0.6295049 0.0237964 0.0159275
15 0.5026491 0.6295049 0.0237964 0.0159275
24 0.4006647 0.6295049 0.0237964 0.0159275
7 0.5026491 0.4116402 0.0237964 0.0170651
27 0.6556257 0.4844514 0.0237964 0.0170651
14 0.6556257 0.5572626 0.0237964 0.0170651
1 0.3496724 0.5572626 0.0237964 0.0170651
14 0.5536413 0.4116402 0.0237964 0.0170651
15 0.5536413 0.7023161 0.0237964 0.0159275
4 0.3496724 0.4844514 0.0237964 0.0170651
19 0.6556257 0.7023161 0.0237964 0.0159275
8 0.6046335 0.7023161 0.0237964 0.0159275
7 0.6556257 0.4116402 0.0237964 0.0170651
8 0.6556257 0.6295049 0.0237964 0.0159275
18 0.4006647 0.4844514 0.0237964 0.0170651
11 0.5026491 0.7023161 0.0237964 0.0159275
16 0.4006647 0.5572626 0.0237964 0.0170651
18 0.6046335 0.4844514 0.0237964 0.0170651
6 0.4516569 0.4844514 0.0237964 0.0170651
9 0.5536413 0.6295049 0.0237964 0.0159275
26 0.4006647 0.7023161 0.0237964 0.0159275
1 0.4516569 0.5572626 0.0237964 0.0170651
15 0.4006647 0.4116402 0.0237964 0.0170651
