17 0.6442493 0.3794722 0.0287760 0.0167781
2 0.3512567 0.5601165 0.0287760 0.0156595
32 0.4984069 0.3738795 0.5297410 0.4932763
33 0.5762331 0.1546456 0.0104640 0.0123039
14 0.4245048 0.2586699 0.0287760 0.0167781
24 0.4245048 0.3185118 0.0287760 0.0156596
17 0.7174974 0.3185118 0.0287760 0.0156596
2 0.2780085 0.3794722 0.0287761 0.0167781
7 0.2780085 0.4398734 0.0287761 0.0167782
25 0.3512567 0.4398734 0.0287760 0.0167782
34 0.6442493 0.4997153 0.0680161 0.0604012
12 0.6442493 0.5002746 0.0287760 0.0167781
11 0.7174974 0.5601165 0.0287760 0.0156595
19 0.4977530 0.5002746 0.0287760 0.0167781
29 0.3512567 0.3185118 0.0287760 0.0156596
16 0.6442493 0.5601165 0.0287760 0.0156595
3 0.5710011 0.5601165 0.0287760 0.0156595
16 0.5710011 0.2586699 0.0287760 0.0167781
28 0.2780085 0.5601165 0.0287761 0.0156595
20 0.4977530 0.3185118 0.0287760 0.0156596
21 0.4977530 0.5601165 0.0287760 0.0156595
25 0.4977530 0.4398734 0.0287760 0.0167782
9 0.4977530 0.3794722 0.0287760 0.0167781
24 0.7174974 0.4398734 0.0287760 0.0167782
3 0.2780085 0.5002746 0.0287761 0.0167781
21 0.4245048 0.4398734 0.0287760 0.0167782
10 0.3512567 0.2586699 0.0287760 0.0167781
26 0.3512567 0.5002746 0.0287760 0.0167781
24 0.3512567 0.3794722 0.0287760 0.0167781
14 0.7174974 0.3794722 0.0287760 0.0167781
12 0.5710011 0.4398734 0.0287760 0.0167782
28 0.7174974 0.2586699 0.0287760 0.0167781
24 0.5710011 0.3185118 0.0287760 0.0156596
4 0.7174974 0.5002746 0.0287760 0.0167781
27 0.4245048 0.3794722 0.0287760 0.0167781
9 0.6442493 0.2586699 0.0287760 0.0167781
19 0.4245048 0.5601165 0.0287760 0.0156595
20 0.5710011 0.3794722 0.0287760 0.0167781
20 0.4977530 0.2586699 0.0287760 0.0167781
19 0.6442493 0.4398734 0.0287760 0.0167782
11 0.4245048 0.5002746 0.0287760 0.0167781
20 0.6442493 0.3185118 0.0287760 0.0156596
26 0.2780085 0.3185118 0.0287761 0.0156596
4 0.2780085 0.2586699 0.0287761 0.0167781
19 0.5710011 0.5002746 0.0287760 0.0167781
