23 0.3064429 0.3038572 0.0262701 0.0163809
28 0.3733122 0.3628283 0.0262701 0.0163808
32 0.3064429 0.3317047 0.4824143 0.4848735
33 0.3798797 0.1007346 0.0107468 0.0141967
29 0.1058349 0.1859150 0.0262701 0.0163809
22 0.1058349 0.2448862 0.0262701 0.0163809
34 0.5070508 0.2454322 0.0620929 0.0589711
17 0.5070508 0.2448862 0.0262701 0.0163809
7 0.1727042 0.3038572 0.0262701 0.0163809
28 0.4401815 0.3038572 0.0262701 0.0163809
23 0.1058349 0.3628283 0.0262701 0.0163808
26 0.2395736 0.4217995 0.0262701 0.0163809
9 0.3064429 0.4807705 0.0262701 0.0163809
11 0.4401815 0.3628283 0.0262701 0.0163808
13 0.1727042 0.4807705 0.0262701 0.0163809
12 0.2395736 0.1859150 0.0262701 0.0163809
30 0.3733122 0.3038572 0.0262701 0.0163809
11 0.2395736 0.4807705 0.0262701 0.0163809
10 0.1727042 0.3628283 0.0262701 0.0163808
30 0.2395736 0.3038572 0.0262701 0.0163809
29 0.3733122 0.1859150 0.0262701 0.0163809
26 0.3064429 0.4217995 0.0262701 0.0163809
29 0.3064429 0.2448862 0.0262701 0.0163809
26 0.3733122 0.4217995 0.0262701 0.0163809
14 0.5070508 0.4807705 0.0262701 0.0163809
9 0.5070508 0.4217995 0.0262701 0.0163809
25 0.5070508 0.1859150 0.0262701 0.0163809
29 0.5070508 0.3628283 0.0262701 0.0163808
14 0.1727042 0.1859150 0.0262701 0.0163809
16 0.4401815 0.4217995 0.0262701 0.0163809
25 0.1727042 0.4217995 0.0262701 0.0163809
31 0.1058349 0.4807705 0.0262701 0.0163809
17 0.1058349 0.3038572 0.0262701 0.0163809
7 0.3733122 0.2448862 0.0262701 0.0163809
21 0.4401815 0.4807705 0.0262701 0.0163809
2 0.4401815 0.1859150 0.0262701 0.0163809
7 0.3064429 0.1859150 0.0262701 0.0163809
27 0.2395736 0.3628283 0.0262701 0.0163808
22 0.2395736 0.2448862 0.0262701 0.0163809
20 0.5070508 0.3038572 0.0262701 0.0163809
13 0.3733122 0.4807705 0.0262701 0.0163809
19 0.4401815 0.2448862 0.0262701 0.0163809
4 0.3064429 0.3628283 0.0262701 0.0163808
25 0.1727042 0.2448862 0.0262701 0.0163809
26 0.1058349 0.4217995 0.0262701 0.0163809
