31 0.6186771 0.4288332 0.0281597 0.0164242
21 0.6186771 0.7244676 0.0281597 0.0164240
32 0.6180371 0.5602263 0.5132750 0.4762998
33 0.6973963 0.3341207 0.0115199 0.0131393
3 0.5469978 0.4879601 0.0281597 0.0164241
30 0.8337151 0.4879601 0.0281597 0.0164241
29 0.8337151 0.5470870 0.0281597 0.0164242
2 0.4036392 0.6062138 0.0281598 0.0164242
12 0.4753185 0.6062138 0.0281598 0.0164242
34 0.5469978 0.6067613 0.0665593 0.0591269
25 0.5469978 0.6062138 0.0281597 0.0164242
6 0.6903564 0.6062138 0.0281597 0.0164242
1 0.4036392 0.7244676 0.0281598 0.0164240
1 0.4036392 0.6653407 0.0281598 0.0164242
29 0.6186771 0.6653407 0.0281597 0.0164242
16 0.5469978 0.4288332 0.0281597 0.0164242
20 0.6903564 0.5470870 0.0281597 0.0164242
15 0.6903564 0.4288332 0.0281597 0.0164242
27 0.6186771 0.4879601 0.0281597 0.0164241
18 0.7620357 0.5470870 0.0281597 0.0164242
13 0.7620357 0.7244676 0.0281597 0.0164240
1 0.4753185 0.4879601 0.0281598 0.0164241
21 0.8337151 0.6653407 0.0281597 0.0164242
13 0.7620357 0.6062138 0.0281597 0.0164242
7 0.7620357 0.6653407 0.0281597 0.0164242
24 0.5469978 0.6653407 0.0281597 0.0164242
1 0.4036392 0.4288332 0.0281598 0.0164242
18 0.6903564 0.4879601 0.0281597 0.0164241
3 0.4036392 0.5470870 0.0281598 0.0164242
31 0.8337151 0.4288332 0.0281597 0.0164242
17 0.4753185 0.6653407 0.0281598 0.0164242
18 0.7620357 0.4879601 0.0281597 0.0164241
14 0.8337151 0.7244676 0.0281597 0.0164240
25 0.7620357 0.4288332 0.0281597 0.0164242
20 0.4753185 0.7244676 0.0281598 0.0164240
4 0.5469978 0.7244676 0.0281597 0.0164240
27 0.8337151 0.6062138 0.0281597 0.0164242
6 0.6186771 0.6062138 0.0281597 0.0164242
14 0.6186771 0.5470870 0.0281597 0.0164242
29 0.5469978 0.5470870 0.0281597 0.0164242
4 0.6903564 0.7244676 0.0281597 0.0164240
15 0.4753185 0.5470870 0.0281598 0.0164242
13 0.6903564 0.6653407 0.0281597 0.0164242
24 0.4753185 0.4288332 0.0281598 0.0164242
31 0.4036392 0.4879601 0.0281598 0.0164241
