22 0.7187035 0.6738095 0.0239214 0.0163078
29 0.6616181 0.6738095 0.0228342 0.0163078
32 0.5996397 0.5183032 0.3925299 0.3995409
33 0.7834003 0.3330932 0.0097861 0.0151430
34 0.6045327 0.6738095 0.0478429 0.0512531
22 0.6050764 0.6738095 0.0228341 0.0163078
19 0.5479910 0.6144026 0.0239215 0.0163078
31 0.7187035 0.4926766 0.0239214 0.0174726
9 0.7741579 0.6144026 0.0239214 0.0163078
14 0.6050764 0.4321048 0.0228341 0.0174726
29 0.5479910 0.5538308 0.0239215 0.0163078
14 0.7741579 0.4321048 0.0239214 0.0174726
3 0.4925367 0.5538308 0.0239215 0.0163078
11 0.5479910 0.4926766 0.0239215 0.0174726
1 0.7187035 0.6144026 0.0239214 0.0163078
31 0.4925367 0.4321048 0.0239215 0.0174726
2 0.6050764 0.5538308 0.0228341 0.0163078
8 0.4359949 0.4926766 0.0239215 0.0174726
18 0.7187035 0.5538308 0.0239214 0.0163078
9 0.4925367 0.6144026 0.0239215 0.0163078
29 0.4925367 0.6738095 0.0239215 0.0163078
25 0.6050764 0.4926766 0.0228341 0.0174726
13 0.4359949 0.6144026 0.0239215 0.0163078
11 0.5479910 0.6738095 0.0239215 0.0163078
30 0.7187035 0.4321048 0.0239214 0.0174726
28 0.6616181 0.4321048 0.0228342 0.0174726
11 0.4359949 0.4321048 0.0239215 0.0174726
23 0.6616181 0.4926766 0.0228342 0.0174726
12 0.4925367 0.4926766 0.0239215 0.0174726
14 0.4359949 0.5538308 0.0239215 0.0163078
5 0.7741579 0.5538308 0.0239214 0.0163078
5 0.7741579 0.4926766 0.0239214 0.0174726
10 0.6616181 0.5538308 0.0228342 0.0163078
5 0.4359949 0.6738095 0.0239215 0.0163078
20 0.6616181 0.6144026 0.0228342 0.0163078
30 0.5479910 0.4321048 0.0239215 0.0174726
21 0.6050764 0.6144026 0.0228341 0.0163078
5 0.7741579 0.6738095 0.0239214 0.0163078
