11 0.2189633 0.2634479 0.0268875 0.0169482
23 0.4927266 0.2634479 0.0268875 0.0169482
32 0.4242858 0.4142873 0.4937517 0.5016682
33 0.4994485 0.1753170 0.0109995 0.0146885
31 0.4927266 0.3244616 0.0268875 0.0169483
19 0.5611674 0.3244616 0.0268875 0.0169483
34 0.3558450 0.3860402 0.0635522 0.0610137
22 0.3558450 0.3854753 0.0268875 0.0169482
9 0.2874041 0.4464890 0.0268875 0.0169483
17 0.2874041 0.5075027 0.0268875 0.0169482
3 0.4242858 0.5075027 0.0268874 0.0169482
7 0.6296082 0.5075027 0.0268875 0.0169482
30 0.3558450 0.5685164 0.0268875 0.0169482
16 0.3558450 0.5075027 0.0268875 0.0169482
3 0.2874041 0.3244616 0.0268875 0.0169483
7 0.6296082 0.5685164 0.0268875 0.0169482
9 0.3558450 0.3244616 0.0268875 0.0169483
14 0.6296082 0.3854753 0.0268875 0.0169482
18 0.6296082 0.3244616 0.0268875 0.0169483
21 0.2189633 0.4464890 0.0268875 0.0169483
11 0.2189633 0.5685164 0.0268875 0.0169482
20 0.5611674 0.3854753 0.0268875 0.0169482
11 0.4242858 0.3244616 0.0268874 0.0169483
25 0.4927266 0.5075027 0.0268875 0.0169482
22 0.4927266 0.4464890 0.0268875 0.0169483
19 0.2189633 0.3854753 0.0268875 0.0169482
23 0.5611674 0.5075027 0.0268875 0.0169482
16 0.4242858 0.4464890 0.0268874 0.0169483
14 0.3558450 0.2634479 0.0268875 0.0169482
27 0.3558450 0.4464890 0.0268875 0.0169483
7 0.5611674 0.2634479 0.0268875 0.0169482
6 0.2874041 0.3854753 0.0268875 0.0169482
21 0.4927266 0.5685164 0.0268875 0.0169482
25 0.4927266 0.3854753 0.0268875 0.0169482
25 0.2874041 0.2634479 0.0268875 0.0169482
11 0.6296082 0.4464890 0.0268875 0.0169483
9 0.2189633 0.3244616 0.0268875 0.0169483
22 0.4242858 0.3854753 0.0268874 0.0169482
9 0.4242858 0.5685164 0.0268874 0.0169482
2 0.6296082 0.2634479 0.0268875 0.0169482
29 0.4242858 0.2634479 0.0268874 0.0169482
18 0.5611674 0.5685164 0.0268875 0.0169482
11 0.2874041 0.5685164 0.0268875 0.0169482
20 0.5611674 0.4464890 0.0268875 0.0169483
14 0.2189633 0.5075027 0.0268875 0.0169482
