2 0.4397710 0.4790800 0.0280104 0.0159332
4 0.4397710 0.3070018 0.0280104 0.0159332
32 0.4391344 0.3197484 0.5105529 0.4620618
33 0.5180727 0.1004018 0.0114588 0.0127465
4 0.2971727 0.2496424 0.0280104 0.0159332
34 0.3684718 0.3075329 0.0662064 0.0573594
17 0.3684718 0.3070018 0.0280104 0.0159332
7 0.6536684 0.3070018 0.0280104 0.0159332
12 0.2258735 0.3643612 0.0280104 0.0159332
23 0.6536684 0.3643612 0.0280104 0.0159332
21 0.4397710 0.4217206 0.0280104 0.0159332
30 0.6536684 0.4217206 0.0280104 0.0159332
1 0.5823693 0.4790800 0.0280104 0.0159332
19 0.2258735 0.4217206 0.0280104 0.0159332
4 0.2258735 0.1922830 0.0280104 0.0159332
19 0.5823693 0.3070018 0.0280104 0.0159332
16 0.3684718 0.4790800 0.0280104 0.0159332
28 0.5823693 0.4217206 0.0280104 0.0159332
3 0.2971727 0.4790800 0.0280104 0.0159332
24 0.4397710 0.2496424 0.0280104 0.0159332
16 0.2971727 0.1922830 0.0280104 0.0159332
18 0.4397710 0.3643612 0.0280104 0.0159332
2 0.4397710 0.1922830 0.0280104 0.0159332
18 0.5110701 0.4790800 0.0280104 0.0159332
31 0.5823693 0.2496424 0.0280104 0.0159332
28 0.2971727 0.3643612 0.0280104 0.0159332
27 0.5823693 0.1922830 0.0280104 0.0159332
25 0.5110701 0.1922830 0.0280104 0.0159332
30 0.5110701 0.2496424 0.0280104 0.0159332
13 0.3684718 0.4217206 0.0280104 0.0159332
7 0.2258735 0.3070018 0.0280104 0.0159332
15 0.2971727 0.3070018 0.0280104 0.0159332
25 0.5110701 0.3070018 0.0280104 0.0159332
25 0.2258735 0.4790800 0.0280104 0.0159332
21 0.6536684 0.2496424 0.0280104 0.0159332
16 0.5110701 0.4217206 0.0280104 0.0159332
26 0.3684718 0.3643612 0.0280104 0.0159332
21 0.3684718 0.1922830 0.0280104 0.0159332
6 0.6536684 0.4790800 0.0280104 0.0159332
13 0.6536684 0.1922830 0.0280104 0.0159332
4 0.2971727 0.4217206 0.0280104 0.0159332
29 0.3684718 0.2496424 0.0280104 0.0159332
3 0.5110701 0.3643612 0.0280104 0.0159332
26 0.5823693 0.3643612 0.0280104 0.0159332
30 0.2258735 0.2496424 0.0280104 0.0159332
