22 0.6140617 0.4178980 0.0262816 0.0158744
25 0.2126700 0.5316647 0.0262816 0.0148161
32 0.4139631 0.3554586 0.4838203 0.4667080
33 0.4850429 0.1480328 0.0095570 0.0116412
3 0.6140617 0.2464543 0.0262816 0.0158744
34 0.2126700 0.3602210 0.0621201 0.0571480
8 0.2126700 0.3607501 0.0262816 0.0158744
29 0.3464672 0.4178980 0.0262816 0.0158744
17 0.4802644 0.4178980 0.0262816 0.0158744
20 0.5471630 0.4178980 0.0262816 0.0158744
19 0.2795686 0.4750460 0.0262816 0.0158744
21 0.6140617 0.4750460 0.0262816 0.0158744
7 0.2795686 0.5316647 0.0262816 0.0148161
29 0.6140617 0.3607501 0.0262816 0.0158744
30 0.4133658 0.4178980 0.0262816 0.0158744
7 0.3464672 0.3607501 0.0262816 0.0158744
14 0.4133658 0.4750460 0.0262816 0.0158744
4 0.5471630 0.4750460 0.0262816 0.0158744
7 0.2126700 0.4178980 0.0262816 0.0158744
11 0.3464672 0.4750460 0.0262816 0.0158744
11 0.2126700 0.3030731 0.0262816 0.0148161
28 0.4133658 0.3607501 0.0262816 0.0158744
16 0.4802644 0.3607501 0.0262816 0.0158744
25 0.2126700 0.4750460 0.0262816 0.0158744
31 0.5471630 0.5316647 0.0262816 0.0148161
24 0.3464672 0.2464543 0.0262816 0.0158744
26 0.4133658 0.5316647 0.0262816 0.0148161
8 0.2126700 0.2464543 0.0262816 0.0158744
1 0.4133658 0.2464543 0.0262816 0.0158744
3 0.4802644 0.4750460 0.0262816 0.0158744
14 0.4133658 0.3030731 0.0262816 0.0148161
5 0.6140617 0.5316647 0.0262816 0.0148161
9 0.5471630 0.3030731 0.0262816 0.0148161
21 0.5471630 0.2464543 0.0262816 0.0158744
3 0.2795686 0.4178980 0.0262816 0.0158744
19 0.4802644 0.2464543 0.0262816 0.0158744
20 0.3464672 0.3030731 0.0262816 0.0148161
2 0.4802644 0.5316647 0.0262816 0.0148161
28 0.2795686 0.2464543 0.0262816 0.0158744
13 0.2795686 0.3607501 0.0262816 0.0158744
9 0.6140617 0.3030731 0.0262816 0.0148161
18 0.2795686 0.3030731 0.0262816 0.0148161
24 0.3464672 0.5316647 0.0262816 0.0148161
7 0.5471630 0.3607501 0.0262816 0.0158744
9 0.4802644 0.3030731 0.0262816 0.0148161
