30 0.2849807 0.3640460 0.0233754 0.0170658
22 0.4337334 0.2633578 0.0233754 0.0159280
32 0.3864513 0.2525495 0.3963197 0.4266447
33 0.5548606 0.0864425 0.0085002 0.0125149
1 0.2849807 0.1643763 0.0233754 0.0159281
24 0.3843262 0.1643763 0.0223129 0.0159281
4 0.5346727 0.1643763 0.0233754 0.0159281
20 0.2849807 0.2132982 0.0233754 0.0159281
35 0.3843262 0.2132982 0.0414382 0.0455088
4 0.3843262 0.2132982 0.0223129 0.0159281
30 0.3343878 0.2633578 0.0223129 0.0159280
28 0.2339797 0.3640460 0.0233754 0.0170658
23 0.4337334 0.3640460 0.0233754 0.0170658
27 0.4337334 0.2132982 0.0233754 0.0159281
19 0.4836718 0.2633578 0.0233754 0.0159280
15 0.2339797 0.4141056 0.0233754 0.0170658
10 0.4836718 0.3640460 0.0233754 0.0170658
10 0.4836718 0.3134175 0.0233754 0.0159281
6 0.2849807 0.4141056 0.0233754 0.0170658
5 0.3843262 0.3640460 0.0223129 0.0170658
29 0.4337334 0.3134175 0.0233754 0.0159281
23 0.4337334 0.4141056 0.0233754 0.0170658
30 0.3843262 0.3134175 0.0223129 0.0159281
7 0.4836718 0.1643763 0.0233754 0.0159281
25 0.5346727 0.3640460 0.0233754 0.0170658
30 0.3343878 0.2132982 0.0223129 0.0159281
19 0.3343878 0.1643763 0.0223129 0.0159281
19 0.2339797 0.1643763 0.0233754 0.0159281
23 0.3343878 0.3640460 0.0223129 0.0170658
27 0.2849807 0.3134175 0.0233754 0.0159281
24 0.4337334 0.1643763 0.0233754 0.0159281
24 0.5346727 0.2132982 0.0233754 0.0159281
30 0.5346727 0.3134175 0.0233754 0.0159281
26 0.5346727 0.4141056 0.0233754 0.0170658
21 0.3343878 0.3134175 0.0223129 0.0159281
24 0.2849807 0.2633578 0.0233754 0.0159280
20 0.3843262 0.4141056 0.0223129 0.0170658
21 0.2339797 0.3134175 0.0233754 0.0159281
28 0.3843262 0.2633578 0.0223129 0.0159280
22 0.3343878 0.4141056 0.0223129 0.0170658
4 0.4836718 0.2132982 0.0233754 0.0159281
3 0.5346727 0.2633578 0.0233754 0.0159280
10 0.4836718 0.4141056 0.0233754 0.0170658
29 0.2339797 0.2633578 0.0233754 0.0159280
30 0.2339797 0.2132982 0.0233754 0.0159281
