31 0.4963848 0.4012231 0.0268996 0.0174739
1 0.4279133 0.5899410 0.0268996 0.0174738
32 0.4963848 0.5567407 0.4939732 0.5172267
33 0.5715813 0.3103590 0.0110044 0.0151440
4 0.2909702 0.4012231 0.0268995 0.0174739
2 0.4279133 0.4012231 0.0268996 0.0174739
31 0.5648563 0.4012231 0.0268995 0.0174739
29 0.4279133 0.5270350 0.0268996 0.0174738
34 0.4963848 0.5905235 0.0635807 0.0629060
21 0.4963848 0.5899410 0.0268996 0.0174738
23 0.7017995 0.5899410 0.0268995 0.0174738
19 0.3594418 0.6528470 0.0268996 0.0174738
22 0.5648563 0.6528470 0.0268995 0.0174738
22 0.2909702 0.4641291 0.0268995 0.0174739
8 0.6333279 0.5270350 0.0268995 0.0174738
8 0.5648563 0.4641291 0.0268995 0.0174739
15 0.7017995 0.6528470 0.0268995 0.0174738
5 0.4279133 0.4641291 0.0268996 0.0174739
7 0.2909702 0.6528470 0.0268995 0.0174738
2 0.6333279 0.6528470 0.0268995 0.0174738
31 0.3594418 0.5899410 0.0268996 0.0174738
21 0.4963848 0.4641291 0.0268996 0.0174739
17 0.6333279 0.4641291 0.0268995 0.0174739
5 0.2909702 0.7157529 0.0268995 0.0174738
14 0.4963848 0.6528470 0.0268996 0.0174738
3 0.3594418 0.5270350 0.0268996 0.0174738
11 0.6333279 0.7157529 0.0268995 0.0174738
15 0.5648563 0.5899410 0.0268995 0.0174738
29 0.6333279 0.4012231 0.0268995 0.0174739
27 0.7017995 0.7157529 0.0268995 0.0174738
4 0.7017995 0.5270350 0.0268995 0.0174738
2 0.2909702 0.5270350 0.0268995 0.0174738
11 0.7017995 0.4012231 0.0268995 0.0174739
7 0.4963848 0.7157529 0.0268996 0.0174738
18 0.3594418 0.7157529 0.0268996 0.0174738
18 0.7017995 0.4641291 0.0268995 0.0174739
12 0.3594418 0.4012231 0.0268996 0.0174739
4 0.4279133 0.6528470 0.0268996 0.0174738
21 0.4963848 0.5270350 0.0268996 0.0174738
3 0.2909702 0.5899410 0.0268995 0.0174738
25 0.5648563 0.7157529 0.0268995 0.0174738
10 0.6333279 0.5899410 0.0268995 0.0174738
17 0.5648563 0.5270350 0.0268995 0.0174738
26 0.3594418 0.4641291 0.0268996 0.0174739
22 0.4279133 0.7157529 0.0268996 0.0174738
