2 0.4640258 0.3136634 0.0271097 0.0174837
9 0.1880001 0.1877809 0.0271097 0.0174837
32 0.3944032 0.2868551 0.4941352 0.5163511
33 0.4701871 0.0432493 0.0123226 0.0151525
34 0.5330322 0.3771874 0.0640774 0.0629412
14 0.5330322 0.3766046 0.0271096 0.0174837
7 0.6020386 0.3766046 0.0271096 0.0174837
14 0.1880001 0.4395458 0.0271097 0.0174837
13 0.5330322 0.2507222 0.0271096 0.0174837
31 0.3950193 0.1877809 0.0271096 0.0174837
6 0.3260129 0.4395458 0.0271097 0.0174837
30 0.1880001 0.3136634 0.0271097 0.0174837
3 0.4640258 0.2507222 0.0271097 0.0174837
30 0.6020386 0.1877809 0.0271096 0.0174837
16 0.2570065 0.1877809 0.0271097 0.0174837
7 0.2570065 0.3136634 0.0271097 0.0174837
9 0.2570065 0.2507222 0.0271097 0.0174837
15 0.2570065 0.4395458 0.0271097 0.0174837
30 0.3950193 0.2507222 0.0271096 0.0174837
19 0.5330322 0.1877809 0.0271096 0.0174837
4 0.3260129 0.2507222 0.0271097 0.0174837
19 0.1880001 0.2507222 0.0271097 0.0174837
27 0.3260129 0.1877809 0.0271097 0.0174837
24 0.6020386 0.2507222 0.0271096 0.0174837
7 0.3950193 0.4395458 0.0271096 0.0174837
9 0.3260129 0.3136634 0.0271097 0.0174837
24 0.2570065 0.3766046 0.0271097 0.0174837
22 0.5330322 0.3136634 0.0271096 0.0174837
29 0.3950193 0.3766046 0.0271096 0.0174837
25 0.3950193 0.3136634 0.0271096 0.0174837
26 0.4640258 0.3766046 0.0271097 0.0174837
12 0.4640258 0.4395458 0.0271097 0.0174837
22 0.4640258 0.1877809 0.0271097 0.0174837
12 0.3260129 0.3766046 0.0271097 0.0174837
3 0.6020386 0.4395458 0.0271096 0.0174837
23 0.1880001 0.3766046 0.0271097 0.0174837
1 0.6020386 0.3136634 0.0271096 0.0174837
18 0.5330322 0.4395458 0.0271096 0.0174837
