26 0.3296808 0.4386900 0.0266225 0.0166007
3 0.3974473 0.7375035 0.0266225 0.0166007
32 0.3290758 0.5327609 0.4852561 0.4902754
33 0.4034978 0.3014571 0.0121011 0.0143873
24 0.1263815 0.4386900 0.0266225 0.0166007
34 0.2619144 0.4392434 0.0629260 0.0597627
10 0.2619144 0.4386900 0.0266225 0.0166007
27 0.3296808 0.4984527 0.0266225 0.0166007
29 0.3974473 0.4984527 0.0266225 0.0166007
11 0.5329802 0.4984527 0.0266225 0.0166007
23 0.3974473 0.5582154 0.0266225 0.0166008
28 0.3974473 0.6179781 0.0266225 0.0166007
31 0.2619144 0.6777409 0.0266225 0.0166007
4 0.3296808 0.6777409 0.0266225 0.0166007
18 0.5329802 0.6179781 0.0266225 0.0166007
14 0.1263815 0.7375035 0.0266225 0.0166007
23 0.2619144 0.7375035 0.0266225 0.0166007
23 0.1941479 0.5582154 0.0266225 0.0166008
27 0.1941479 0.7375035 0.0266225 0.0166007
3 0.5329802 0.6777409 0.0266225 0.0166007
14 0.1941479 0.6777409 0.0266225 0.0166007
15 0.1263815 0.5582154 0.0266225 0.0166008
12 0.4652137 0.4386900 0.0266225 0.0166007
13 0.1263815 0.6179781 0.0266225 0.0166007
17 0.2619144 0.4984527 0.0266225 0.0166007
13 0.3974473 0.4386900 0.0266225 0.0166007
26 0.2619144 0.5582154 0.0266225 0.0166008
1 0.1941479 0.4386900 0.0266225 0.0166007
12 0.4652137 0.7375035 0.0266225 0.0166007
13 0.4652137 0.6179781 0.0266225 0.0166007
5 0.1263815 0.6777409 0.0266225 0.0166007
14 0.3296808 0.7375035 0.0266225 0.0166007
11 0.1263815 0.4984527 0.0266225 0.0166007
3 0.4652137 0.5582154 0.0266225 0.0166008
2 0.3974473 0.6777409 0.0266225 0.0166007
31 0.5329802 0.5582154 0.0266225 0.0166008
13 0.1941479 0.4984527 0.0266225 0.0166007
4 0.5329802 0.4386900 0.0266225 0.0166007
1 0.1941479 0.6179781 0.0266225 0.0166007
23 0.3296808 0.6179781 0.0266225 0.0166007
16 0.3296808 0.5582154 0.0266225 0.0166008
7 0.2619144 0.6179781 0.0266225 0.0166007
19 0.5329802 0.7375035 0.0266225 0.0166007
20 0.4652137 0.4984527 0.0266225 0.0166007
4 0.4652137 0.6777409 0.0266225 0.0166007
