23 0.2455054 0.5091778 0.0262756 0.0169196
3 0.1117385 0.3873563 0.0262756 0.0169196
32 0.3117917 0.4008920 0.4789332 0.4906700
33 0.3858412 0.1679648 0.0107491 0.0135357
8 0.1117385 0.3264455 0.0262756 0.0169197
24 0.4461557 0.3264455 0.0262756 0.0169197
30 0.5130392 0.3264455 0.0262756 0.0169197
16 0.3792723 0.3873563 0.0262756 0.0169196
15 0.4461557 0.3873563 0.0262756 0.0169196
7 0.1786220 0.4482670 0.0262756 0.0169197
34 0.3123889 0.5097418 0.0621061 0.0609107
21 0.3123889 0.5091778 0.0262756 0.0169196
2 0.3792723 0.5091778 0.0262756 0.0169196
4 0.1786220 0.3264455 0.0262756 0.0169197
2 0.3792723 0.4482670 0.0262756 0.0169197
23 0.3123889 0.3873563 0.0262756 0.0169196
13 0.4461557 0.4482670 0.0262756 0.0169197
16 0.1117385 0.5700886 0.0262756 0.0169196
1 0.5130392 0.5091778 0.0262756 0.0169196
18 0.5130392 0.2655348 0.0262756 0.0169197
3 0.5130392 0.5700886 0.0262756 0.0169196
3 0.3792723 0.3264455 0.0262756 0.0169197
23 0.3792723 0.5700886 0.0262756 0.0169196
6 0.2455054 0.5700886 0.0262756 0.0169196
30 0.1786220 0.3873563 0.0262756 0.0169196
29 0.4461557 0.5091778 0.0262756 0.0169196
1 0.3123889 0.3264455 0.0262756 0.0169197
13 0.3792723 0.2655348 0.0262756 0.0169197
21 0.5130392 0.3873563 0.0262756 0.0169196
26 0.2455054 0.3873563 0.0262756 0.0169196
17 0.5130392 0.4482670 0.0262756 0.0169197
20 0.1117385 0.2655348 0.0262756 0.0169197
19 0.3123889 0.5700886 0.0262756 0.0169196
1 0.4461557 0.5700886 0.0262756 0.0169196
30 0.1786220 0.2655348 0.0262756 0.0169197
27 0.2455054 0.3264455 0.0262756 0.0169197
26 0.2455054 0.2655348 0.0262756 0.0169197
20 0.1786220 0.5091778 0.0262756 0.0169196
25 0.3123889 0.2655348 0.0262756 0.0169197
29 0.1786220 0.5700886 0.0262756 0.0169196
20 0.3123889 0.4482670 0.0262756 0.0169197
7 0.1117385 0.4482670 0.0262756 0.0169197
28 0.1117385 0.5091778 0.0262756 0.0169196
7 0.2455054 0.4482670 0.0262756 0.0169197
31 0.4461557 0.2655348 0.0262756 0.0169197
