1 0.4185101 0.6203550 0.0280030 0.0166063
24 0.5610707 0.5605721 0.0280030 0.0166064
32 0.6329874 0.5550366 0.5155090 0.4882272
33 0.7087227 0.3380468 0.0101829 0.0121780
34 0.8461917 0.6795844 0.0661888 0.0597830
1 0.8461917 0.6801379 0.0280029 0.0166064
4 0.4897904 0.6801379 0.0280029 0.0166064
24 0.4897904 0.5002356 0.0280029 0.0154993
13 0.4897904 0.6203550 0.0280029 0.0166063
19 0.4185101 0.5605721 0.0280030 0.0166064
10 0.7749115 0.6801379 0.0280029 0.0166064
1 0.7036311 0.4410063 0.0280030 0.0166063
15 0.6323509 0.5002356 0.0280029 0.0154993
26 0.8461917 0.5605721 0.0280029 0.0166064
4 0.7749115 0.6203550 0.0280029 0.0166063
11 0.7036311 0.5002356 0.0280030 0.0154993
28 0.8461917 0.4410063 0.0280029 0.0166063
11 0.7036311 0.5605721 0.0280030 0.0166064
10 0.6323509 0.4410063 0.0280029 0.0166063
8 0.4897904 0.5605721 0.0280029 0.0166064
20 0.8461917 0.6203550 0.0280029 0.0166063
28 0.4897904 0.4410063 0.0280029 0.0166063
20 0.7749115 0.5605721 0.0280029 0.0166064
6 0.7749115 0.4410063 0.0280029 0.0166063
11 0.7036311 0.6801379 0.0280030 0.0166064
16 0.7749115 0.5002356 0.0280029 0.0154993
29 0.4185101 0.6801379 0.0280030 0.0166064
15 0.5610707 0.4410063 0.0280030 0.0166063
27 0.8461917 0.5002356 0.0280029 0.0154993
15 0.4185101 0.5002356 0.0280030 0.0154993
18 0.5610707 0.5002356 0.0280030 0.0154993
15 0.4185101 0.4410063 0.0280030 0.0166063
30 0.6323509 0.6801379 0.0280029 0.0166064
5 0.6323509 0.5605721 0.0280029 0.0166064
16 0.5610707 0.6203550 0.0280030 0.0166063
9 0.7036311 0.6203550 0.0280030 0.0166063
11 0.6323509 0.6203550 0.0280029 0.0166063
3 0.5610707 0.6801379 0.0280030 0.0166064
