16 0.4533931 0.5100853 0.0267042 0.0166760
15 0.5893415 0.5100853 0.0267042 0.0166760
32 0.5893415 0.5384345 0.4903854 0.4936093
33 0.6639919 0.3033030 0.0109245 0.0144525
34 0.5213673 0.4506076 0.0631189 0.0600336
27 0.5213673 0.4500517 0.0267041 0.0166760
3 0.7932642 0.3900182 0.0267041 0.0166760
6 0.5893415 0.3900182 0.0267042 0.0166760
4 0.3854189 0.5100853 0.0267041 0.0166760
24 0.5213673 0.5100853 0.0267041 0.0166760
29 0.7252899 0.6301525 0.0267042 0.0166760
24 0.7252899 0.4500517 0.0267042 0.0166760
28 0.7932642 0.5100853 0.0267041 0.0166760
16 0.7252899 0.5701189 0.0267042 0.0166760
11 0.3854189 0.3900182 0.0267041 0.0166760
29 0.6573158 0.5701189 0.0267042 0.0166760
25 0.6573158 0.3900182 0.0267042 0.0166760
12 0.4533931 0.3900182 0.0267042 0.0166760
6 0.5213673 0.3900182 0.0267041 0.0166760
10 0.7932642 0.6301525 0.0267041 0.0166760
30 0.6573158 0.5100853 0.0267042 0.0166760
2 0.4533931 0.5701189 0.0267042 0.0166760
5 0.3854189 0.5701189 0.0267041 0.0166760
10 0.4533931 0.4500517 0.0267042 0.0166760
24 0.6573158 0.4500517 0.0267042 0.0166760
6 0.5893415 0.4500517 0.0267042 0.0166760
18 0.7252899 0.5100853 0.0267042 0.0166760
13 0.7932642 0.4500517 0.0267041 0.0166760
5 0.7252899 0.3900182 0.0267042 0.0166760
18 0.5213673 0.5701189 0.0267041 0.0166760
23 0.3854189 0.6301525 0.0267041 0.0166760
8 0.5893415 0.5701189 0.0267042 0.0166760
9 0.4533931 0.6301525 0.0267042 0.0166760
24 0.5213673 0.6301525 0.0267041 0.0166760
5 0.3854189 0.4500517 0.0267041 0.0166760
20 0.7932642 0.5701189 0.0267041 0.0166760
23 0.6573158 0.6301525 0.0267042 0.0166760
6 0.5893415 0.6301525 0.0267042 0.0166760
