10 0.4698071 0.6483976 0.0262901 0.0169471
1 0.5367274 0.4653689 0.0262902 0.0169471
32 0.5367274 0.5551885 0.4827829 0.5016343
33 0.6102204 0.3162344 0.0107550 0.0146875
34 0.7374887 0.5879529 0.0621404 0.0610096
15 0.7374887 0.5873880 0.0262902 0.0169472
4 0.4698071 0.4653689 0.0262901 0.0169471
10 0.6705682 0.5263785 0.0262902 0.0169471
6 0.5367274 0.6483976 0.0262902 0.0169471
10 0.4028867 0.5263785 0.0262901 0.0169471
26 0.7374887 0.5263785 0.0262902 0.0169471
1 0.7374887 0.4653689 0.0262902 0.0169471
20 0.3359663 0.4043593 0.0262901 0.0169471
18 0.4028867 0.4043593 0.0262901 0.0169471
29 0.5367274 0.5263785 0.0262902 0.0169471
31 0.6036479 0.4043593 0.0262902 0.0169471
25 0.6036479 0.6483976 0.0262902 0.0169471
13 0.6705682 0.4653689 0.0262902 0.0169471
23 0.4028867 0.6483976 0.0262901 0.0169471
18 0.5367274 0.5873880 0.0262902 0.0169472
19 0.6036479 0.5263785 0.0262902 0.0169471
23 0.4698071 0.5263785 0.0262901 0.0169471
16 0.4028867 0.4653689 0.0262901 0.0169471
9 0.3359663 0.6483976 0.0262901 0.0169471
26 0.3359663 0.5263785 0.0262901 0.0169471
4 0.6705682 0.4043593 0.0262902 0.0169471
5 0.3359663 0.4653689 0.0262901 0.0169471
28 0.5367274 0.4043593 0.0262902 0.0169471
7 0.4698071 0.4043593 0.0262901 0.0169471
25 0.7374887 0.4043593 0.0262902 0.0169471
14 0.6705682 0.6483976 0.0262902 0.0169471
18 0.6036479 0.4653689 0.0262902 0.0169471
16 0.6705682 0.5873880 0.0262902 0.0169472
7 0.4698071 0.5873880 0.0262901 0.0169472
6 0.6036479 0.5873880 0.0262902 0.0169472
22 0.3359663 0.5873880 0.0262901 0.0169472
19 0.4028867 0.5873880 0.0262901 0.0169472
7 0.7374887 0.6483976 0.0262902 0.0169471
