1 0.4358959 0.5456872 0.0233627 0.0168805
8 0.4852762 0.4460925 0.0223008 0.0157551
32 0.5399662 0.4145823 0.4014137 0.3758715
33 0.7056289 0.2722237 0.0084956 0.0146297
35 0.5845677 0.5456872 0.0424777 0.0438892
9 0.5845677 0.5456872 0.0233628 0.0168805
16 0.6344789 0.3481858 0.0233627 0.0157551
7 0.4852762 0.3481858 0.0223008 0.0157551
22 0.6854521 0.5456872 0.0233627 0.0168805
18 0.5845677 0.3965765 0.0233628 0.0157551
18 0.3849228 0.4956085 0.0233627 0.0157551
4 0.4852762 0.4956085 0.0223008 0.0157551
7 0.6854521 0.3965765 0.0233627 0.0157551
23 0.6344789 0.4956085 0.0233627 0.0157551
14 0.5845677 0.4460925 0.0233628 0.0157551
6 0.4358959 0.3965765 0.0233627 0.0157551
6 0.5351874 0.5456872 0.0223008 0.0168805
16 0.4358959 0.4460925 0.0233627 0.0157551
7 0.6344789 0.3965765 0.0233627 0.0157551
12 0.5351874 0.4956085 0.0223008 0.0157551
17 0.5351874 0.3965765 0.0223008 0.0157551
4 0.4358959 0.4956085 0.0233627 0.0157551
6 0.5845677 0.4956085 0.0233628 0.0157551
13 0.4358959 0.3481858 0.0233627 0.0157551
10 0.5351874 0.4460925 0.0223008 0.0157551
2 0.5351874 0.3481858 0.0223008 0.0157551
26 0.3849228 0.3481858 0.0233627 0.0157551
8 0.6854521 0.4956085 0.0233627 0.0157551
15 0.5845677 0.3481858 0.0233628 0.0157551
24 0.4852762 0.5456872 0.0223008 0.0168805
2 0.6344789 0.4460925 0.0233627 0.0157551
30 0.6854521 0.3481858 0.0233627 0.0157551
4 0.3849228 0.5456872 0.0233627 0.0168805
19 0.6854521 0.4460925 0.0233627 0.0157551
1 0.6344789 0.5456872 0.0233627 0.0168805
30 0.4852762 0.3965765 0.0223008 0.0157551
27 0.3849228 0.3965765 0.0233627 0.0157551
15 0.3849228 0.4460925 0.0233627 0.0157551
