3 0.7306154 0.4669849 0.0242420 0.0172614
1 0.7306154 0.6137071 0.0242420 0.0161106
32 0.5649616 0.4100222 0.3947985 0.5040338
33 0.7011787 0.2138173 0.0138526 0.0195630
34 0.6786683 0.3196874 0.0450209 0.0448797
27 0.6786682 0.3196874 0.0242420 0.0172614
24 0.4708796 0.3196874 0.0242420 0.0172614
14 0.6267211 0.4669849 0.0242420 0.0172614
27 0.4189324 0.4669849 0.0242420 0.0172614
19 0.5228267 0.4669849 0.0242420 0.0172614
2 0.4189324 0.5400583 0.0242420 0.0161107
12 0.6786682 0.3933361 0.0242420 0.0172614
15 0.5747739 0.5400583 0.0242420 0.0161107
15 0.6267211 0.3933361 0.0242420 0.0172614
25 0.7306154 0.3933361 0.0242420 0.0172614
29 0.6267211 0.5400583 0.0242420 0.0161107
26 0.4708796 0.6137071 0.0242420 0.0161106
29 0.4189324 0.6137071 0.0242420 0.0161106
8 0.5747739 0.3933361 0.0242420 0.0172614
15 0.5228267 0.6137071 0.0242420 0.0161106
27 0.7306154 0.5400583 0.0242420 0.0161107
28 0.4189324 0.3196874 0.0242420 0.0172614
31 0.6267211 0.3196874 0.0242420 0.0172614
8 0.5228267 0.3933361 0.0242420 0.0172614
4 0.6786682 0.6137071 0.0242420 0.0161106
13 0.5747739 0.4669849 0.0242420 0.0172614
19 0.5228267 0.5400583 0.0242420 0.0161107
20 0.6786682 0.5400583 0.0242420 0.0161107
19 0.4708796 0.5400583 0.0242420 0.0161107
30 0.5228267 0.3196874 0.0242420 0.0172614
24 0.4708796 0.3933361 0.0242420 0.0172614
29 0.7306154 0.3196874 0.0242420 0.0172614
12 0.4708796 0.4669849 0.0242420 0.0172614
3 0.5747739 0.3196874 0.0242420 0.0172614
23 0.6786682 0.4669849 0.0242420 0.0172614
19 0.6267211 0.6137071 0.0242420 0.0161106
29 0.5747739 0.6137071 0.0242420 0.0161106
28 0.4189324 0.3933361 0.0242420 0.0172614
