19 0.6115880 0.5733677 0.0221990 0.0154697
22 0.5640188 0.5733677 0.0221990 0.0154697
32 0.5550334 0.3777866 0.3615265 0.4839804
33 0.6797706 0.1893878 0.0126852 0.0187846
34 0.6591573 0.5032016 0.0412267 0.0430941
31 0.6591573 0.5026491 0.0221990 0.0154697
29 0.4688802 0.4324830 0.0221990 0.0165747
4 0.4213109 0.5733677 0.0221990 0.0154697
5 0.6115880 0.2910458 0.0221990 0.0165747
12 0.5640188 0.5026491 0.0221990 0.0154697
2 0.4688802 0.5733677 0.0221990 0.0154697
26 0.7067266 0.5026491 0.0221990 0.0154697
3 0.7067266 0.5733677 0.0221990 0.0154697
6 0.5640188 0.3617644 0.0221990 0.0165747
9 0.4213109 0.2910458 0.0221990 0.0165747
23 0.6591573 0.2910458 0.0221990 0.0165747
30 0.5164495 0.5026491 0.0221990 0.0154697
28 0.4688802 0.2910458 0.0221990 0.0165747
4 0.5164495 0.2910458 0.0221990 0.0165747
8 0.7067266 0.3617644 0.0221990 0.0165747
13 0.6591573 0.5733677 0.0221990 0.0154697
28 0.6115880 0.4324830 0.0221990 0.0165747
14 0.6591573 0.4324830 0.0221990 0.0165747
8 0.6115880 0.5026491 0.0221990 0.0154697
22 0.5164495 0.5733677 0.0221990 0.0154697
4 0.6115880 0.3617644 0.0221990 0.0165747
6 0.6591573 0.3617644 0.0221990 0.0165747
29 0.4213109 0.3617644 0.0221990 0.0165747
16 0.5164495 0.4324830 0.0221990 0.0165747
3 0.4213109 0.4324830 0.0221990 0.0165747
15 0.7067266 0.2910458 0.0221990 0.0165747
16 0.4688802 0.5026491 0.0221990 0.0154697
17 0.5640188 0.2910458 0.0221990 0.0165747
17 0.5164495 0.3617644 0.0221990 0.0165747
27 0.4213109 0.5026491 0.0221990 0.0154697
28 0.7067266 0.4324830 0.0221990 0.0165747
30 0.4688802 0.3617644 0.0221990 0.0165747
5 0.5640188 0.4324830 0.0221990 0.0165747
