26 0.4463548 0.6632260 0.0228327 0.0152018
14 0.4952821 0.6632260 0.0228327 0.0152018
32 0.3392585 0.4710317 0.3718474 0.4755996
33 0.4675567 0.2858954 0.0130473 0.0184593
34 0.3974276 0.3857930 0.0424036 0.0423479
6 0.3974276 0.3857930 0.0228327 0.0162877
22 0.2995730 0.3857930 0.0228327 0.0162877
20 0.2017184 0.3857930 0.0228327 0.0162877
2 0.2506457 0.6632260 0.0228327 0.0152018
3 0.4952821 0.5247810 0.0228327 0.0162877
14 0.2995730 0.4552870 0.0228327 0.0162876
1 0.3974276 0.6632260 0.0228327 0.0152018
24 0.4952821 0.5937321 0.0228327 0.0152018
20 0.2995730 0.6632260 0.0228327 0.0152018
15 0.4952821 0.4552870 0.0228327 0.0162876
5 0.4463548 0.3857930 0.0228327 0.0162877
23 0.3485003 0.3857930 0.0228327 0.0162877
28 0.3485003 0.6632260 0.0228327 0.0152018
7 0.2017184 0.6632260 0.0228327 0.0152018
3 0.2995730 0.5247810 0.0228327 0.0162877
1 0.4463548 0.5247810 0.0228327 0.0162877
29 0.3485003 0.5937321 0.0228327 0.0152018
21 0.2017184 0.5247810 0.0228327 0.0162877
21 0.2506457 0.5937321 0.0228327 0.0152018
11 0.3974276 0.5247810 0.0228327 0.0162877
16 0.2506457 0.5247810 0.0228327 0.0162877
9 0.3974276 0.5937321 0.0228327 0.0152018
3 0.4952821 0.3857930 0.0228327 0.0162877
20 0.2017184 0.5937321 0.0228327 0.0152018
14 0.2017184 0.4552870 0.0228327 0.0162876
28 0.4463548 0.5937321 0.0228327 0.0152018
27 0.3485003 0.5247810 0.0228327 0.0162877
28 0.2506457 0.4552870 0.0228327 0.0162876
2 0.2995730 0.5937321 0.0228327 0.0152018
1 0.2506457 0.3857930 0.0228327 0.0162877
26 0.3974276 0.4552870 0.0228327 0.0162876
29 0.3485003 0.4552870 0.0228327 0.0162876
15 0.4463548 0.4552870 0.0228327 0.0162876
