20 0.3760971 0.5180660 0.0274847 0.0174710
24 0.6559415 0.4551703 0.0274847 0.0174710
32 0.4460582 0.3590796 0.5047193 0.5171428
33 0.5228905 0.1127379 0.0112437 0.0151416
34 0.3061360 0.2670654 0.0649639 0.0628957
10 0.3061360 0.2664831 0.0274847 0.0174710
7 0.4460582 0.2664831 0.0274847 0.0174710
27 0.3760971 0.3293788 0.0274847 0.0174710
14 0.2361749 0.3922745 0.0274847 0.0174710
19 0.4460582 0.3922745 0.0274847 0.0174710
23 0.2361749 0.4551703 0.0274847 0.0174710
29 0.3061360 0.5180660 0.0274847 0.0174710
2 0.4460582 0.5180660 0.0274847 0.0174710
16 0.2361749 0.5180660 0.0274847 0.0174710
12 0.5160193 0.3293788 0.0274847 0.0174710
31 0.6559415 0.3922745 0.0274847 0.0174710
1 0.5160193 0.2664831 0.0274847 0.0174710
2 0.4460582 0.4551703 0.0274847 0.0174710
6 0.2361749 0.2664831 0.0274847 0.0174710
31 0.5859804 0.2664831 0.0274847 0.0174710
30 0.3061360 0.3922745 0.0274847 0.0174710
21 0.4460582 0.3293788 0.0274847 0.0174710
4 0.3760971 0.4551703 0.0274847 0.0174710
8 0.6559415 0.2035873 0.0274847 0.0174710
5 0.4460582 0.2035873 0.0274847 0.0174710
19 0.3061360 0.2035873 0.0274847 0.0174710
22 0.5160193 0.2035873 0.0274847 0.0174710
27 0.3061360 0.4551703 0.0274847 0.0174710
27 0.6559415 0.5180660 0.0274847 0.0174710
10 0.2361749 0.3293788 0.0274847 0.0174710
25 0.5160193 0.3922745 0.0274847 0.0174710
3 0.5859804 0.5180660 0.0274847 0.0174710
18 0.3760971 0.2664831 0.0274847 0.0174710
9 0.3760971 0.3922745 0.0274847 0.0174710
20 0.3061360 0.3293788 0.0274847 0.0174710
31 0.5859804 0.4551703 0.0274847 0.0174710
11 0.3760971 0.2035873 0.0274847 0.0174710
17 0.6559415 0.3293788 0.0274847 0.0174710
1 0.5859804 0.3293788 0.0274847 0.0174710
3 0.2361749 0.2035873 0.0274847 0.0174710
4 0.5859804 0.2035873 0.0274847 0.0174710
1 0.5859804 0.3922745 0.0274847 0.0174710
26 0.5160193 0.4551703 0.0274847 0.0174710
15 0.5160193 0.5180660 0.0274847 0.0174710
26 0.6559415 0.2664831 0.0274847 0.0174710
