4 0.5443355 0.6191935 0.0225970 0.0155096
4 0.3990689 0.5488464 0.0225970 0.0166174
32 0.3899224 0.4940090 0.3680089 0.4852283
33 0.5168963 0.3051245 0.0129126 0.0188331
34 0.4474911 0.4070445 0.0419659 0.0432053
15 0.4474911 0.4070445 0.0225970 0.0166174
29 0.4474911 0.6191935 0.0225970 0.0155096
24 0.3022244 0.6900944 0.0225970 0.0155096
7 0.4959133 0.6191935 0.0225970 0.0155096
24 0.3022244 0.4779455 0.0225970 0.0166174
25 0.3990689 0.6191935 0.0225970 0.0155096
2 0.4959133 0.6900944 0.0225970 0.0155096
11 0.5443355 0.4779455 0.0225970 0.0166174
15 0.2538022 0.6191935 0.0225970 0.0155096
14 0.2538022 0.5488464 0.0225970 0.0166174
20 0.3022244 0.6191935 0.0225970 0.0155096
12 0.2538022 0.4070445 0.0225970 0.0166174
15 0.4474911 0.4779455 0.0225970 0.0166174
4 0.3506466 0.6191935 0.0225970 0.0155096
13 0.4959133 0.4779455 0.0225970 0.0166174
3 0.3506466 0.4070445 0.0225970 0.0166174
20 0.3990689 0.4070445 0.0225970 0.0166174
20 0.4474911 0.6900944 0.0225970 0.0155096
23 0.5443355 0.5488464 0.0225970 0.0166174
21 0.3990689 0.4779455 0.0225970 0.0166174
17 0.4474911 0.5488464 0.0225970 0.0166174
5 0.2538022 0.6900944 0.0225970 0.0155096
5 0.5443355 0.6900944 0.0225970 0.0155096
2 0.3506466 0.4779455 0.0225970 0.0166174
18 0.2538022 0.4779455 0.0225970 0.0166174
25 0.5443355 0.4070445 0.0225970 0.0166174
7 0.4959133 0.4070445 0.0225970 0.0166174
3 0.4959133 0.5488464 0.0225970 0.0166174
2 0.3022244 0.4070445 0.0225970 0.0166174
12 0.3506466 0.6900944 0.0225970 0.0155096
15 0.3990689 0.6900944 0.0225970 0.0155096
23 0.3022244 0.5488464 0.0225970 0.0166174
4 0.3506466 0.5488464 0.0225970 0.0166174
