23 0.6472571 0.5230235 0.0231209 0.0162305
7 0.6472571 0.3845232 0.0231209 0.0162305
32 0.5883537 0.4694628 0.3765412 0.4739305
33 0.7182714 0.2849762 0.0132119 0.0183946
34 0.5481673 0.4537734 0.0429389 0.0421993
29 0.5481673 0.4537734 0.0231210 0.0162305
28 0.6968020 0.5917326 0.0231210 0.0151484
2 0.4986224 0.5917326 0.0231210 0.0151484
5 0.6968020 0.6609827 0.0231210 0.0151485
28 0.7463468 0.5917326 0.0231209 0.0151484
20 0.4490775 0.3845232 0.0231210 0.0162305
8 0.5977122 0.5230235 0.0231209 0.0162305
21 0.7463468 0.4537734 0.0231209 0.0162305
29 0.4490775 0.4537734 0.0231210 0.0162305
20 0.6968020 0.3845232 0.0231210 0.0162305
11 0.5977122 0.4537734 0.0231209 0.0162305
21 0.6472571 0.4537734 0.0231209 0.0162305
2 0.5481673 0.5917326 0.0231210 0.0151484
20 0.4986224 0.3845232 0.0231210 0.0162305
10 0.4490775 0.5230235 0.0231210 0.0162305
25 0.5977122 0.6609827 0.0231209 0.0151485
2 0.6472571 0.5917326 0.0231209 0.0151484
25 0.7463468 0.5230235 0.0231209 0.0162305
3 0.6968020 0.4537734 0.0231210 0.0162305
29 0.5481673 0.6609827 0.0231210 0.0151485
28 0.6472571 0.6609827 0.0231209 0.0151485
4 0.5977122 0.5917326 0.0231209 0.0151484
1 0.4490775 0.6609827 0.0231210 0.0151485
5 0.4490775 0.5917326 0.0231210 0.0151484
9 0.7463468 0.3845232 0.0231209 0.0162305
17 0.5977122 0.3845232 0.0231209 0.0162305
5 0.6968020 0.5230235 0.0231210 0.0162305
20 0.5481673 0.3845232 0.0231210 0.0162305
3 0.5481673 0.5230235 0.0231210 0.0162305
11 0.4986224 0.5230235 0.0231210 0.0162305
25 0.7463468 0.6609827 0.0231209 0.0151485
8 0.4986224 0.6609827 0.0231210 0.0151485
17 0.4986224 0.4537734 0.0231210 0.0162305
