22 0.5895949 0.4815389 0.0234678 0.0154548
10 0.6398829 0.4114402 0.0234677 0.0165587
32 0.5298079 0.3567964 0.3821896 0.4835153
33 0.6616744 0.1685787 0.0134102 0.0187666
34 0.6901710 0.4820909 0.0435830 0.0430527
23 0.6901710 0.4815389 0.0234677 0.0154548
25 0.5393067 0.5521896 0.0234678 0.0154548
16 0.3884424 0.4114402 0.0234678 0.0165587
17 0.6398829 0.5521896 0.0234677 0.0154548
27 0.4890186 0.4114402 0.0234677 0.0165587
27 0.4387305 0.3407896 0.0234678 0.0165587
18 0.5895949 0.3407896 0.0234678 0.0165587
31 0.4387305 0.4114402 0.0234678 0.0165587
24 0.6901710 0.3407896 0.0234677 0.0165587
4 0.6398829 0.2701390 0.0234677 0.0165587
15 0.3884424 0.2701390 0.0234678 0.0165587
11 0.5393067 0.4114402 0.0234678 0.0165587
24 0.4387305 0.4815389 0.0234678 0.0154548
2 0.5393067 0.2701390 0.0234678 0.0165587
3 0.5393067 0.3407896 0.0234678 0.0165587
8 0.5895949 0.4114402 0.0234678 0.0165587
18 0.4890186 0.4815389 0.0234677 0.0154548
6 0.3884424 0.3407896 0.0234678 0.0165587
16 0.6398829 0.3407896 0.0234677 0.0165587
6 0.5393067 0.4815389 0.0234678 0.0154548
7 0.3884424 0.4815389 0.0234678 0.0154548
2 0.5895949 0.5521896 0.0234678 0.0154548
27 0.4387305 0.5521896 0.0234678 0.0154548
11 0.5895949 0.2701390 0.0234678 0.0165587
31 0.4387305 0.2701390 0.0234678 0.0165587
19 0.6901710 0.5521896 0.0234677 0.0154548
27 0.6901710 0.4114402 0.0234677 0.0165587
4 0.3884424 0.5521896 0.0234678 0.0154548
4 0.4890186 0.2701390 0.0234677 0.0165587
27 0.4890186 0.3407896 0.0234677 0.0165587
16 0.6398829 0.4815389 0.0234677 0.0154548
31 0.6901710 0.2701390 0.0234677 0.0165587
21 0.4890186 0.5521896 0.0234677 0.0154548
