14 0.4823324 0.5255074 0.0268048 0.0153091
19 0.3458714 0.4670048 0.0268048 0.0164026
32 0.3464806 0.5796360 0.4934527 0.4822363
33 0.4189755 0.3653088 0.0097472 0.0120286
34 0.4823324 0.6436060 0.0633569 0.0590493
21 0.4823324 0.6441528 0.0268048 0.0164026
29 0.1411799 0.6441528 0.0268048 0.0164026
3 0.2776409 0.7032021 0.0268048 0.0164026
27 0.4141019 0.5851036 0.0268048 0.0164026
18 0.4823324 0.7032021 0.0268048 0.0164026
16 0.4141019 0.5255074 0.0268048 0.0153091
6 0.5505629 0.7032021 0.0268048 0.0164026
17 0.5505629 0.6441528 0.0268048 0.0164026
3 0.2094104 0.4670048 0.0268048 0.0164026
30 0.2776409 0.5851036 0.0268048 0.0164026
15 0.1411799 0.5255074 0.0268048 0.0153091
3 0.3458714 0.5851036 0.0268048 0.0164026
14 0.3458714 0.5255074 0.0268048 0.0153091
4 0.3458714 0.7032021 0.0268048 0.0164026
13 0.2094104 0.5255074 0.0268048 0.0153091
22 0.4141019 0.7032021 0.0268048 0.0164026
20 0.2776409 0.4670048 0.0268048 0.0164026
14 0.4823324 0.4670048 0.0268048 0.0164026
7 0.5505629 0.5851036 0.0268048 0.0164026
28 0.2776409 0.6441528 0.0268048 0.0164026
10 0.4141019 0.6441528 0.0268048 0.0164026
21 0.1411799 0.5851036 0.0268048 0.0164026
16 0.4823324 0.5851036 0.0268048 0.0164026
27 0.2094104 0.7032021 0.0268048 0.0164026
28 0.2094104 0.5851036 0.0268048 0.0164026
9 0.1411799 0.4670048 0.0268048 0.0164026
17 0.2094104 0.6441528 0.0268048 0.0164026
6 0.5505629 0.4670048 0.0268048 0.0164026
29 0.2776409 0.5255074 0.0268048 0.0153091
2 0.3458714 0.6441528 0.0268048 0.0164026
16 0.4141019 0.4670048 0.0268048 0.0164026
28 0.1411799 0.7032021 0.0268048 0.0164026
9 0.5505629 0.5255074 0.0268048 0.0153091
