17 0.2956312 0.5182219 0.0273820 0.0174629
15 0.0865318 0.3296225 0.0273821 0.0174629
32 0.2950089 0.3435928 0.4991003 0.5064244
33 0.3721766 0.1031867 0.0112018 0.0139703
5 0.1562316 0.2038895 0.0273821 0.0174629
15 0.2956312 0.2038895 0.0273820 0.0174629
24 0.1562316 0.3924890 0.0273821 0.0174629
29 0.3653310 0.3924890 0.0273820 0.0174629
13 0.5047306 0.3924890 0.0273820 0.0174629
2 0.0865318 0.4553554 0.0273821 0.0174630
34 0.3653310 0.4559375 0.0647212 0.0628665
10 0.3653310 0.4553554 0.0273820 0.0174630
31 0.2259314 0.5182219 0.0273820 0.0174629
16 0.2259314 0.3924890 0.0273820 0.0174629
7 0.4350308 0.5182219 0.0273821 0.0174629
27 0.3653310 0.2038895 0.0273820 0.0174629
23 0.5047306 0.2667560 0.0273820 0.0174629
4 0.3653310 0.3296225 0.0273820 0.0174629
20 0.1562316 0.2667560 0.0273821 0.0174629
20 0.3653310 0.2667560 0.0273820 0.0174629
29 0.2956312 0.3924890 0.0273820 0.0174629
27 0.5047306 0.4553554 0.0273820 0.0174630
14 0.1562316 0.4553554 0.0273821 0.0174630
4 0.2956312 0.3296225 0.0273820 0.0174629
27 0.5047306 0.2038895 0.0273820 0.0174629
14 0.5047306 0.5182219 0.0273820 0.0174629
4 0.0865318 0.2667560 0.0273821 0.0174629
23 0.4350308 0.4553554 0.0273821 0.0174630
30 0.4350308 0.3924890 0.0273821 0.0174629
1 0.4350308 0.2667560 0.0273821 0.0174629
7 0.2956312 0.2667560 0.0273820 0.0174629
20 0.1562316 0.3296225 0.0273821 0.0174629
6 0.0865318 0.2038895 0.0273821 0.0174629
17 0.2956312 0.4553554 0.0273820 0.0174630
27 0.2259314 0.3296225 0.0273820 0.0174629
25 0.2259314 0.2038895 0.0273820 0.0174629
13 0.3653310 0.5182219 0.0273820 0.0174629
25 0.0865318 0.3924890 0.0273821 0.0174629
25 0.4350308 0.2038895 0.0273821 0.0174629
1 0.0865318 0.5182219 0.0273821 0.0174629
4 0.4350308 0.3296225 0.0273821 0.0174629
1 0.2259314 0.4553554 0.0273820 0.0174630
23 0.2259314 0.2667560 0.0273820 0.0174629
23 0.1562316 0.5182219 0.0273821 0.0174629
5 0.5047306 0.3296225 0.0273820 0.0174629
