4 0.6651708 0.5346511 0.0234336 0.0163492
10 0.7231966 0.5346511 0.0234335 0.0163492
32 0.6640549 0.5777039 0.4028333 0.4163586
33 0.8465016 0.3864187 0.0111589 0.0163491
29 0.5496771 0.4779740 0.0245494 0.0163491
22 0.6065870 0.4779740 0.0245494 0.0163491
34 0.7817805 0.5918731 0.0490988 0.0479576
28 0.7817805 0.5918731 0.0245494 0.0152593
14 0.8386905 0.5918731 0.0245494 0.0152593
19 0.7817805 0.6485502 0.0245494 0.0152592
5 0.4916512 0.7041374 0.0245494 0.0152592
11 0.6651708 0.7041374 0.0234336 0.0152592
13 0.5496771 0.7613595 0.0245494 0.0163491
22 0.4916512 0.4779740 0.0245494 0.0163491
30 0.6065870 0.7041374 0.0245494 0.0152592
3 0.5496771 0.5346511 0.0245494 0.0163492
14 0.6651708 0.4779740 0.0234336 0.0163491
2 0.5496771 0.7041374 0.0245494 0.0152592
7 0.6651708 0.7613595 0.0234336 0.0163491
28 0.7817805 0.4779740 0.0245494 0.0163491
27 0.5496771 0.6485502 0.0245494 0.0152592
23 0.7817805 0.7041374 0.0245494 0.0152592
11 0.6065870 0.7613595 0.0245494 0.0163491
6 0.4916512 0.5918731 0.0245494 0.0152593
24 0.4916512 0.5346511 0.0245494 0.0163492
14 0.8386905 0.5346511 0.0245494 0.0163492
15 0.6065870 0.6485502 0.0245494 0.0152592
25 0.6651708 0.5918731 0.0234336 0.0152593
21 0.8386905 0.7613595 0.0245494 0.0163491
6 0.6065870 0.5918731 0.0245494 0.0152593
10 0.7231966 0.4779740 0.0234335 0.0163491
6 0.6065870 0.5346511 0.0245494 0.0163492
16 0.6651708 0.6485502 0.0234336 0.0152592
15 0.8386905 0.6485502 0.0245494 0.0152592
4 0.7231966 0.5918731 0.0234335 0.0152593
16 0.4916512 0.6485502 0.0245494 0.0152592
18 0.7231966 0.6485502 0.0234335 0.0152592
28 0.7231966 0.7613595 0.0234335 0.0163491
21 0.7817805 0.5346511 0.0245494 0.0163492
2 0.8386905 0.4779740 0.0245494 0.0163491
25 0.4916512 0.7613595 0.0245494 0.0163491
5 0.7817805 0.7613595 0.0245494 0.0163491
21 0.7231966 0.7041374 0.0234335 0.0152592
7 0.5496771 0.5918731 0.0245494 0.0152593
10 0.8386905 0.7041374 0.0245494 0.0152592
