21 0.6666814 0.2020602 0.0263844 0.0162263
27 0.4652003 0.3188896 0.0263844 0.0162263
32 0.5317611 0.3318706 0.4809161 0.4705627
33 0.6061172 0.1084886 0.0107936 0.0129810
25 0.5995211 0.2020602 0.0263844 0.0162263
26 0.4652003 0.2604749 0.0263844 0.0162263
13 0.5323607 0.2604749 0.0263844 0.0162263
31 0.3308797 0.3188896 0.0263844 0.0162263
34 0.7338418 0.3194305 0.0623631 0.0584147
7 0.7338418 0.3188896 0.0263844 0.0162263
19 0.5323607 0.3773043 0.0263844 0.0162263
22 0.6666814 0.3773043 0.0263844 0.0162263
4 0.5995211 0.4357190 0.0263844 0.0162263
19 0.5323607 0.4941336 0.0263844 0.0162263
5 0.5995211 0.4941336 0.0263844 0.0162263
29 0.7338418 0.2604749 0.0263844 0.0162263
25 0.3980400 0.4357190 0.0263844 0.0162263
16 0.3980400 0.2020602 0.0263844 0.0162263
25 0.3308797 0.4941336 0.0263844 0.0162263
14 0.5995211 0.3773043 0.0263844 0.0162263
4 0.3308797 0.2604749 0.0263844 0.0162263
15 0.3308797 0.2020602 0.0263844 0.0162263
2 0.5323607 0.4357190 0.0263844 0.0162263
29 0.5323607 0.3188896 0.0263844 0.0162263
1 0.6666814 0.4941336 0.0263844 0.0162263
1 0.7338418 0.4941336 0.0263844 0.0162263
3 0.6666814 0.4357190 0.0263844 0.0162263
28 0.3980400 0.3188896 0.0263844 0.0162263
25 0.4652003 0.2020602 0.0263844 0.0162263
20 0.3308797 0.3773043 0.0263844 0.0162263
4 0.5995211 0.2604749 0.0263844 0.0162263
15 0.5995211 0.3188896 0.0263844 0.0162263
5 0.4652003 0.4357190 0.0263844 0.0162263
28 0.7338418 0.3773043 0.0263844 0.0162263
27 0.3980400 0.2604749 0.0263844 0.0162263
25 0.3980400 0.4941336 0.0263844 0.0162263
14 0.6666814 0.3188896 0.0263844 0.0162263
3 0.5323607 0.2020602 0.0263844 0.0162263
1 0.4652003 0.3773043 0.0263844 0.0162263
3 0.3308797 0.4357190 0.0263844 0.0162263
5 0.7338418 0.2020602 0.0263844 0.0162263
30 0.6666814 0.2604749 0.0263844 0.0162263
1 0.4652003 0.4941336 0.0263844 0.0162263
30 0.7338418 0.4357190 0.0263844 0.0162263
16 0.3980400 0.3773043 0.0263844 0.0162263
