20 0.8233080 0.5388108 0.0238828 0.0158921
26 0.8830150 0.3611597 0.0250201 0.0170272
32 0.7584832 0.4451609 0.4105569 0.3893567
33 0.9506831 0.2646719 0.0102355 0.0147570
20 0.9410162 0.4797830 0.0250201 0.0158921
26 0.5873231 0.5388108 0.0250201 0.0158921
9 0.6464615 0.4797830 0.0250201 0.0158921
8 0.8233080 0.4201875 0.0238828 0.0170273
13 0.8830150 0.4201875 0.0250201 0.0170273
30 0.7641697 0.5967034 0.0238829 0.0158921
25 0.8233080 0.3611597 0.0238828 0.0170272
12 0.7044626 0.5388108 0.0250201 0.0158921
18 0.8233080 0.5967034 0.0238828 0.0158921
29 0.8830150 0.4797830 0.0250201 0.0158921
30 0.5873231 0.5967034 0.0250201 0.0158921
27 0.9410162 0.3611597 0.0250201 0.0170272
18 0.8233080 0.4797830 0.0238828 0.0158921
5 0.8830150 0.5967034 0.0250201 0.0158921
26 0.6464615 0.3611597 0.0250201 0.0170272
18 0.7641697 0.5388108 0.0238829 0.0158921
23 0.7641697 0.3611597 0.0238829 0.0170272
5 0.7044626 0.4797830 0.0250201 0.0158921
26 0.5873231 0.3611597 0.0250201 0.0170272
3 0.7044626 0.4201875 0.0250201 0.0170273
31 0.5873231 0.4797830 0.0250201 0.0158921
8 0.9410162 0.4201875 0.0250201 0.0170273
22 0.7044626 0.5967034 0.0250201 0.0158921
20 0.6464615 0.5388108 0.0250201 0.0158921
3 0.9410162 0.5388108 0.0250201 0.0158921
29 0.7641697 0.4201875 0.0238829 0.0170273
11 0.6464615 0.5967034 0.0250201 0.0158921
13 0.5873231 0.4201875 0.0250201 0.0170273
16 0.6464615 0.4201875 0.0250201 0.0170273
27 0.7044626 0.3611597 0.0250201 0.0170272
10 0.9410162 0.5967034 0.0250201 0.0158921
31 0.7641697 0.4797830 0.0238829 0.0158921
23 0.8830150 0.5388108 0.0250201 0.0158921
