6 0.7390466 0.3652841 0.0233632 0.0174913
8 0.6389191 0.3652841 0.0233632 0.0174913
32 0.6294626 0.4568220 0.3804845 0.5107464
33 0.7607410 0.2580040 0.0133504 0.0198235
25 0.5387916 0.3652841 0.0233631 0.0174913
18 0.5387916 0.5885899 0.0233631 0.0163253
12 0.6889829 0.4399137 0.0233632 0.0174913
2 0.5888554 0.5885899 0.0233631 0.0163253
9 0.7891104 0.5885899 0.0233631 0.0163253
12 0.5387916 0.6632195 0.0233631 0.0163252
22 0.6389191 0.5885899 0.0233632 0.0163253
5 0.5888554 0.5145433 0.0233631 0.0174913
26 0.6389191 0.5145433 0.0233632 0.0174913
10 0.7891104 0.5145433 0.0233631 0.0174913
13 0.6889829 0.5885899 0.0233632 0.0163253
22 0.7891104 0.3652841 0.0233631 0.0174913
10 0.6389191 0.4399137 0.0233632 0.0174913
11 0.5888554 0.6632195 0.0233631 0.0163252
9 0.7390466 0.5145433 0.0233632 0.0174913
1 0.6889829 0.6632195 0.0233632 0.0163252
6 0.7390466 0.6632195 0.0233632 0.0163252
18 0.5888554 0.3652841 0.0233631 0.0174913
19 0.6389191 0.6632195 0.0233632 0.0163252
30 0.4887279 0.5885899 0.0233631 0.0163253
13 0.7891104 0.6632195 0.0233631 0.0163252
26 0.4887279 0.3652841 0.0233631 0.0174913
12 0.6889829 0.3652841 0.0233632 0.0174913
22 0.7390466 0.5885899 0.0233632 0.0163253
8 0.5888554 0.4399137 0.0233631 0.0174913
7 0.4887279 0.4399137 0.0233631 0.0174913
22 0.7891104 0.4399137 0.0233631 0.0174913
10 0.4887279 0.5145433 0.0233631 0.0174913
26 0.5387916 0.4399137 0.0233631 0.0174913
23 0.6889829 0.5145433 0.0233632 0.0174913
6 0.7390466 0.4399137 0.0233632 0.0174913
16 0.4887279 0.6632195 0.0233631 0.0163252
27 0.5387916 0.5145433 0.0233631 0.0174913
