4 0.6872466 0.6469911 0.0243110 0.0148397
20 0.5830565 0.6469911 0.0243110 0.0148397
32 0.5211213 0.4593749 0.3959223 0.4642705
33 0.6577261 0.2786486 0.0138921 0.0180196
12 0.5830565 0.4440052 0.0243110 0.0158997
4 0.4267714 0.5791524 0.0243110 0.0148397
18 0.6872466 0.5118438 0.0243110 0.0158997
19 0.6351515 0.3761666 0.0243110 0.0158997
5 0.3746763 0.4440052 0.0243110 0.0158997
9 0.4788664 0.5791524 0.0243110 0.0148397
7 0.6351515 0.5791524 0.0243110 0.0148397
16 0.4788664 0.3761666 0.0243110 0.0158997
24 0.5309614 0.4440052 0.0243110 0.0158997
27 0.5309614 0.5118438 0.0243110 0.0158997
12 0.5309614 0.6469911 0.0243110 0.0148397
3 0.6872466 0.3761666 0.0243110 0.0158997
12 0.4788664 0.5118438 0.0243110 0.0158997
2 0.4788664 0.4440052 0.0243110 0.0158997
20 0.5309614 0.5791524 0.0243110 0.0148397
2 0.4267714 0.5118438 0.0243110 0.0158997
31 0.6872466 0.4440052 0.0243110 0.0158997
18 0.5830565 0.5791524 0.0243110 0.0148397
2 0.3746763 0.6469911 0.0243110 0.0148397
6 0.4788664 0.6469911 0.0243110 0.0148397
21 0.4267714 0.3761666 0.0243110 0.0158997
1 0.4267714 0.4440052 0.0243110 0.0158997
4 0.3746763 0.5118438 0.0243110 0.0158997
24 0.5830565 0.3761666 0.0243110 0.0158997
10 0.6351515 0.5118438 0.0243110 0.0158997
3 0.6351515 0.6469911 0.0243110 0.0148397
25 0.6872466 0.5791524 0.0243110 0.0148397
18 0.4267714 0.6469911 0.0243110 0.0148397
11 0.3746763 0.3761666 0.0243110 0.0158997
27 0.5309614 0.3761666 0.0243110 0.0158997
5 0.6351515 0.4440052 0.0243110 0.0158997
3 0.3746763 0.5791524 0.0243110 0.0148397
23 0.5830565 0.5118438 0.0243110 0.0158997
