26 0.3834426 0.4650149 0.0286855 0.0164602
19 0.3104251 0.4057581 0.0286854 0.0164602
32 0.5288257 0.4990327 0.5228576 0.4861254
33 0.6090146 0.2696869 0.0130389 0.0142655
15 0.6024952 0.4057581 0.0286855 0.0164602
14 0.6755127 0.6427854 0.0286854 0.0164602
12 0.7485302 0.4057581 0.0286855 0.0164602
22 0.7485302 0.5835285 0.0286855 0.0164602
27 0.5294776 0.5835285 0.0286855 0.0164602
8 0.5294776 0.4057581 0.0286855 0.0164602
17 0.4564601 0.5242717 0.0286855 0.0164602
29 0.6024952 0.4650149 0.0286855 0.0164602
28 0.3834426 0.4057581 0.0286855 0.0164602
25 0.6024952 0.6427854 0.0286855 0.0164602
13 0.4564601 0.4057581 0.0286855 0.0164602
6 0.7485302 0.4650149 0.0286855 0.0164602
21 0.6024952 0.5242717 0.0286855 0.0164602
7 0.7485302 0.6427854 0.0286855 0.0164602
4 0.6024952 0.5835285 0.0286855 0.0164602
21 0.6755127 0.4057581 0.0286854 0.0164602
19 0.5294776 0.5242717 0.0286855 0.0164602
16 0.6755127 0.5242717 0.0286854 0.0164602
8 0.7485302 0.5242717 0.0286855 0.0164602
19 0.4564601 0.6427854 0.0286855 0.0164602
6 0.3104251 0.5242717 0.0286854 0.0164602
22 0.4564601 0.4650149 0.0286855 0.0164602
9 0.6755127 0.5835285 0.0286854 0.0164602
16 0.3834426 0.5242717 0.0286855 0.0164602
17 0.5294776 0.6427854 0.0286855 0.0164602
25 0.3104251 0.5835285 0.0286854 0.0164602
5 0.3834426 0.5835285 0.0286855 0.0164602
17 0.3104251 0.4650149 0.0286854 0.0164602
30 0.3834426 0.6427854 0.0286855 0.0164602
8 0.6755127 0.4650149 0.0286854 0.0164602
2 0.3104251 0.6427854 0.0286854 0.0164602
26 0.5294776 0.4650149 0.0286855 0.0164602
21 0.4564601 0.5835285 0.0286855 0.0164602
