13 0.3458907 0.6741661 0.0255339 0.0160537
20 0.7068472 0.6156847 0.0255339 0.0160537
32 0.5205658 0.5210826 0.4189880 0.3933155
33 0.7167126 0.3387585 0.0104457 0.0149070
23 0.5263690 0.4958554 0.0243732 0.0172004
1 0.6476550 0.4958554 0.0255339 0.0172004
26 0.4654358 0.5560567 0.0255339 0.0160537
24 0.7068472 0.5560567 0.0255339 0.0160537
1 0.3458907 0.5560567 0.0255339 0.0160537
31 0.4062436 0.4362273 0.0255339 0.0172004
5 0.4062436 0.4958554 0.0255339 0.0172004
25 0.5867218 0.5560567 0.0243732 0.0160537
19 0.4062436 0.6156847 0.0255339 0.0160537
16 0.6476550 0.6741661 0.0255339 0.0160537
18 0.7068472 0.4958554 0.0255339 0.0172004
23 0.5867218 0.4362273 0.0243732 0.0172004
29 0.5263690 0.6741661 0.0243732 0.0160537
5 0.3458907 0.6156847 0.0255339 0.0160537
30 0.6476550 0.6156847 0.0255339 0.0160537
23 0.5867218 0.6156847 0.0243732 0.0160537
4 0.4062436 0.5560567 0.0255339 0.0160537
9 0.5263690 0.5560567 0.0243732 0.0160537
7 0.4062436 0.6741661 0.0255339 0.0160537
2 0.4654358 0.4958554 0.0255339 0.0172004
10 0.4654358 0.4362273 0.0255339 0.0172004
9 0.3458907 0.4958554 0.0255339 0.0172004
27 0.5867218 0.4958554 0.0243732 0.0172004
4 0.4654358 0.6156847 0.0255339 0.0160537
2 0.5263690 0.4362273 0.0243732 0.0172004
23 0.6476550 0.4362273 0.0255339 0.0172004
13 0.7068472 0.6741661 0.0255339 0.0160537
3 0.7068472 0.4362273 0.0255339 0.0172004
25 0.5263690 0.6156847 0.0243732 0.0160537
14 0.6476550 0.5560567 0.0255339 0.0160537
17 0.4654358 0.6741661 0.0255339 0.0160537
14 0.5867218 0.6741661 0.0243732 0.0160537
29 0.3458907 0.4362273 0.0255339 0.0172004
