26 0.4018709 0.3201378 0.0250017 0.0166176
24 0.6973455 0.3201378 0.0250016 0.0166176
32 0.5729053 0.3445103 0.4102551 0.3799898
33 0.7649637 0.1683634 0.0102280 0.0144020
18 0.7553040 0.2625300 0.0250018 0.0166176
19 0.4018709 0.3782995 0.0250017 0.0155098
18 0.4018709 0.2625300 0.0250017 0.0166176
19 0.5189243 0.3782995 0.0250017 0.0155098
30 0.7553040 0.3782995 0.0250018 0.0155098
2 0.5785874 0.2625300 0.0238653 0.0166176
23 0.6376824 0.4359073 0.0238653 0.0155098
1 0.5785874 0.4359073 0.0238653 0.0155098
26 0.4609658 0.2625300 0.0250017 0.0166176
17 0.6376824 0.3782995 0.0238653 0.0155098
26 0.4018709 0.4359073 0.0250017 0.0155098
28 0.4609658 0.3782995 0.0250017 0.0155098
9 0.4018709 0.4924072 0.0250017 0.0155098
28 0.7553040 0.4924072 0.0250018 0.0155098
1 0.6376824 0.2625300 0.0238653 0.0166176
10 0.6973455 0.4359073 0.0250016 0.0155098
19 0.5785874 0.3782995 0.0238653 0.0155098
7 0.4609658 0.3201378 0.0250017 0.0166176
8 0.6973455 0.4924072 0.0250016 0.0155098
4 0.7553040 0.4359073 0.0250018 0.0155098
21 0.5189243 0.4924072 0.0250017 0.0155098
24 0.4609658 0.4924072 0.0250017 0.0155098
6 0.6376824 0.3201378 0.0238653 0.0166176
24 0.6973455 0.3782995 0.0250016 0.0155098
16 0.5785874 0.3201378 0.0238653 0.0166176
5 0.6376824 0.4924072 0.0238653 0.0155098
10 0.5189243 0.2625300 0.0250017 0.0166176
28 0.6973455 0.2625300 0.0250016 0.0166176
9 0.5189243 0.3201378 0.0250017 0.0166176
30 0.5785874 0.4924072 0.0238653 0.0155098
4 0.4609658 0.4359073 0.0250017 0.0155098
25 0.7553040 0.3201378 0.0250018 0.0166176
10 0.5189243 0.4359073 0.0250017 0.0155098
