22 0.1708830 0.5185079 0.0265066 0.0164383
29 0.3732971 0.4001520 0.0265067 0.0164383
32 0.3058257 0.5464530 0.4867579 0.4865742
33 0.3799238 0.3146728 0.0108436 0.0142466
21 0.5082399 0.5185079 0.0265066 0.0164383
23 0.1034116 0.6368638 0.0265066 0.0164384
30 0.2383544 0.6368638 0.0265066 0.0164384
14 0.3732971 0.5776859 0.0265067 0.0164384
11 0.4407685 0.4593300 0.0265066 0.0164383
31 0.2383544 0.5776859 0.0265066 0.0164384
6 0.1034116 0.5185079 0.0265066 0.0164383
4 0.1708830 0.4593300 0.0265066 0.0164383
18 0.1708830 0.4001520 0.0265066 0.0164383
5 0.3732971 0.5185079 0.0265067 0.0164383
22 0.3058257 0.5776859 0.0265066 0.0164384
16 0.3058257 0.4001520 0.0265066 0.0164383
20 0.3058257 0.4593300 0.0265066 0.0164383
9 0.5082399 0.4593300 0.0265066 0.0164383
31 0.1708830 0.6368638 0.0265066 0.0164384
2 0.2383544 0.5185079 0.0265066 0.0164383
14 0.3058257 0.6368638 0.0265066 0.0164384
27 0.4407685 0.5185079 0.0265066 0.0164383
10 0.1708830 0.5776859 0.0265066 0.0164384
26 0.4407685 0.5776859 0.0265066 0.0164384
26 0.3058257 0.5185079 0.0265066 0.0164383
31 0.3732971 0.4593300 0.0265067 0.0164383
23 0.5082399 0.6368638 0.0265066 0.0164384
24 0.5082399 0.4001520 0.0265066 0.0164383
12 0.1034116 0.5776859 0.0265066 0.0164384
17 0.1034116 0.4593300 0.0265066 0.0164383
5 0.5082399 0.5776859 0.0265066 0.0164384
10 0.2383544 0.4001520 0.0265066 0.0164383
6 0.1034116 0.4001520 0.0265066 0.0164383
3 0.4407685 0.4001520 0.0265066 0.0164383
3 0.2383544 0.4593300 0.0265066 0.0164383
3 0.4407685 0.6368638 0.0265066 0.0164384
23 0.3732971 0.6368638 0.0265067 0.0164384
