1 0.5949561 0.5306005 0.0269225 0.0164229
31 0.4578963 0.4123556 0.0269225 0.0164229
32 0.3893665 0.4402745 0.4943943 0.4861180
33 0.4646270 0.2087115 0.0110137 0.0142332
29 0.3208365 0.5306005 0.0269225 0.0164229
19 0.2523066 0.4123556 0.0269225 0.0164229
22 0.2523066 0.2941106 0.0269225 0.0164229
24 0.5949561 0.4714780 0.0269225 0.0164229
16 0.1837767 0.5306005 0.0269225 0.0164229
22 0.1837767 0.4123556 0.0269225 0.0164229
25 0.3893665 0.3532331 0.0269225 0.0164229
7 0.1837767 0.3532331 0.0269225 0.0164229
12 0.3893665 0.2941106 0.0269225 0.0164229
27 0.4578963 0.3532331 0.0269225 0.0164229
17 0.4578963 0.2941106 0.0269225 0.0164229
11 0.5264262 0.5306005 0.0269225 0.0164229
6 0.3208365 0.4123556 0.0269225 0.0164229
15 0.3893665 0.4714780 0.0269225 0.0164229
1 0.5949561 0.4123556 0.0269225 0.0164229
30 0.1837767 0.4714780 0.0269225 0.0164229
10 0.4578963 0.5306005 0.0269225 0.0164229
20 0.2523066 0.3532331 0.0269225 0.0164229
15 0.3208365 0.2941106 0.0269225 0.0164229
25 0.3893665 0.4123556 0.0269225 0.0164229
20 0.3208365 0.3532331 0.0269225 0.0164229
15 0.5949561 0.2941106 0.0269225 0.0164229
15 0.2523066 0.5306005 0.0269225 0.0164229
13 0.5264262 0.3532331 0.0269225 0.0164229
20 0.3208365 0.4714780 0.0269225 0.0164229
28 0.5949561 0.3532331 0.0269225 0.0164229
1 0.5264262 0.2941106 0.0269225 0.0164229
22 0.1837767 0.2941106 0.0269225 0.0164229
2 0.2523066 0.4714780 0.0269225 0.0164229
22 0.5264262 0.4123556 0.0269225 0.0164229
17 0.4578963 0.4714780 0.0269225 0.0164229
17 0.3893665 0.5306005 0.0269225 0.0164229
14 0.5264262 0.4714780 0.0269225 0.0164229
