4 0.4717104 0.1504497 0.0225838 0.0160718
21 0.6238826 0.1504497 0.0236593 0.0160718
32 0.4738613 0.2394188 0.4011323 0.4304956
33 0.6443157 0.0718125 0.0086034 0.0126279
13 0.3711584 0.1998132 0.0236593 0.0160718
35 0.5722624 0.1998132 0.0430168 0.0459195
1 0.5722624 0.1998132 0.0236593 0.0160718
25 0.3711584 0.3008362 0.0236593 0.0160718
12 0.3711584 0.3519217 0.0236593 0.0172198
9 0.5217175 0.3519217 0.0236593 0.0172198
22 0.3195382 0.4024331 0.0236593 0.0172198
14 0.5217175 0.4024331 0.0236593 0.0172198
30 0.4717104 0.1998132 0.0225838 0.0160718
30 0.3195382 0.1504497 0.0236593 0.0160718
20 0.5722624 0.4024331 0.0236593 0.0172198
3 0.6238826 0.1998132 0.0236593 0.0160718
28 0.4211656 0.1998132 0.0225839 0.0160718
5 0.6238826 0.4024331 0.0236593 0.0172198
18 0.5722624 0.1504497 0.0236593 0.0160718
2 0.6238826 0.2503247 0.0236593 0.0160718
16 0.5722624 0.3008362 0.0236593 0.0160718
16 0.3711584 0.4024331 0.0236593 0.0172198
22 0.3195382 0.1998132 0.0236593 0.0160718
29 0.5722624 0.2503247 0.0236593 0.0160718
14 0.4211656 0.3519217 0.0225839 0.0172198
14 0.3195382 0.3008362 0.0236593 0.0160718
20 0.4717104 0.2503247 0.0225838 0.0160718
17 0.5217175 0.1998132 0.0236593 0.0160718
5 0.5722624 0.3519217 0.0236593 0.0172198
14 0.3711584 0.1504497 0.0236593 0.0160718
15 0.5217175 0.3008362 0.0236593 0.0160718
28 0.4717104 0.4024331 0.0225838 0.0172198
26 0.4211656 0.4024331 0.0225839 0.0172198
28 0.3195382 0.3519217 0.0236593 0.0172198
18 0.6238826 0.3008362 0.0236593 0.0160718
30 0.5217175 0.1504497 0.0236593 0.0160718
20 0.6238826 0.3519217 0.0236593 0.0172198
20 0.4211656 0.1504497 0.0225839 0.0160718
10 0.4717104 0.3519217 0.0225838 0.0172198
17 0.3711584 0.2503247 0.0236593 0.0160718
24 0.5217175 0.2503247 0.0236593 0.0160718
12 0.4211656 0.2503247 0.0225839 0.0160718
13 0.3195382 0.2503247 0.0236593 0.0160718
13 0.4717104 0.3008362 0.0225838 0.0160718
31 0.4211656 0.3008362 0.0225839 0.0160718
