4 0.3091659 0.3490812 0.0263456 0.0171952
12 0.3091659 0.4728868 0.0263456 0.0171952
32 0.5097516 0.2608124 0.4802082 0.5078321
33 0.5833995 0.0212258 0.0119753 0.0149025
3 0.5774119 0.1633729 0.0263456 0.0171952
1 0.3762274 0.2252757 0.0263456 0.0171952
9 0.3762274 0.2871784 0.0263456 0.0171952
34 0.5103504 0.3496544 0.0622713 0.0619028
29 0.5103504 0.3490812 0.0263456 0.0171952
26 0.7115349 0.4109840 0.0263455 0.0171952
31 0.4432889 0.4728868 0.0263456 0.0171952
30 0.7115349 0.4728868 0.0263455 0.0171952
12 0.5774119 0.2871784 0.0263456 0.0171952
26 0.5774119 0.3490812 0.0263456 0.0171952
19 0.4432889 0.3490812 0.0263456 0.0171952
22 0.4432889 0.2252757 0.0263456 0.0171952
24 0.3091659 0.4109840 0.0263456 0.0171952
7 0.5103504 0.1633729 0.0263456 0.0171952
8 0.3762274 0.4728868 0.0263456 0.0171952
30 0.6444734 0.1633729 0.0263456 0.0171952
24 0.3762274 0.4109840 0.0263456 0.0171952
18 0.6444734 0.4109840 0.0263456 0.0171952
3 0.6444734 0.2871784 0.0263456 0.0171952
11 0.4432889 0.1633729 0.0263456 0.0171952
25 0.6444734 0.3490812 0.0263456 0.0171952
11 0.7115349 0.2871784 0.0263455 0.0171952
10 0.6444734 0.2252757 0.0263456 0.0171952
20 0.7115349 0.2252757 0.0263455 0.0171952
16 0.6444734 0.4728868 0.0263456 0.0171952
26 0.3091659 0.2871784 0.0263456 0.0171952
2 0.5774119 0.4109840 0.0263456 0.0171952
27 0.3091659 0.1633729 0.0263456 0.0171952
20 0.5103504 0.2252757 0.0263456 0.0171952
4 0.3762274 0.1633729 0.0263456 0.0171952
6 0.3762274 0.3490812 0.0263456 0.0171952
30 0.7115349 0.3490812 0.0263455 0.0171952
21 0.5774119 0.4728868 0.0263456 0.0171952
12 0.5103504 0.2871784 0.0263456 0.0171952
15 0.3091659 0.2252757 0.0263456 0.0171952
10 0.5103504 0.4109840 0.0263456 0.0171952
13 0.5103504 0.4728868 0.0263456 0.0171952
13 0.5774119 0.2252757 0.0263456 0.0171952
23 0.4432889 0.4109840 0.0263456 0.0171952
27 0.7115349 0.1633729 0.0263455 0.0171952
1 0.4432889 0.2871784 0.0263456 0.0171952
