9 0.4016897 0.2215421 0.0232510 0.0164831
9 0.5013368 0.2215421 0.0232510 0.0164831
32 0.3922786 0.2396204 0.3786589 0.4770185
33 0.5229270 0.0501174 0.0132863 0.0186809
18 0.2522191 0.2215421 0.0232510 0.0164831
24 0.3020426 0.3616488 0.0232510 0.0153843
11 0.4016897 0.4319768 0.0232510 0.0153843
21 0.5013368 0.3616488 0.0232510 0.0153843
19 0.4016897 0.1512140 0.0232510 0.0164831
31 0.3020426 0.1512140 0.0232510 0.0164831
8 0.3518662 0.4319768 0.0232510 0.0153843
3 0.3020426 0.2215421 0.0232510 0.0164831
10 0.5013368 0.2918701 0.0232510 0.0164832
10 0.5013368 0.1512140 0.0232510 0.0164831
14 0.5511604 0.1512140 0.0232510 0.0164831
7 0.5511604 0.2918701 0.0232510 0.0164832
2 0.3518662 0.1512140 0.0232510 0.0164831
8 0.3020426 0.4319768 0.0232510 0.0153843
6 0.3518662 0.2918701 0.0232510 0.0164832
18 0.3518662 0.2215421 0.0232510 0.0164831
29 0.4515133 0.4319768 0.0232510 0.0153843
28 0.3020426 0.2918701 0.0232510 0.0164832
20 0.5511604 0.4319768 0.0232510 0.0153843
9 0.2522191 0.4319768 0.0232510 0.0153843
10 0.2522191 0.2918701 0.0232510 0.0164832
26 0.2522191 0.1512140 0.0232510 0.0164831
12 0.4016897 0.3616488 0.0232510 0.0153843
3 0.3518662 0.3616488 0.0232510 0.0153843
26 0.5511604 0.2215421 0.0232510 0.0164831
2 0.4515133 0.1512140 0.0232510 0.0164831
1 0.4016897 0.2918701 0.0232510 0.0164832
28 0.5511604 0.3616488 0.0232510 0.0153843
20 0.4515133 0.2215421 0.0232510 0.0164831
24 0.2522191 0.3616488 0.0232510 0.0153843
16 0.5013368 0.4319768 0.0232510 0.0153843
10 0.4515133 0.2918701 0.0232510 0.0164832
21 0.4515133 0.3616488 0.0232510 0.0153843
