6 0.5975704 0.3043110 0.0264022 0.0166726
16 0.3287476 0.3643325 0.0264022 0.0166726
32 0.3953532 0.3176491 0.4812408 0.4835066
33 0.4697596 0.0881224 0.0108009 0.0133381
22 0.3959533 0.2442895 0.0264022 0.0166727
31 0.1943362 0.3043110 0.0264022 0.0166726
34 0.3287476 0.3048668 0.0624053 0.0600216
24 0.3287476 0.3043110 0.0264022 0.0166726
15 0.1943362 0.3643325 0.0264022 0.0166726
20 0.2615419 0.3643325 0.0264022 0.0166726
19 0.3959533 0.4243540 0.0264022 0.0166726
17 0.1943362 0.4843756 0.0264022 0.0166726
3 0.5303647 0.3043110 0.0264022 0.0166726
13 0.5303647 0.3643325 0.0264022 0.0166726
5 0.3287476 0.1842680 0.0264022 0.0166726
24 0.3287476 0.2442895 0.0264022 0.0166727
4 0.3287476 0.4843756 0.0264022 0.0166726
17 0.2615419 0.3043110 0.0264022 0.0166726
2 0.5975704 0.3643325 0.0264022 0.0166726
31 0.2615419 0.4843756 0.0264022 0.0166726
24 0.4631590 0.1842680 0.0264022 0.0166726
27 0.5975704 0.2442895 0.0264022 0.0166727
21 0.4631590 0.4243540 0.0264022 0.0166726
29 0.4631590 0.3043110 0.0264022 0.0166726
17 0.1943362 0.2442895 0.0264022 0.0166727
16 0.3287476 0.4243540 0.0264022 0.0166726
7 0.3959533 0.3043110 0.0264022 0.0166726
14 0.5975704 0.4843756 0.0264022 0.0166726
21 0.2615419 0.4243540 0.0264022 0.0166726
6 0.5303647 0.4843756 0.0264022 0.0166726
7 0.5975704 0.4243540 0.0264022 0.0166726
4 0.5303647 0.4243540 0.0264022 0.0166726
4 0.5303647 0.1842680 0.0264022 0.0166726
14 0.1943362 0.4243540 0.0264022 0.0166726
2 0.5975704 0.1842680 0.0264022 0.0166726
3 0.4631590 0.2442895 0.0264022 0.0166727
31 0.3959533 0.3643325 0.0264022 0.0166726
31 0.5303647 0.2442895 0.0264022 0.0166727
15 0.2615419 0.1842680 0.0264022 0.0166726
5 0.4631590 0.3643325 0.0264022 0.0166726
28 0.3959533 0.4843756 0.0264022 0.0166726
28 0.3959533 0.1842680 0.0264022 0.0166726
15 0.4631590 0.4843756 0.0264022 0.0166726
31 0.2615419 0.2442895 0.0264022 0.0166727
5 0.1943362 0.1842680 0.0264022 0.0166726
