31 0.2768262 0.4542630 0.0273455 0.0168016
23 0.2768262 0.6962061 0.0273455 0.0168016
32 0.3464329 0.6037973 0.5021627 0.4973273
33 0.4228760 0.3668947 0.0111868 0.0145614
30 0.4160396 0.6357203 0.0273455 0.0168016
30 0.5552530 0.6357203 0.0273455 0.0168016
14 0.4856463 0.4542630 0.0273455 0.0168016
24 0.2768262 0.5752346 0.0273455 0.0168016
13 0.5552530 0.4542630 0.0273455 0.0168016
1 0.3464329 0.5147488 0.0273455 0.0168016
20 0.2768262 0.5147488 0.0273455 0.0168016
3 0.4160396 0.5752346 0.0273455 0.0168016
23 0.4856463 0.5147488 0.0273455 0.0168016
18 0.1376127 0.5752346 0.0273455 0.0168016
23 0.4160396 0.4542630 0.0273455 0.0168016
26 0.2072195 0.4542630 0.0273455 0.0168016
20 0.2072195 0.6962061 0.0273455 0.0168016
10 0.1376127 0.6962061 0.0273455 0.0168016
1 0.1376127 0.4542630 0.0273455 0.0168016
16 0.4856463 0.6357203 0.0273455 0.0168016
24 0.1376127 0.6357203 0.0273455 0.0168016
3 0.4856463 0.5752346 0.0273455 0.0168016
8 0.4160396 0.6962061 0.0273455 0.0168016
8 0.2072195 0.5752346 0.0273455 0.0168016
18 0.5552530 0.6962061 0.0273455 0.0168016
10 0.2072195 0.6357203 0.0273455 0.0168016
18 0.3464329 0.6962061 0.0273455 0.0168016
27 0.5552530 0.5147488 0.0273455 0.0168016
25 0.3464329 0.4542630 0.0273455 0.0168016
4 0.3464329 0.5752346 0.0273455 0.0168016
22 0.3464329 0.6357203 0.0273455 0.0168016
13 0.2768262 0.6357203 0.0273455 0.0168016
2 0.4856463 0.6962061 0.0273455 0.0168016
3 0.5552530 0.5752346 0.0273455 0.0168016
23 0.2072195 0.5147488 0.0273455 0.0168016
24 0.4160396 0.5147488 0.0273455 0.0168016
29 0.1376127 0.5147488 0.0273455 0.0168016
