24 0.4510243 0.5206948 0.0237696 0.0156815
29 0.4510243 0.3778813 0.0237696 0.0168016
32 0.5942080 0.3941229 0.3871054 0.4906062
33 0.7277707 0.2031449 0.0135826 0.0190418
30 0.7566338 0.5206948 0.0237696 0.0156815
26 0.7056989 0.3061946 0.0237696 0.0168016
9 0.7056989 0.5206948 0.0237696 0.0156815
5 0.6547640 0.3778813 0.0237696 0.0168016
8 0.6038291 0.4495681 0.0237696 0.0168016
9 0.6547640 0.5206948 0.0237696 0.0156815
16 0.4510243 0.3061946 0.0237696 0.0168016
5 0.5019592 0.5206948 0.0237696 0.0156815
10 0.7056989 0.4495681 0.0237696 0.0168016
20 0.7566338 0.5923816 0.0237696 0.0156815
25 0.5019592 0.3778813 0.0237696 0.0168016
9 0.7566338 0.3778813 0.0237696 0.0168016
23 0.6547640 0.3061946 0.0237696 0.0168016
31 0.5528942 0.3061946 0.0237696 0.0168016
24 0.5528942 0.5206948 0.0237696 0.0156815
9 0.5528942 0.3778813 0.0237696 0.0168016
23 0.5528942 0.5923816 0.0237696 0.0156815
2 0.6038291 0.5206948 0.0237696 0.0156815
14 0.6038291 0.3778813 0.0237696 0.0168016
28 0.6547640 0.4495681 0.0237696 0.0168016
16 0.6038291 0.5923816 0.0237696 0.0156815
26 0.6547640 0.5923816 0.0237696 0.0156815
3 0.7566338 0.4495681 0.0237696 0.0168016
14 0.7056989 0.5923816 0.0237696 0.0156815
18 0.4510243 0.4495681 0.0237696 0.0168016
27 0.6038291 0.3061946 0.0237696 0.0168016
18 0.4510243 0.5923816 0.0237696 0.0156815
28 0.5019592 0.4495681 0.0237696 0.0168016
25 0.5019592 0.3061946 0.0237696 0.0168016
27 0.7056989 0.3778813 0.0237696 0.0168016
7 0.5019592 0.5923816 0.0237696 0.0156815
24 0.7566338 0.3061946 0.0237696 0.0168016
7 0.5528942 0.4495681 0.0237696 0.0168016
