25 0.4740637 0.5868875 0.0262628 0.0166828
3 0.4072128 0.4667712 0.0262629 0.0166828
32 0.6077655 0.4951320 0.4822813 0.4938114
33 0.6811820 0.2599042 0.0107439 0.0144584
31 0.4072128 0.4067130 0.0262629 0.0166828
15 0.5409146 0.4067130 0.0262629 0.0166828
27 0.6077654 0.5868875 0.0262628 0.0166828
24 0.5409146 0.4667712 0.0262629 0.0166828
6 0.6746163 0.3466549 0.0262628 0.0166828
30 0.6746163 0.4067130 0.0262628 0.0166828
3 0.5409146 0.5868875 0.0262629 0.0166828
12 0.6077654 0.3466549 0.0262628 0.0166828
17 0.6746163 0.5268293 0.0262628 0.0166828
24 0.8083180 0.3466549 0.0262628 0.0166828
7 0.6746163 0.5868875 0.0262628 0.0166828
27 0.7414671 0.3466549 0.0262628 0.0166828
23 0.6746163 0.4667712 0.0262628 0.0166828
19 0.8083180 0.4667712 0.0262628 0.0166828
16 0.7414671 0.5868875 0.0262628 0.0166828
6 0.4740637 0.3466549 0.0262628 0.0166828
10 0.7414671 0.4067130 0.0262628 0.0166828
22 0.8083180 0.4067130 0.0262628 0.0166828
24 0.6077654 0.5268293 0.0262628 0.0166828
11 0.5409146 0.3466549 0.0262629 0.0166828
29 0.4072128 0.3466549 0.0262629 0.0166828
6 0.7414671 0.4667712 0.0262628 0.0166828
9 0.8083180 0.5868875 0.0262628 0.0166828
18 0.5409146 0.5268293 0.0262629 0.0166828
18 0.7414671 0.5268293 0.0262628 0.0166828
17 0.4072128 0.5868875 0.0262629 0.0166828
30 0.4740637 0.4067130 0.0262628 0.0166828
24 0.4740637 0.4667712 0.0262628 0.0166828
10 0.4072128 0.5268293 0.0262629 0.0166828
26 0.6077654 0.4667712 0.0262628 0.0166828
23 0.4740637 0.5268293 0.0262628 0.0166828
28 0.8083180 0.5268293 0.0262628 0.0166828
24 0.6077654 0.4067130 0.0262628 0.0166828
