19 0.6274727 0.3707004 0.0226194 0.0170574
29 0.3851218 0.5162565 0.0226194 0.0170574
32 0.4729066 0.4599672 0.3683734 0.4980746
33 0.6000062 0.2660820 0.0129254 0.0193317
3 0.5305323 0.5162565 0.0226194 0.0170574
8 0.3366516 0.5884660 0.0226194 0.0159202
1 0.4820621 0.3707004 0.0226194 0.0170574
24 0.5790025 0.4434785 0.0226194 0.0170573
30 0.5790025 0.3707004 0.0226194 0.0170574
1 0.3851218 0.4434785 0.0226194 0.0170573
7 0.4335920 0.4434785 0.0226194 0.0170573
9 0.6274727 0.5162565 0.0226194 0.0170574
28 0.3851218 0.6612440 0.0226194 0.0159201
9 0.5790025 0.5162565 0.0226194 0.0170574
6 0.4335920 0.3707004 0.0226194 0.0170574
30 0.5305323 0.6612440 0.0226194 0.0159201
15 0.4335920 0.6612440 0.0226194 0.0159201
1 0.5790025 0.6612440 0.0226194 0.0159201
16 0.4820621 0.6612440 0.0226194 0.0159201
18 0.4820621 0.5884660 0.0226194 0.0159202
11 0.5305323 0.5884660 0.0226194 0.0159202
30 0.4820621 0.4434785 0.0226194 0.0170573
16 0.6274727 0.6612440 0.0226194 0.0159201
19 0.3851218 0.3707004 0.0226194 0.0170574
1 0.3366516 0.4434785 0.0226194 0.0170573
13 0.5305323 0.4434785 0.0226194 0.0170573
26 0.3366516 0.6612440 0.0226194 0.0159201
5 0.3366516 0.3707004 0.0226194 0.0170574
6 0.6274727 0.4434785 0.0226194 0.0170573
27 0.6274727 0.5884660 0.0226194 0.0159202
31 0.3366516 0.5162565 0.0226194 0.0170574
8 0.4820621 0.5162565 0.0226194 0.0170574
11 0.4335920 0.5884660 0.0226194 0.0159202
22 0.3851218 0.5884660 0.0226194 0.0159202
31 0.5790025 0.5884660 0.0226194 0.0159202
30 0.5305323 0.3707004 0.0226194 0.0170574
14 0.4335920 0.5162565 0.0226194 0.0170574
