23 0.5258702 0.5048996 0.0241523 0.0161703
9 0.2670953 0.3669126 0.0241523 0.0161703
32 0.3608293 0.4515374 0.3933379 0.4721743
33 0.4965424 0.2677344 0.0138013 0.0183264
15 0.2670953 0.4359060 0.0241523 0.0161703
17 0.4741153 0.6423475 0.0241523 0.0150923
17 0.3188503 0.4359060 0.0241523 0.0161703
27 0.2670953 0.5733541 0.0241523 0.0150924
27 0.4223603 0.4359060 0.0241523 0.0161703
14 0.2153403 0.3669126 0.0241523 0.0161703
26 0.2153403 0.4359060 0.0241523 0.0161703
4 0.4223603 0.6423475 0.0241523 0.0150923
25 0.4223603 0.5733541 0.0241523 0.0150924
1 0.4223603 0.5048996 0.0241523 0.0161703
28 0.3188503 0.5733541 0.0241523 0.0150924
3 0.4741153 0.4359060 0.0241523 0.0161703
22 0.2153403 0.5048996 0.0241523 0.0161703
17 0.4223603 0.3669126 0.0241523 0.0161703
9 0.4741153 0.3669126 0.0241523 0.0161703
12 0.2670953 0.5048996 0.0241523 0.0161703
11 0.5258702 0.5733541 0.0241523 0.0150924
16 0.3706053 0.5733541 0.0241523 0.0150924
17 0.3706053 0.4359060 0.0241523 0.0161703
10 0.4741153 0.5733541 0.0241523 0.0150924
7 0.3188503 0.5048996 0.0241523 0.0161703
11 0.3188503 0.3669126 0.0241523 0.0161703
29 0.3188503 0.6423475 0.0241523 0.0150923
9 0.2153403 0.6423475 0.0241523 0.0150923
2 0.3706053 0.6423475 0.0241523 0.0150923
28 0.5258702 0.4359060 0.0241523 0.0161703
7 0.3706053 0.3669126 0.0241523 0.0161703
14 0.2670953 0.6423475 0.0241523 0.0150923
21 0.2153403 0.5733541 0.0241523 0.0150924
8 0.3706053 0.5048996 0.0241523 0.0161703
22 0.5258702 0.6423475 0.0241523 0.0150923
4 0.4741153 0.5048996 0.0241523 0.0161703
27 0.5258702 0.3669126 0.0241523 0.0161703
