5 0.3590686 0.4008273 0.0263668 0.0164158
1 0.5604156 0.6372145 0.0263669 0.0164158
32 0.5604156 0.5469277 0.4841917 0.4859070
33 0.6341230 0.3154652 0.0107864 0.0142270
9 0.4261842 0.4008273 0.0263668 0.0164158
17 0.4932999 0.4008273 0.0263669 0.0164158
34 0.5604156 0.4013744 0.0623217 0.0590968
3 0.5604156 0.4008273 0.0263669 0.0164158
16 0.7617627 0.4599240 0.0263668 0.0164158
1 0.4261842 0.5781177 0.0263668 0.0164157
19 0.3590686 0.6963113 0.0263668 0.0164158
21 0.5604156 0.6963113 0.0263669 0.0164158
20 0.4261842 0.4599240 0.0263668 0.0164158
21 0.7617627 0.6963113 0.0263668 0.0164158
27 0.4932999 0.5781177 0.0263669 0.0164157
22 0.6946469 0.4599240 0.0263669 0.0164158
20 0.7617627 0.4008273 0.0263668 0.0164158
1 0.3590686 0.5190209 0.0263668 0.0164157
17 0.4261842 0.6372145 0.0263668 0.0164158
27 0.5604156 0.4599240 0.0263669 0.0164158
14 0.3590686 0.6372145 0.0263668 0.0164158
8 0.3590686 0.5781177 0.0263668 0.0164157
30 0.5604156 0.5781177 0.0263669 0.0164157
18 0.6946469 0.4008273 0.0263669 0.0164158
6 0.6275313 0.5190209 0.0263669 0.0164157
20 0.7617627 0.5781177 0.0263668 0.0164157
2 0.6275313 0.4008273 0.0263669 0.0164158
5 0.4932999 0.4599240 0.0263669 0.0164158
25 0.6275313 0.6963113 0.0263669 0.0164158
1 0.7617627 0.6372145 0.0263668 0.0164158
20 0.6946469 0.6963113 0.0263669 0.0164158
25 0.6275313 0.5781177 0.0263669 0.0164157
21 0.4261842 0.5190209 0.0263668 0.0164157
11 0.6275313 0.4599240 0.0263669 0.0164158
27 0.7617627 0.5190209 0.0263668 0.0164157
16 0.4932999 0.6372145 0.0263669 0.0164158
26 0.6946469 0.6372145 0.0263669 0.0164158
20 0.5604156 0.5190209 0.0263669 0.0164157
13 0.6275313 0.6372145 0.0263669 0.0164158
26 0.4261842 0.6963113 0.0263668 0.0164158
4 0.6946469 0.5781177 0.0263669 0.0164157
26 0.6946469 0.5190209 0.0263669 0.0164157
28 0.4932999 0.6963113 0.0263669 0.0164158
26 0.4932999 0.5190209 0.0263669 0.0164157
28 0.3590686 0.4599240 0.0263668 0.0164158
