18 0.4178117 0.5632841 0.0275199 0.0171522
6 0.7680650 0.6250321 0.0275200 0.0171522
32 0.6279636 0.5924429 0.5053654 0.5077054
33 0.7048943 0.3505967 0.0112582 0.0148652
34 0.4878624 0.4403599 0.0650471 0.0617480
12 0.4878624 0.4397882 0.0275199 0.0171522
23 0.6279637 0.5632841 0.0275199 0.0171522
2 0.4878624 0.6250321 0.0275199 0.0171522
25 0.6279637 0.6250321 0.0275199 0.0171522
9 0.6980144 0.6250321 0.0275199 0.0171522
14 0.8381156 0.6867801 0.0275200 0.0171522
27 0.8381156 0.4397882 0.0275200 0.0171522
21 0.4878624 0.6867801 0.0275199 0.0171522
14 0.7680650 0.6867801 0.0275200 0.0171522
1 0.4878624 0.5632841 0.0275199 0.0171522
10 0.7680650 0.7485280 0.0275200 0.0171522
29 0.4878624 0.7485280 0.0275199 0.0171522
19 0.6279637 0.6867801 0.0275199 0.0171522
14 0.6279637 0.5015362 0.0275199 0.0171522
30 0.7680650 0.5015362 0.0275200 0.0171522
3 0.4178117 0.6250321 0.0275199 0.0171522
9 0.5579130 0.5632841 0.0275199 0.0171522
25 0.5579130 0.4397882 0.0275199 0.0171522
12 0.4178117 0.6867801 0.0275199 0.0171522
20 0.6980144 0.4397882 0.0275199 0.0171522
4 0.6980144 0.5632841 0.0275199 0.0171522
23 0.8381156 0.6250321 0.0275200 0.0171522
13 0.4878624 0.5015362 0.0275199 0.0171522
30 0.4178117 0.5015362 0.0275199 0.0171522
13 0.5579130 0.6867801 0.0275199 0.0171522
21 0.6980144 0.6867801 0.0275199 0.0171522
24 0.6980144 0.5015362 0.0275199 0.0171522
29 0.6279637 0.4397882 0.0275199 0.0171522
6 0.8381156 0.7485280 0.0275200 0.0171522
25 0.5579130 0.5015362 0.0275199 0.0171522
20 0.7680650 0.5632841 0.0275200 0.0171522
23 0.5579130 0.7485280 0.0275199 0.0171522
1 0.8381156 0.5015362 0.0275200 0.0171522
9 0.7680650 0.4397882 0.0275200 0.0171522
26 0.5579130 0.6250321 0.0275199 0.0171522
27 0.4178117 0.4397882 0.0275199 0.0171522
9 0.6980144 0.7485280 0.0275199 0.0171522
11 0.8381156 0.5632841 0.0275200 0.0171522
12 0.6279637 0.7485280 0.0275199 0.0171522
8 0.4178117 0.7485280 0.0275199 0.0171522
