20 0.1548092 0.5560289 0.0281354 0.0161735
22 0.3696611 0.4395801 0.0281353 0.0161735
32 0.3696611 0.5252993 0.5166675 0.4787342
33 0.4483122 0.2972537 0.0115099 0.0140170
31 0.4412784 0.4978045 0.0281353 0.0161734
9 0.2264265 0.4978045 0.0281354 0.0161734
29 0.5128956 0.6142533 0.0281354 0.0161735
1 0.4412784 0.3813556 0.0281353 0.0161734
27 0.5845129 0.5560289 0.0281354 0.0161735
26 0.1548092 0.3813556 0.0281354 0.0161734
19 0.3696611 0.6142533 0.0281353 0.0161735
1 0.2980438 0.4395801 0.0281354 0.0161735
26 0.3696611 0.5560289 0.0281353 0.0161735
28 0.2264265 0.4395801 0.0281354 0.0161735
29 0.5128956 0.3813556 0.0281354 0.0161734
3 0.2980438 0.3813556 0.0281354 0.0161734
27 0.5845129 0.6142533 0.0281354 0.0161735
22 0.5845129 0.4395801 0.0281354 0.0161735
18 0.4412784 0.4395801 0.0281353 0.0161735
14 0.5128956 0.4395801 0.0281354 0.0161735
2 0.4412784 0.6142533 0.0281353 0.0161735
6 0.5845129 0.4978045 0.0281354 0.0161734
15 0.3696611 0.3813556 0.0281353 0.0161734
8 0.1548092 0.4978045 0.0281354 0.0161734
28 0.5128956 0.4978045 0.0281354 0.0161734
13 0.5845129 0.3813556 0.0281354 0.0161734
18 0.2264265 0.3813556 0.0281354 0.0161734
27 0.2980438 0.6142533 0.0281354 0.0161735
9 0.2264265 0.6142533 0.0281354 0.0161735
8 0.2980438 0.4978045 0.0281354 0.0161734
25 0.3696611 0.4978045 0.0281353 0.0161734
3 0.1548092 0.4395801 0.0281354 0.0161735
4 0.1548092 0.6142533 0.0281354 0.0161735
31 0.5128956 0.5560289 0.0281354 0.0161735
21 0.4412784 0.5560289 0.0281353 0.0161735
22 0.2264265 0.5560289 0.0281354 0.0161735
31 0.2980438 0.5560289 0.0281354 0.0161735
