23 0.5083184 0.5844598 0.0244700 0.0162576
12 0.3877160 0.4631082 0.0256353 0.0174189
32 0.5024922 0.5490414 0.4206518 0.3983118
33 0.6994179 0.3644012 0.0104872 0.0150964
24 0.3877160 0.7040694 0.0256353 0.0162576
15 0.3271235 0.7040694 0.0256353 0.0162576
3 0.3877160 0.5234937 0.0256353 0.0174189
29 0.5689109 0.6448452 0.0244700 0.0162576
17 0.6895133 0.6448452 0.0256353 0.0162576
6 0.5689109 0.4631082 0.0244700 0.0174189
3 0.3271235 0.6448452 0.0256353 0.0162576
22 0.5083184 0.6448452 0.0244700 0.0162576
2 0.4471433 0.7040694 0.0256353 0.0162576
19 0.3271235 0.5234937 0.0256353 0.0174189
19 0.5083184 0.5234937 0.0244700 0.0174189
19 0.6300860 0.6448452 0.0256353 0.0162576
22 0.6895133 0.4631082 0.0256353 0.0174189
10 0.5083184 0.4631082 0.0244700 0.0174189
12 0.5083184 0.7040694 0.0244700 0.0162576
20 0.5689109 0.5234937 0.0244700 0.0174189
22 0.6300860 0.5844598 0.0256353 0.0162576
27 0.4471433 0.4631082 0.0256353 0.0174189
7 0.6895133 0.5234937 0.0256353 0.0174189
6 0.3271235 0.5844598 0.0256353 0.0162576
22 0.4471433 0.5234937 0.0256353 0.0174189
6 0.3271235 0.4631082 0.0256353 0.0174189
25 0.6300860 0.5234937 0.0256353 0.0174189
20 0.4471433 0.5844598 0.0256353 0.0162576
10 0.3877160 0.6448452 0.0256353 0.0162576
26 0.5689109 0.5844598 0.0244700 0.0162576
20 0.6300860 0.4631082 0.0256353 0.0174189
24 0.3877160 0.5844598 0.0256353 0.0162576
2 0.4471433 0.6448452 0.0256353 0.0162576
22 0.6895133 0.7040694 0.0256353 0.0162576
18 0.5689109 0.7040694 0.0244700 0.0162576
28 0.6895133 0.5844598 0.0256353 0.0162576
10 0.6300860 0.7040694 0.0256353 0.0162576
