14 0.6634296 0.3428619 0.0254411 0.0156691
20 0.6079218 0.3428619 0.0254411 0.0156691
32 0.5021100 0.4296015 0.4313419 0.4197078
33 0.6854014 0.2661953 0.0092513 0.0123114
35 0.3361648 0.3428619 0.0462565 0.0447688
9 0.3361648 0.3428619 0.0254411 0.0156691
6 0.3361648 0.3909884 0.0254411 0.0156691
11 0.4997972 0.3909884 0.0242847 0.0156691
29 0.6079218 0.3909884 0.0254411 0.0156691
28 0.4454458 0.5885309 0.0242847 0.0167883
18 0.6634296 0.5885309 0.0254411 0.0167883
16 0.5535704 0.5885309 0.0254411 0.0167883
23 0.6079218 0.4402341 0.0254411 0.0156691
16 0.3916726 0.3909884 0.0254411 0.0156691
10 0.3361648 0.4894798 0.0254411 0.0156691
10 0.4997972 0.5392852 0.0242847 0.0167883
24 0.5535704 0.4402341 0.0254411 0.0156691
9 0.4997972 0.4894798 0.0242847 0.0156691
28 0.3916726 0.5885309 0.0254411 0.0167883
6 0.5535704 0.3909884 0.0254411 0.0156691
13 0.5535704 0.4894798 0.0254411 0.0156691
26 0.5535704 0.5392852 0.0254411 0.0167883
10 0.4997972 0.3428619 0.0242847 0.0156691
21 0.4454458 0.5392852 0.0242847 0.0167883
17 0.4997972 0.5885309 0.0242847 0.0167883
29 0.6634296 0.4402341 0.0254411 0.0156691
6 0.6079218 0.5885309 0.0254411 0.0167883
29 0.3916726 0.4894798 0.0254411 0.0156691
8 0.4454458 0.4402341 0.0242847 0.0156691
29 0.3916726 0.4402341 0.0254411 0.0156691
5 0.6634296 0.5392852 0.0254411 0.0167883
10 0.4454458 0.4894798 0.0242847 0.0156691
17 0.3361648 0.5392852 0.0254411 0.0167883
16 0.4454458 0.3428619 0.0242847 0.0156691
24 0.6079218 0.5392852 0.0254411 0.0167883
7 0.5535704 0.3428619 0.0254411 0.0156691
6 0.3916726 0.3428619 0.0254411 0.0156691
24 0.6634296 0.3909884 0.0254411 0.0156691
19 0.4997972 0.4402341 0.0242847 0.0156691
1 0.3361648 0.5885309 0.0254411 0.0167883
29 0.4454458 0.3909884 0.0242847 0.0156691
29 0.3916726 0.5392852 0.0254411 0.0167883
6 0.6634296 0.4894798 0.0254411 0.0156691
13 0.3361648 0.4402341 0.0254411 0.0156691
3 0.6079218 0.4894798 0.0254411 0.0156691
