4 0.4682139 0.5900905 0.0272088 0.0169316
31 0.6067315 0.5900905 0.0272088 0.0169316
32 0.6073499 0.5844467 0.5008895 0.4977866
33 0.6809373 0.3632082 0.0098941 0.0124164
19 0.7452490 0.4681837 0.0272088 0.0169315
34 0.5374727 0.5285727 0.0643117 0.0609535
23 0.5374727 0.5285727 0.0272088 0.0158027
12 0.8145079 0.5285727 0.0272088 0.0158027
1 0.3989551 0.5900905 0.0272088 0.0169316
22 0.5374727 0.5900905 0.0272088 0.0169316
11 0.7452490 0.5900905 0.0272088 0.0169316
28 0.8145079 0.5900905 0.0272088 0.0169316
12 0.5374727 0.7723865 0.0272088 0.0158028
9 0.8145079 0.7723865 0.0272088 0.0158028
16 0.3989551 0.7119975 0.0272088 0.0169314
21 0.3989551 0.5285727 0.0272088 0.0158027
19 0.6067315 0.6510440 0.0272088 0.0169316
8 0.6759903 0.5285727 0.0272089 0.0158027
28 0.7452490 0.6510440 0.0272088 0.0169316
11 0.4682139 0.5285727 0.0272088 0.0158027
29 0.6759903 0.6510440 0.0272089 0.0169316
17 0.5374727 0.7119975 0.0272088 0.0169314
15 0.4682139 0.7723865 0.0272088 0.0158028
27 0.6759903 0.7119975 0.0272089 0.0169314
2 0.3989551 0.4681837 0.0272088 0.0169315
16 0.6759903 0.4681837 0.0272089 0.0169315
11 0.6067315 0.7119975 0.0272088 0.0169314
10 0.6759903 0.7723865 0.0272089 0.0158028
18 0.3989551 0.6510440 0.0272088 0.0169316
10 0.8145079 0.6510440 0.0272088 0.0169316
14 0.5374727 0.6510440 0.0272088 0.0169316
3 0.8145079 0.7119975 0.0272088 0.0169314
31 0.4682139 0.4681837 0.0272088 0.0169315
15 0.6067315 0.4681837 0.0272088 0.0169315
2 0.7452490 0.5285727 0.0272088 0.0158027
21 0.7452490 0.7723865 0.0272088 0.0158028
13 0.6759903 0.5900905 0.0272089 0.0169316
24 0.5374727 0.4681837 0.0272088 0.0169315
24 0.4682139 0.7119975 0.0272088 0.0169314
2 0.3989551 0.7723865 0.0272088 0.0158028
11 0.4682139 0.6510440 0.0272088 0.0169316
22 0.6067315 0.5285727 0.0272088 0.0158027
11 0.7452490 0.7119975 0.0272088 0.0169314
31 0.8145079 0.4681837 0.0272088 0.0169315
20 0.6067315 0.7723865 0.0272088 0.0158028
