1 0.6792031 0.4733047 0.0239769 0.0168144
13 0.6192609 0.4733047 0.0251186 0.0168144
32 0.6734943 0.5562558 0.4121740 0.3844897
33 0.8664511 0.3780230 0.0102758 0.0145725
5 0.6792031 0.5904451 0.0239769 0.0156934
1 0.8567461 0.7059041 0.0251186 0.0156934
4 0.5610313 0.5315947 0.0251186 0.0168144
15 0.5016600 0.5315947 0.0251186 0.0168144
2 0.7985166 0.7059041 0.0251187 0.0156934
29 0.6792031 0.5315947 0.0239769 0.0168144
19 0.7985166 0.5315947 0.0251187 0.0168144
11 0.7385744 0.5904451 0.0239769 0.0156934
13 0.6192609 0.7059041 0.0251186 0.0156934
7 0.5610313 0.6487351 0.0251186 0.0156935
14 0.7985166 0.4733047 0.0251187 0.0168144
27 0.8567461 0.5315947 0.0251186 0.0168144
13 0.8567461 0.5904451 0.0251186 0.0156934
19 0.7985166 0.6487351 0.0251187 0.0156935
5 0.6192609 0.5904451 0.0251186 0.0156934
20 0.6792031 0.6487351 0.0239769 0.0156935
28 0.8567461 0.6487351 0.0251186 0.0156935
21 0.5610313 0.4733047 0.0251186 0.0168144
13 0.7985166 0.5904451 0.0251187 0.0156934
28 0.5016600 0.5904451 0.0251186 0.0156934
6 0.5016600 0.6487351 0.0251186 0.0156935
31 0.7385744 0.5315947 0.0239769 0.0168144
13 0.7385744 0.6487351 0.0239769 0.0156935
10 0.7385744 0.4733047 0.0239769 0.0168144
8 0.8567461 0.4733047 0.0251186 0.0168144
25 0.6192609 0.5315947 0.0251186 0.0168144
17 0.5610313 0.5904451 0.0251186 0.0156934
12 0.6792031 0.7059041 0.0239769 0.0156934
24 0.5016600 0.7059041 0.0251186 0.0156934
31 0.7385744 0.7059041 0.0239769 0.0156934
9 0.5610313 0.7059041 0.0251186 0.0156934
13 0.6192609 0.6487351 0.0251186 0.0156935
14 0.5016600 0.4733047 0.0251186 0.0168144
