4 0.4533997 0.6106582 0.0287706 0.0167007
14 0.3801655 0.4898568 0.0287706 0.0155873
32 0.6005221 0.5449689 0.5296404 0.4909991
33 0.6783334 0.3267470 0.0104620 0.0122471
2 0.7463366 0.4898568 0.0287706 0.0155873
21 0.5998682 0.4302911 0.0287706 0.0167006
27 0.7463366 0.5505358 0.0287706 0.0167006
1 0.5266339 0.6707805 0.0287706 0.0167007
20 0.4533997 0.5505358 0.0287706 0.0167006
25 0.7463366 0.6707805 0.0287706 0.0167007
16 0.7463366 0.6106582 0.0287706 0.0167007
12 0.5266339 0.4898568 0.0287706 0.0155873
26 0.5998682 0.4898568 0.0287706 0.0155873
4 0.7463366 0.4302911 0.0287706 0.0167006
20 0.5266339 0.6106582 0.0287706 0.0167007
11 0.5998682 0.6106582 0.0287706 0.0167007
30 0.8195708 0.4898568 0.0287706 0.0155873
12 0.3801655 0.6707805 0.0287706 0.0167007
27 0.5266339 0.4302911 0.0287706 0.0167006
26 0.8195708 0.6707805 0.0287706 0.0167007
10 0.3801655 0.6106582 0.0287706 0.0167007
20 0.8195708 0.4302911 0.0287706 0.0167006
4 0.6731023 0.4302911 0.0287706 0.0167006
25 0.5998682 0.6707805 0.0287706 0.0167007
25 0.8195708 0.5505358 0.0287706 0.0167006
10 0.5998682 0.5505358 0.0287706 0.0167006
6 0.6731023 0.6707805 0.0287706 0.0167007
18 0.3801655 0.4302911 0.0287706 0.0167006
16 0.4533997 0.6707805 0.0287706 0.0167007
27 0.3801655 0.5505358 0.0287706 0.0167006
3 0.4533997 0.4898568 0.0287706 0.0155873
15 0.4533997 0.4302911 0.0287706 0.0167006
9 0.5266339 0.5505358 0.0287706 0.0167006
12 0.6731023 0.6106582 0.0287706 0.0167007
21 0.6731023 0.5505358 0.0287706 0.0167006
10 0.8195708 0.6106582 0.0287706 0.0167007
25 0.6731023 0.4898568 0.0287706 0.0155873
