27 0.3854025 0.6812582 0.0275179 0.0169784
1 0.1052202 0.4367693 0.0275179 0.0169784
32 0.3147315 0.5329803 0.5015763 0.5014285
33 0.3916566 0.2964147 0.0125081 0.0147146
21 0.1752658 0.4978916 0.0275179 0.0169784
4 0.3854025 0.4367693 0.0275179 0.0169784
24 0.3153569 0.4978916 0.0275179 0.0169784
5 0.1052202 0.5590138 0.0275179 0.0169784
5 0.1052202 0.6812582 0.0275179 0.0169784
18 0.3854025 0.4978916 0.0275179 0.0169784
16 0.1052202 0.4978916 0.0275179 0.0169784
12 0.2453114 0.4367693 0.0275179 0.0169784
10 0.2453114 0.6812582 0.0275179 0.0169784
22 0.5254937 0.6201360 0.0275179 0.0169784
27 0.2453114 0.5590138 0.0275179 0.0169784
9 0.5254937 0.5590138 0.0275179 0.0169784
7 0.4554481 0.5590138 0.0275179 0.0169784
1 0.5254937 0.4367693 0.0275179 0.0169784
14 0.2453114 0.6201360 0.0275179 0.0169784
21 0.1752658 0.6812582 0.0275179 0.0169784
14 0.4554481 0.4367693 0.0275179 0.0169784
2 0.3153569 0.4367693 0.0275179 0.0169784
26 0.5254937 0.4978916 0.0275179 0.0169784
27 0.3153569 0.6812582 0.0275179 0.0169784
24 0.1752658 0.6201360 0.0275179 0.0169784
28 0.2453114 0.4978916 0.0275179 0.0169784
20 0.1752658 0.5590138 0.0275179 0.0169784
17 0.3153569 0.6201360 0.0275179 0.0169784
19 0.4554481 0.4978916 0.0275179 0.0169784
24 0.3854025 0.5590138 0.0275179 0.0169784
26 0.3153569 0.5590138 0.0275179 0.0169784
27 0.3854025 0.6201360 0.0275179 0.0169784
14 0.4554481 0.6201360 0.0275179 0.0169784
9 0.5254937 0.6812582 0.0275179 0.0169784
9 0.1052202 0.6201360 0.0275179 0.0169784
6 0.4554481 0.6812582 0.0275179 0.0169784
4 0.1752658 0.4367693 0.0275179 0.0169784
