22 0.1010738 0.4634842 0.0267504 0.0166402
15 0.4415334 0.5832936 0.0267504 0.0166401
32 0.3047416 0.4978739 0.4875868 0.4914404
33 0.3795212 0.2660206 0.0121593 0.0144215
31 0.5096254 0.4634842 0.0267504 0.0166402
34 0.1010738 0.5239435 0.0632282 0.0599047
17 0.1010738 0.5233889 0.0267504 0.0166402
7 0.5096254 0.5832936 0.0267504 0.0166401
23 0.1691658 0.6431983 0.0267504 0.0166402
18 0.2372577 0.7031030 0.0267504 0.0166402
25 0.5096254 0.7031030 0.0267504 0.0166402
6 0.3734415 0.5233889 0.0267504 0.0166402
25 0.5096254 0.6431983 0.0267504 0.0166402
18 0.2372577 0.4035795 0.0267504 0.0166402
22 0.4415334 0.5233889 0.0267504 0.0166402
4 0.3053496 0.6431983 0.0267504 0.0166402
13 0.3053496 0.5233889 0.0267504 0.0166402
9 0.3053496 0.4035795 0.0267504 0.0166402
13 0.4415334 0.7031030 0.0267504 0.0166402
13 0.3734415 0.5832936 0.0267504 0.0166401
27 0.5096254 0.4035795 0.0267504 0.0166402
4 0.4415334 0.4634842 0.0267504 0.0166402
8 0.3734415 0.4634842 0.0267504 0.0166402
9 0.1691658 0.4634842 0.0267504 0.0166402
3 0.3734415 0.6431983 0.0267504 0.0166402
16 0.1010738 0.4035795 0.0267504 0.0166402
26 0.1691658 0.4035795 0.0267504 0.0166402
4 0.3053496 0.4634842 0.0267504 0.0166402
29 0.1691658 0.7031030 0.0267504 0.0166402
14 0.1010738 0.5832936 0.0267504 0.0166401
6 0.1010738 0.6431983 0.0267504 0.0166402
31 0.3734415 0.4035795 0.0267504 0.0166402
25 0.1691658 0.5233889 0.0267504 0.0166402
28 0.4415334 0.4035795 0.0267504 0.0166402
22 0.2372577 0.4634842 0.0267504 0.0166402
28 0.1010738 0.7031030 0.0267504 0.0166402
23 0.3053496 0.7031030 0.0267504 0.0166402
12 0.2372577 0.5233889 0.0267504 0.0166402
14 0.3053496 0.5832936 0.0267504 0.0166401
4 0.4415334 0.6431983 0.0267504 0.0166402
16 0.5096254 0.5233889 0.0267504 0.0166402
31 0.2372577 0.6431983 0.0267504 0.0166402
31 0.2372577 0.5832936 0.0267504 0.0166401
24 0.3734415 0.7031030 0.0267504 0.0166402
4 0.1691658 0.5832936 0.0267504 0.0166401
