29 0.3092673 0.2562848 0.0269664 0.0159167
1 0.7211179 0.4281858 0.0269664 0.0159167
32 0.5145797 0.3263186 0.4915240 0.4615861
33 0.5905759 0.1071978 0.0110317 0.0127334
28 0.6524761 0.3708855 0.0269664 0.0159167
4 0.5151926 0.4281858 0.0269664 0.0159167
18 0.6524761 0.3135852 0.0269664 0.0159167
24 0.5151926 0.3708855 0.0269664 0.0159167
24 0.5838343 0.3708855 0.0269664 0.0159167
27 0.3779091 0.2562848 0.0269664 0.0159167
1 0.3092673 0.1989845 0.0269664 0.0159168
7 0.3092673 0.4281858 0.0269664 0.0159167
20 0.5151926 0.3135852 0.0269664 0.0159167
17 0.4465508 0.3135852 0.0269664 0.0159167
14 0.6524761 0.2562848 0.0269664 0.0159167
31 0.7211179 0.3135852 0.0269664 0.0159167
2 0.4465508 0.4281858 0.0269664 0.0159167
30 0.5151926 0.1989845 0.0269664 0.0159168
27 0.3779091 0.3708855 0.0269664 0.0159167
23 0.4465508 0.2562848 0.0269664 0.0159167
19 0.5838343 0.3135852 0.0269664 0.0159167
13 0.6524761 0.1989845 0.0269664 0.0159168
31 0.3779091 0.3135852 0.0269664 0.0159167
28 0.7211179 0.3708855 0.0269664 0.0159167
21 0.3092673 0.3708855 0.0269664 0.0159167
23 0.5151926 0.2562848 0.0269664 0.0159167
17 0.5838343 0.4281858 0.0269664 0.0159167
25 0.6524761 0.4281858 0.0269664 0.0159167
3 0.3092673 0.3135852 0.0269664 0.0159167
4 0.4465508 0.1989845 0.0269664 0.0159168
16 0.3779091 0.1989845 0.0269664 0.0159168
20 0.7211179 0.1989845 0.0269664 0.0159168
23 0.4465508 0.3708855 0.0269664 0.0159167
4 0.5838343 0.1989845 0.0269664 0.0159168
5 0.5838343 0.2562848 0.0269664 0.0159167
23 0.3779091 0.4281858 0.0269664 0.0159167
24 0.7211179 0.2562848 0.0269664 0.0159167
