5 0.2331395 0.1998712 0.0249201 0.0157218
5 0.2858116 0.2481595 0.0237874 0.0157218
32 0.3413156 0.2869025 0.4225097 0.4211190
33 0.5208539 0.1229468 0.0090619 0.0123528
4 0.1787683 0.2481595 0.0249201 0.0157218
35 0.4449607 0.2481595 0.0453093 0.0449194
31 0.4449607 0.2481595 0.0249201 0.0157218
2 0.4993319 0.2975708 0.0249201 0.0157218
22 0.3390501 0.3469821 0.0237874 0.0157218
21 0.2331395 0.4463662 0.0249201 0.0168448
7 0.4449607 0.4463662 0.0249201 0.0168448
4 0.4449607 0.3469821 0.0249201 0.0157218
13 0.3917222 0.4463662 0.0249201 0.0168448
21 0.4449607 0.1998712 0.0249201 0.0157218
21 0.2331395 0.3969549 0.0249201 0.0168448
18 0.3390501 0.2975708 0.0237874 0.0157218
17 0.2331395 0.2975708 0.0249201 0.0157218
12 0.2858116 0.3969549 0.0237874 0.0168448
22 0.3390501 0.1998712 0.0237874 0.0157218
19 0.4993319 0.2481595 0.0249201 0.0157218
11 0.2858116 0.3469821 0.0237874 0.0157218
17 0.3917222 0.2481595 0.0249201 0.0157218
22 0.2331395 0.2481595 0.0249201 0.0157218
3 0.3917222 0.3469821 0.0249201 0.0157218
3 0.1787683 0.3469821 0.0249201 0.0157218
12 0.4993319 0.3469821 0.0249201 0.0157218
30 0.3390501 0.2481595 0.0237874 0.0157218
17 0.3917222 0.2975708 0.0249201 0.0157218
14 0.4993319 0.4463662 0.0249201 0.0168448
7 0.2858116 0.2975708 0.0237874 0.0157218
22 0.4993319 0.3969549 0.0249201 0.0168448
26 0.4449607 0.2975708 0.0249201 0.0157218
25 0.1787683 0.3969549 0.0249201 0.0168448
3 0.1787683 0.1998712 0.0249201 0.0157218
29 0.3917222 0.1998712 0.0249201 0.0157218
13 0.4449607 0.3969549 0.0249201 0.0168448
4 0.1787683 0.2975708 0.0249201 0.0157218
31 0.1787683 0.4463662 0.0249201 0.0168448
20 0.3390501 0.3969549 0.0237874 0.0168448
3 0.2331395 0.3469821 0.0249201 0.0157218
25 0.2858116 0.1998712 0.0237874 0.0157218
26 0.2858116 0.4463662 0.0237874 0.0168448
1 0.3917222 0.3969549 0.0249201 0.0168448
23 0.3390501 0.4463662 0.0237874 0.0168448
19 0.4993319 0.1998712 0.0249201 0.0157218
