15 0.6889231 0.4506509 0.0233693 0.0163732
22 0.7430975 0.3938903 0.0233693 0.0163732
32 0.5768566 0.4937671 0.3834698 0.4169718
33 0.7505332 0.3022002 0.0106224 0.0163733
7 0.6889231 0.3938903 0.0233693 0.0163732
20 0.4127399 0.4506509 0.0233693 0.0163732
24 0.6889231 0.5079572 0.0233693 0.0152817
34 0.5773876 0.6203868 0.0467387 0.0480282
7 0.5779187 0.6203868 0.0223071 0.0152817
30 0.4127399 0.6776931 0.0233693 0.0163733
18 0.5221509 0.6776931 0.0233694 0.0163733
9 0.4127399 0.5079572 0.0233693 0.0152817
20 0.4679765 0.3938903 0.0233693 0.0163732
10 0.6889231 0.5647178 0.0233693 0.0152817
28 0.7430975 0.6203868 0.0233693 0.0152817
19 0.4679765 0.4506509 0.0233693 0.0163732
10 0.5221509 0.6203868 0.0233694 0.0152817
27 0.4127399 0.6203868 0.0233693 0.0152817
25 0.6331554 0.3938903 0.0223071 0.0163732
23 0.5221509 0.5079572 0.0233694 0.0152817
1 0.4127399 0.3938903 0.0233693 0.0163732
22 0.5779187 0.4506509 0.0223071 0.0163732
11 0.7430975 0.5079572 0.0233693 0.0152817
15 0.6331554 0.6203868 0.0223071 0.0152817
25 0.6889231 0.6203868 0.0233693 0.0152817
4 0.7430975 0.6776931 0.0233693 0.0163733
10 0.5221509 0.3938903 0.0233694 0.0163732
29 0.4679765 0.6776931 0.0233693 0.0163733
21 0.6889231 0.6776931 0.0233693 0.0163733
17 0.5221509 0.5647178 0.0233694 0.0152817
21 0.6331554 0.5647178 0.0223071 0.0152817
15 0.7430975 0.4506509 0.0233693 0.0163732
24 0.4127399 0.5647178 0.0233693 0.0152817
10 0.5779187 0.5647178 0.0223071 0.0152817
19 0.4679765 0.6203868 0.0233693 0.0152817
20 0.6331554 0.4506509 0.0223071 0.0163732
9 0.5779187 0.3938903 0.0223071 0.0163732
10 0.5779187 0.5079572 0.0223071 0.0152817
28 0.4679765 0.5079572 0.0233693 0.0152817
7 0.5779187 0.6776931 0.0223071 0.0163733
12 0.7430975 0.5647178 0.0233693 0.0152817
4 0.5221509 0.4506509 0.0233694 0.0163732
20 0.4679765 0.5647178 0.0233693 0.0152817
3 0.6331554 0.5079572 0.0223071 0.0152817
12 0.6331554 0.6776931 0.0223071 0.0163733
