30 0.4151335 0.5140779 0.0233353 0.0163225
23 0.4692290 0.2877396 0.0233353 0.0163225
32 0.5238549 0.3307220 0.3829114 0.4156789
33 0.6972788 0.1397491 0.0106070 0.0163225
2 0.5249156 0.2877396 0.0222746 0.0163225
34 0.4151335 0.3448682 0.0466706 0.0478793
20 0.4151335 0.3448682 0.0233353 0.0152343
30 0.4692290 0.3448682 0.0233353 0.0152343
24 0.5800718 0.3448682 0.0222746 0.0152343
14 0.5249156 0.4014528 0.0222746 0.0152343
25 0.5800718 0.4014528 0.0222746 0.0152343
21 0.4151335 0.2877396 0.0233353 0.0163225
23 0.6898539 0.3448682 0.0233353 0.0152343
9 0.6357583 0.2311550 0.0233353 0.0163225
12 0.6898539 0.2311550 0.0233353 0.0163225
25 0.3599773 0.2311550 0.0233353 0.0163225
29 0.5249156 0.2311550 0.0222746 0.0163225
25 0.5249156 0.3448682 0.0222746 0.0152343
16 0.6898539 0.4569492 0.0233353 0.0152343
26 0.3599773 0.4014528 0.0233353 0.0152343
27 0.4692290 0.4014528 0.0233353 0.0152343
5 0.6898539 0.4014528 0.0233353 0.0152343
27 0.5249156 0.5140779 0.0222746 0.0163225
29 0.6898539 0.5140779 0.0233353 0.0163225
3 0.6898539 0.2877396 0.0233353 0.0163225
8 0.6357583 0.5140779 0.0233353 0.0163225
24 0.4151335 0.2311550 0.0233353 0.0163225
20 0.6357583 0.4569492 0.0233353 0.0152343
22 0.4692290 0.2311550 0.0233353 0.0163225
21 0.5800718 0.5140779 0.0222746 0.0163225
10 0.3599773 0.4569492 0.0233353 0.0152343
11 0.6357583 0.3448682 0.0233353 0.0152343
2 0.3599773 0.3448682 0.0233353 0.0152343
2 0.3599773 0.5140779 0.0233353 0.0163225
11 0.5800718 0.2311550 0.0222746 0.0163225
20 0.5800718 0.4569492 0.0222746 0.0152343
15 0.4151335 0.4569492 0.0233353 0.0152343
26 0.4692290 0.4569492 0.0233353 0.0152343
27 0.6357583 0.2877396 0.0233353 0.0163225
11 0.5249156 0.4569492 0.0222746 0.0152343
18 0.5800718 0.2877396 0.0222746 0.0163225
18 0.6357583 0.4014528 0.0233353 0.0152343
11 0.3599773 0.2877396 0.0233353 0.0163225
18 0.4151335 0.4014528 0.0233353 0.0152343
10 0.4692290 0.5140779 0.0233353 0.0163225
