19 0.5973690 0.4728034 0.0237609 0.0172935
11 0.7653147 0.5327544 0.0226807 0.0172935
32 0.7642347 0.5782940 0.3898933 0.4404087
33 0.9408207 0.3759597 0.0108004 0.0172935
34 0.9332604 0.4722270 0.0475216 0.0507277
29 0.9332604 0.4728034 0.0237607 0.0172935
25 0.8214766 0.5327544 0.0226808 0.0172935
18 0.9332604 0.5932817 0.0237607 0.0161407
21 0.8214766 0.6532327 0.0226808 0.0161406
11 0.9332604 0.7120307 0.0237607 0.0161406
15 0.6535309 0.7725581 0.0237607 0.0172936
9 0.7086127 0.7120307 0.0237609 0.0161406
19 0.6535309 0.5932817 0.0237607 0.0161407
9 0.5973690 0.5327544 0.0237609 0.0172935
25 0.8781786 0.7120307 0.0237609 0.0161406
13 0.7653147 0.6532327 0.0226807 0.0161406
4 0.7653147 0.7725581 0.0226807 0.0172936
20 0.8214766 0.7120307 0.0226808 0.0161406
31 0.8781786 0.7725581 0.0237609 0.0172936
24 0.5973690 0.7725581 0.0237609 0.0172936
19 0.8781786 0.6532327 0.0237609 0.0161406
24 0.9332604 0.5327544 0.0237607 0.0172935
18 0.8781786 0.5327544 0.0237609 0.0172935
2 0.6535309 0.7120307 0.0237607 0.0161406
20 0.7653147 0.4728034 0.0226807 0.0172935
27 0.6535309 0.6532327 0.0237607 0.0161406
8 0.8214766 0.7725581 0.0226808 0.0172936
20 0.7086127 0.6532327 0.0237609 0.0161406
15 0.5973690 0.7120307 0.0237609 0.0161406
17 0.7086127 0.5327544 0.0237609 0.0172935
29 0.8214766 0.5932817 0.0226808 0.0161407
29 0.7653147 0.7120307 0.0226807 0.0161406
24 0.7086127 0.4728034 0.0237609 0.0172935
14 0.8781786 0.4728034 0.0237609 0.0172935
15 0.7086127 0.7725581 0.0237609 0.0172936
16 0.7086127 0.5932817 0.0237609 0.0161407
8 0.6535309 0.5327544 0.0237607 0.0172935
10 0.9332604 0.6532327 0.0237607 0.0161406
10 0.5973690 0.6532327 0.0237609 0.0161406
31 0.7653147 0.5932817 0.0226807 0.0161407
12 0.8781786 0.5932817 0.0237609 0.0161407
22 0.9332604 0.7725581 0.0237607 0.0172936
30 0.6535309 0.4728034 0.0237607 0.0172935
19 0.8214766 0.4728034 0.0226808 0.0172935
13 0.5973690 0.5932817 0.0237609 0.0161407
