12 0.2361624 0.5145594 0.0235459 0.0156447
8 0.3370734 0.3005620 0.0235459 0.0167622
32 0.3779985 0.3167654 0.3834619 0.4894561
33 0.5103040 0.1262351 0.0134548 0.0189972
9 0.4884400 0.4430406 0.0235459 0.0156447
12 0.4884400 0.3005620 0.0235459 0.0167622
13 0.4884400 0.3720807 0.0235459 0.0167622
29 0.3370734 0.2290433 0.0235459 0.0167622
27 0.4379845 0.4430406 0.0235459 0.0156447
3 0.3875290 0.2290433 0.0235459 0.0167622
19 0.4379845 0.5145594 0.0235459 0.0156447
18 0.4884400 0.5145594 0.0235459 0.0156447
19 0.3370734 0.4430406 0.0235459 0.0156447
18 0.2866179 0.2290433 0.0235459 0.0167622
22 0.3875290 0.3720807 0.0235459 0.0167622
3 0.5388955 0.2290433 0.0235459 0.0167622
23 0.3370734 0.3720807 0.0235459 0.0167622
16 0.5388955 0.4430406 0.0235459 0.0156447
9 0.2866179 0.4430406 0.0235459 0.0156447
22 0.5388955 0.3720807 0.0235459 0.0167622
23 0.2361624 0.3005620 0.0235459 0.0167622
28 0.3875290 0.3005620 0.0235459 0.0167622
29 0.4379845 0.2290433 0.0235459 0.0167622
2 0.4884400 0.2290433 0.0235459 0.0167622
22 0.4379845 0.3720807 0.0235459 0.0167622
31 0.2361624 0.4430406 0.0235459 0.0156447
29 0.2361624 0.3720807 0.0235459 0.0167622
31 0.2866179 0.5145594 0.0235459 0.0156447
17 0.4379845 0.3005620 0.0235459 0.0167622
6 0.5388955 0.3005620 0.0235459 0.0167622
3 0.2361624 0.2290433 0.0235459 0.0167622
17 0.3875290 0.5145594 0.0235459 0.0156447
21 0.2866179 0.3005620 0.0235459 0.0167622
5 0.2866179 0.3720807 0.0235459 0.0167622
2 0.3875290 0.4430406 0.0235459 0.0156447
13 0.5388955 0.5145594 0.0235459 0.0156447
24 0.3370734 0.5145594 0.0235459 0.0156447
