4 0.7871925 0.4426271 0.0288519 0.0173866
29 0.4934274 0.4426271 0.0288519 0.0173866
32 0.5662129 0.5191283 0.5258920 0.5042121
33 0.6475229 0.2797724 0.0118031 0.0139093
5 0.4934274 0.3800353 0.0288519 0.0173866
5 0.6403099 0.3800353 0.0288519 0.0173866
23 0.4934274 0.5052190 0.0288519 0.0173866
7 0.7137512 0.5052190 0.0288519 0.0173866
29 0.7137512 0.5678108 0.0288519 0.0173866
2 0.5668687 0.3800353 0.0288519 0.0173866
18 0.7137512 0.4426271 0.0288519 0.0173866
1 0.4934274 0.6304027 0.0288519 0.0173867
17 0.3465448 0.3800353 0.0288519 0.0173866
31 0.4199861 0.3800353 0.0288519 0.0173866
27 0.6403099 0.6304027 0.0288519 0.0173867
18 0.5668687 0.5052190 0.0288519 0.0173866
7 0.6403099 0.5678108 0.0288519 0.0173866
2 0.3465448 0.5678108 0.0288519 0.0173866
26 0.5668687 0.6304027 0.0288519 0.0173867
29 0.6403099 0.5052190 0.0288519 0.0173866
1 0.7871925 0.5052190 0.0288519 0.0173866
17 0.7871925 0.6304027 0.0288519 0.0173867
25 0.7137512 0.6304027 0.0288519 0.0173867
25 0.6403099 0.4426271 0.0288519 0.0173866
3 0.4199861 0.6304027 0.0288519 0.0173867
18 0.3465448 0.6304027 0.0288519 0.0173867
29 0.4199861 0.5052190 0.0288519 0.0173866
19 0.5668687 0.4426271 0.0288519 0.0173866
27 0.5668687 0.5678108 0.0288519 0.0173866
30 0.3465448 0.4426271 0.0288519 0.0173866
14 0.7871925 0.5678108 0.0288519 0.0173866
18 0.4199861 0.4426271 0.0288519 0.0173866
21 0.4199861 0.5678108 0.0288519 0.0173866
1 0.7871925 0.3800353 0.0288519 0.0173866
23 0.7137512 0.3800353 0.0288519 0.0173866
3 0.3465448 0.5052190 0.0288519 0.0173866
16 0.4934274 0.5678108 0.0288519 0.0173866
