8 0.6521687 0.3319366 0.0232684 0.0165340
13 0.7518903 0.2613914 0.0232684 0.0165340
32 0.5928898 0.3479194 0.3789418 0.4827932
33 0.7236358 0.1599828 0.0132962 0.0187385
13 0.5524472 0.3319366 0.0232684 0.0165340
28 0.4527257 0.3319366 0.0232683 0.0165340
17 0.7020295 0.2613914 0.0232684 0.0165340
13 0.6521687 0.4024817 0.0232684 0.0165340
31 0.6521687 0.4724757 0.0232684 0.0154318
8 0.5524472 0.4024817 0.0232684 0.0165340
12 0.7020295 0.5430208 0.0232684 0.0154317
20 0.7518903 0.4724757 0.0232684 0.0154318
19 0.4527257 0.4724757 0.0232683 0.0154318
15 0.6023080 0.2613914 0.0232684 0.0165340
21 0.5025864 0.2613914 0.0232684 0.0165340
1 0.4527257 0.5430208 0.0232683 0.0154317
14 0.7020295 0.4724757 0.0232684 0.0154318
2 0.5524472 0.5430208 0.0232684 0.0154317
17 0.7518903 0.5430208 0.0232684 0.0154317
18 0.7518903 0.3319366 0.0232684 0.0165340
15 0.5524472 0.2613914 0.0232684 0.0165340
24 0.4527257 0.4024817 0.0232683 0.0165340
16 0.6023080 0.4724757 0.0232684 0.0154318
24 0.5025864 0.4024817 0.0232684 0.0165340
19 0.5025864 0.4724757 0.0232684 0.0154318
21 0.6023080 0.3319366 0.0232684 0.0165340
24 0.5025864 0.5430208 0.0232684 0.0154317
28 0.7518903 0.4024817 0.0232684 0.0165340
24 0.5524472 0.4724757 0.0232684 0.0154318
19 0.7020295 0.4024817 0.0232684 0.0165340
9 0.6023080 0.4024817 0.0232684 0.0165340
17 0.5025864 0.3319366 0.0232684 0.0165340
3 0.4527257 0.2613914 0.0232683 0.0165340
7 0.6521687 0.2613914 0.0232684 0.0165340
18 0.6023080 0.5430208 0.0232684 0.0154317
10 0.6521687 0.5430208 0.0232684 0.0154317
24 0.7020295 0.3319366 0.0232684 0.0165340
