31 0.8362338 0.7121129 0.0270101 0.0174240
27 0.5612214 0.4612067 0.0270102 0.0174240
32 0.6299744 0.5535541 0.4960045 0.5157517
33 0.7054801 0.3078751 0.0110497 0.0151008
1 0.6299745 0.3984801 0.0270101 0.0174240
19 0.4237151 0.4612067 0.0270102 0.0174240
5 0.6299745 0.5239332 0.0270101 0.0174240
20 0.4924683 0.5866597 0.0270102 0.0174240
30 0.4924683 0.6493863 0.0270102 0.0174240
34 0.5612214 0.6499671 0.0638422 0.0627265
21 0.5612214 0.6493863 0.0270102 0.0174240
12 0.4237151 0.7121129 0.0270102 0.0174240
20 0.6987276 0.5866597 0.0270102 0.0174240
16 0.4237151 0.3984801 0.0270102 0.0174240
3 0.6987276 0.4612067 0.0270102 0.0174240
14 0.7674806 0.5239332 0.0270101 0.0174240
4 0.4924683 0.7121129 0.0270102 0.0174240
23 0.4237151 0.5866597 0.0270102 0.0174240
2 0.8362338 0.5866597 0.0270101 0.0174240
15 0.6987276 0.5239332 0.0270102 0.0174240
28 0.5612214 0.5239332 0.0270102 0.0174240
24 0.6987276 0.3984801 0.0270102 0.0174240
13 0.6987276 0.6493863 0.0270102 0.0174240
1 0.8362338 0.4612067 0.0270101 0.0174240
19 0.8362338 0.6493863 0.0270101 0.0174240
30 0.4924683 0.4612067 0.0270102 0.0174240
21 0.6299745 0.4612067 0.0270101 0.0174240
4 0.6299745 0.6493863 0.0270101 0.0174240
22 0.5612214 0.3984801 0.0270102 0.0174240
4 0.6987276 0.7121129 0.0270102 0.0174240
6 0.7674806 0.3984801 0.0270101 0.0174240
11 0.4237151 0.5239332 0.0270102 0.0174240
10 0.4924683 0.3984801 0.0270102 0.0174240
22 0.8362338 0.3984801 0.0270101 0.0174240
29 0.7674806 0.5866597 0.0270101 0.0174240
21 0.8362338 0.5239332 0.0270101 0.0174240
1 0.7674806 0.6493863 0.0270101 0.0174240
27 0.6299745 0.7121129 0.0270101 0.0174240
6 0.4924683 0.5239332 0.0270102 0.0174240
3 0.4237151 0.6493863 0.0270102 0.0174240
5 0.5612214 0.5866597 0.0270102 0.0174240
5 0.5612214 0.7121129 0.0270102 0.0174240
3 0.6299745 0.5866597 0.0270101 0.0174240
2 0.7674806 0.4612067 0.0270101 0.0174240
26 0.7674806 0.7121129 0.0270101 0.0174240
