7 0.5883125 0.3956601 0.0275913 0.0161841
11 0.5883125 0.3373973 0.0275913 0.0161841
32 0.3769879 0.3708445 0.5029148 0.4779713
33 0.4541182 0.1453456 0.0125415 0.0140262
28 0.3776150 0.4539230 0.0275913 0.0161841
26 0.4478475 0.5121858 0.0275913 0.0161841
13 0.1669175 0.5121858 0.0275913 0.0161841
14 0.5180799 0.3373973 0.0275913 0.0161841
9 0.5180799 0.4539230 0.0275913 0.0161841
20 0.5883125 0.5121858 0.0275913 0.0161841
24 0.2371500 0.3373973 0.0275913 0.0161841
11 0.5180799 0.2791344 0.0275913 0.0161841
24 0.2371500 0.4539230 0.0275913 0.0161841
25 0.2371500 0.5121858 0.0275913 0.0161841
7 0.4478475 0.3956601 0.0275913 0.0161841
17 0.3073825 0.3373973 0.0275913 0.0161841
7 0.3073825 0.3956601 0.0275913 0.0161841
20 0.3073825 0.5121858 0.0275913 0.0161841
3 0.1669175 0.3956601 0.0275913 0.0161841
2 0.5883125 0.2791344 0.0275913 0.0161841
12 0.3073825 0.2791344 0.0275913 0.0161841
17 0.1669175 0.2791344 0.0275913 0.0161841
8 0.4478475 0.4539230 0.0275913 0.0161841
23 0.3073825 0.4539230 0.0275913 0.0161841
15 0.3776150 0.3956601 0.0275913 0.0161841
1 0.2371500 0.3956601 0.0275913 0.0161841
4 0.4478475 0.2791344 0.0275913 0.0161841
19 0.3776150 0.5121858 0.0275913 0.0161841
19 0.5180799 0.3956601 0.0275913 0.0161841
9 0.1669175 0.3373973 0.0275913 0.0161841
1 0.3776150 0.2791344 0.0275913 0.0161841
10 0.2371500 0.2791344 0.0275913 0.0161841
10 0.4478475 0.3373973 0.0275913 0.0161841
8 0.5883125 0.4539230 0.0275913 0.0161841
21 0.1669175 0.4539230 0.0275913 0.0161841
17 0.3776150 0.3373973 0.0275913 0.0161841
13 0.5180799 0.5121858 0.0275913 0.0161841
