10 0.5841981 0.3217213 0.0234238 0.0160121
25 0.6360651 0.3217213 0.0245392 0.0160121
32 0.5892175 0.1973609 0.4216281 0.3565355
33 0.7632228 0.0623257 0.0089233 0.0138771
16 0.4263664 0.2742188 0.0245392 0.0149446
15 0.6360651 0.1343800 0.0245392 0.0149446
7 0.6884898 0.3217213 0.0245393 0.0160121
20 0.6884898 0.1343800 0.0245393 0.0149446
12 0.4263664 0.1802813 0.0245392 0.0149446
7 0.4799065 0.2272500 0.0245392 0.0149446
11 0.4799065 0.3217213 0.0245392 0.0160121
30 0.5317735 0.1343800 0.0234238 0.0149446
15 0.5317735 0.2742188 0.0234238 0.0149446
26 0.5841981 0.2272500 0.0234238 0.0149446
13 0.6360651 0.2272500 0.0245392 0.0149446
9 0.4263664 0.3217213 0.0245392 0.0160121
14 0.6884898 0.2742188 0.0245393 0.0149446
8 0.6884898 0.1802813 0.0245393 0.0149446
8 0.4799065 0.1343800 0.0245392 0.0149446
8 0.7420298 0.2742188 0.0245393 0.0149446
6 0.7420298 0.1343800 0.0245393 0.0149446
6 0.6360651 0.2742188 0.0245392 0.0149446
3 0.4263664 0.2272500 0.0245392 0.0149446
30 0.5317735 0.2272500 0.0234238 0.0149446
14 0.7420298 0.3217213 0.0245393 0.0160121
15 0.4799065 0.1802813 0.0245392 0.0149446
17 0.5317735 0.1802813 0.0234238 0.0149446
28 0.5841981 0.1343800 0.0234238 0.0149446
22 0.7420298 0.1802813 0.0245393 0.0149446
26 0.6884898 0.2272500 0.0245393 0.0149446
28 0.6360651 0.1802813 0.0245392 0.0149446
22 0.5841981 0.2742188 0.0234238 0.0149446
26 0.4263664 0.1343800 0.0245392 0.0149446
25 0.4799065 0.2742188 0.0245392 0.0149446
23 0.7420298 0.2272500 0.0245393 0.0149446
3 0.5841981 0.1802813 0.0234238 0.0149446
30 0.5317735 0.3217213 0.0234238 0.0160121
