27 0.3776757 0.4536102 0.0226677 0.0153624
29 0.5719706 0.3833819 0.0226677 0.0153625
32 0.5142218 0.2593852 0.3691603 0.4806243
33 0.6415929 0.0722929 0.0129530 0.0186544
13 0.4748231 0.1732460 0.0226677 0.0164598
14 0.4748231 0.4536102 0.0226677 0.0153624
16 0.6691180 0.3137024 0.0226677 0.0164597
31 0.5233968 0.2434742 0.0226677 0.0164598
23 0.4748231 0.3137024 0.0226677 0.0164597
14 0.6205443 0.3137024 0.0226677 0.0164597
6 0.6205443 0.1732460 0.0226677 0.0164598
6 0.5719706 0.4536102 0.0226677 0.0153624
22 0.5719706 0.1732460 0.0226677 0.0164598
7 0.6691180 0.4536102 0.0226677 0.0153624
27 0.3776757 0.3137024 0.0226677 0.0164597
20 0.4748231 0.2434742 0.0226677 0.0164598
3 0.5719706 0.3137024 0.0226677 0.0164597
18 0.5233968 0.4536102 0.0226677 0.0153624
21 0.6205443 0.4536102 0.0226677 0.0153624
26 0.4262494 0.1732460 0.0226677 0.0164598
22 0.3776757 0.1732460 0.0226677 0.0164598
28 0.4262494 0.4536102 0.0226677 0.0153624
2 0.4262494 0.3833819 0.0226677 0.0153625
4 0.6205443 0.3833819 0.0226677 0.0153625
21 0.5233968 0.3137024 0.0226677 0.0164597
27 0.5719706 0.2434742 0.0226677 0.0164598
18 0.6691180 0.2434742 0.0226677 0.0164598
30 0.5233968 0.1732460 0.0226677 0.0164598
16 0.5233968 0.3833819 0.0226677 0.0153625
18 0.6691180 0.3833819 0.0226677 0.0153625
25 0.6691180 0.1732460 0.0226677 0.0164598
27 0.4748231 0.3833819 0.0226677 0.0153625
24 0.4262494 0.2434742 0.0226677 0.0164598
5 0.3776757 0.3833819 0.0226677 0.0153625
12 0.4262494 0.3137024 0.0226677 0.0164597
28 0.3776757 0.2434742 0.0226677 0.0164598
5 0.6205443 0.2434742 0.0226677 0.0164598
