11 0.3263889 0.1763282 0.0236969 0.0148807
20 0.3770142 0.2703953 0.0236969 0.0159436
32 0.2784565 0.1833182 0.4017706 0.3644141
33 0.4491821 0.0110465 0.0086171 0.0116920
25 0.2256769 0.1295604 0.0226198 0.0148807
35 0.4287165 0.1763282 0.0430853 0.0425162
28 0.4287165 0.1763282 0.0236969 0.0148807
23 0.1755902 0.2230960 0.0236969 0.0148807
2 0.3770142 0.2230960 0.0236969 0.0148807
29 0.1238878 0.2703953 0.0236969 0.0159436
16 0.1755902 0.3171631 0.0236969 0.0159435
25 0.4287165 0.2230960 0.0236969 0.0148807
7 0.2763022 0.3171631 0.0226198 0.0159435
7 0.4287165 0.1295604 0.0236969 0.0148807
28 0.3263889 0.3171631 0.0236969 0.0159435
5 0.1238878 0.0838555 0.0236969 0.0148806
10 0.3770142 0.1295604 0.0236969 0.0148807
17 0.1238878 0.1295604 0.0236969 0.0148807
19 0.2256769 0.2703953 0.0226198 0.0159436
4 0.2256769 0.1763282 0.0226198 0.0148807
8 0.3263889 0.2230960 0.0236969 0.0148807
31 0.3770142 0.3171631 0.0236969 0.0159435
10 0.2763022 0.2230960 0.0226198 0.0148807
13 0.1755902 0.1295604 0.0236969 0.0148807
30 0.4287165 0.3171631 0.0236969 0.0159435
9 0.2256769 0.2230960 0.0226198 0.0148807
15 0.2256769 0.0838555 0.0226198 0.0148806
13 0.4287165 0.0838555 0.0236969 0.0148806
22 0.3263889 0.2703953 0.0236969 0.0159436
21 0.2256769 0.3171631 0.0226198 0.0159435
2 0.1755902 0.1763282 0.0236969 0.0148807
15 0.4287165 0.2703953 0.0236969 0.0159436
21 0.3770142 0.1763282 0.0236969 0.0148807
2 0.2763022 0.1295604 0.0226198 0.0148807
26 0.3770142 0.0838555 0.0236969 0.0148806
8 0.3263889 0.0838555 0.0236969 0.0148806
10 0.1755902 0.2703953 0.0236969 0.0159436
28 0.3263889 0.1295604 0.0236969 0.0148807
27 0.1238878 0.3171631 0.0236969 0.0159435
30 0.2763022 0.1763282 0.0226198 0.0148807
23 0.2763022 0.0838555 0.0226198 0.0148806
15 0.1238878 0.1763282 0.0236969 0.0148807
27 0.2763022 0.2703953 0.0226198 0.0159436
15 0.1238878 0.2230960 0.0236969 0.0148807
29 0.1755902 0.0838555 0.0236969 0.0148806
