23 0.6767477 0.4146645 0.0273598 0.0165833
28 0.6767477 0.1758653 0.0273598 0.0165833
32 0.6064827 0.2698372 0.4986956 0.4897595
33 0.6829659 0.0387769 0.0124364 0.0143722
3 0.4678180 0.3549647 0.0273598 0.0165833
31 0.8160343 0.4146645 0.0273598 0.0165833
18 0.7463911 0.1758653 0.0273598 0.0165833
6 0.3981747 0.3549647 0.0273599 0.0165833
22 0.6767477 0.2952649 0.0273598 0.0165833
6 0.6071045 0.2355651 0.0273599 0.0165833
31 0.5374612 0.3549647 0.0273599 0.0165833
27 0.5374612 0.1758653 0.0273599 0.0165833
15 0.7463911 0.2952649 0.0273598 0.0165833
16 0.7463911 0.2355651 0.0273598 0.0165833
21 0.6071045 0.4146645 0.0273599 0.0165833
22 0.4678180 0.1758653 0.0273598 0.0165833
23 0.7463911 0.3549647 0.0273598 0.0165833
13 0.8160343 0.1758653 0.0273598 0.0165833
19 0.8160343 0.2355651 0.0273598 0.0165833
23 0.5374612 0.2355651 0.0273599 0.0165833
1 0.6071045 0.1758653 0.0273599 0.0165833
19 0.6071045 0.2952649 0.0273599 0.0165833
8 0.4678180 0.2952649 0.0273598 0.0165833
13 0.8160343 0.2952649 0.0273598 0.0165833
11 0.4678180 0.2355651 0.0273598 0.0165833
23 0.8160343 0.3549647 0.0273598 0.0165833
3 0.3981747 0.2355651 0.0273599 0.0165833
25 0.3981747 0.2952649 0.0273599 0.0165833
21 0.6071045 0.3549647 0.0273599 0.0165833
24 0.5374612 0.2952649 0.0273599 0.0165833
10 0.6767477 0.2355651 0.0273598 0.0165833
5 0.6767477 0.3549647 0.0273598 0.0165833
7 0.3981747 0.1758653 0.0273599 0.0165833
20 0.3981747 0.4146645 0.0273599 0.0165833
11 0.4678180 0.4146645 0.0273598 0.0165833
23 0.7463911 0.4146645 0.0273598 0.0165833
26 0.5374612 0.4146645 0.0273599 0.0165833
