21 0.8524498 0.4122379 0.0283908 0.0169036
25 0.7801822 0.5947964 0.0283909 0.0169036
32 0.6350019 0.4866136 0.5174874 0.4902034
33 0.7150124 0.2539078 0.0116145 0.0135228
20 0.4911120 0.3513850 0.0283908 0.0169036
19 0.7801822 0.4730907 0.0283909 0.0169036
3 0.7079147 0.5339435 0.0283909 0.0169036
26 0.4188445 0.3513850 0.0283908 0.0169036
19 0.6356471 0.4730907 0.0283908 0.0169036
2 0.6356471 0.5339435 0.0283908 0.0169036
16 0.5633796 0.5339435 0.0283908 0.0169036
16 0.5633796 0.4730907 0.0283908 0.0169036
27 0.6356471 0.3513850 0.0283908 0.0169036
1 0.5633796 0.5947964 0.0283908 0.0169036
7 0.6356471 0.4122379 0.0283908 0.0169036
7 0.7079147 0.3513850 0.0283909 0.0169036
28 0.4911120 0.5339435 0.0283908 0.0169036
29 0.4911120 0.5947964 0.0283908 0.0169036
23 0.8524498 0.5339435 0.0283908 0.0169036
3 0.4188445 0.4122379 0.0283908 0.0169036
28 0.7079147 0.4122379 0.0283909 0.0169036
24 0.7079147 0.4730907 0.0283909 0.0169036
18 0.4188445 0.4730907 0.0283908 0.0169036
6 0.4911120 0.4122379 0.0283908 0.0169036
21 0.6356471 0.5947964 0.0283908 0.0169036
15 0.7079147 0.5947964 0.0283909 0.0169036
17 0.7801822 0.4122379 0.0283909 0.0169036
6 0.4911120 0.4730907 0.0283908 0.0169036
7 0.4188445 0.5339435 0.0283908 0.0169036
18 0.7801822 0.3513850 0.0283909 0.0169036
31 0.8524498 0.5947964 0.0283908 0.0169036
19 0.7801822 0.5339435 0.0283909 0.0169036
14 0.5633796 0.4122379 0.0283908 0.0169036
31 0.8524498 0.4730907 0.0283908 0.0169036
19 0.8524498 0.3513850 0.0283908 0.0169036
19 0.4188445 0.5947964 0.0283908 0.0169036
20 0.5633796 0.3513850 0.0283908 0.0169036
