15 0.4907325 0.5126654 0.0239136 0.0164948
6 0.5429077 0.3669613 0.0239136 0.0153952
32 0.6467145 0.3565145 0.4054445 0.4123703
33 0.8190013 0.1959651 0.0086959 0.0120962
30 0.5934524 0.2712914 0.0228267 0.0153951
6 0.6445406 0.3669613 0.0228267 0.0153952
4 0.4907325 0.4153460 0.0239136 0.0153952
35 0.6950852 0.4153460 0.0434793 0.0439861
7 0.6950853 0.4153460 0.0239136 0.0153952
9 0.7461734 0.5126654 0.0239136 0.0164948
28 0.7983486 0.5126654 0.0239137 0.0164948
12 0.6950853 0.3669613 0.0239136 0.0153952
22 0.6445406 0.4642806 0.0228267 0.0164948
10 0.7461734 0.3669613 0.0239136 0.0153952
6 0.6445406 0.2712914 0.0228267 0.0153951
27 0.7983486 0.4153460 0.0239137 0.0153952
13 0.4907325 0.3669613 0.0239136 0.0153952
30 0.4907325 0.3185765 0.0239136 0.0153951
29 0.5429077 0.2712914 0.0239136 0.0153951
23 0.7983486 0.4642806 0.0239137 0.0164948
24 0.5429077 0.3185765 0.0239136 0.0153951
24 0.6950853 0.4642806 0.0239136 0.0164948
27 0.5934524 0.5126654 0.0228267 0.0164948
19 0.7983486 0.3185765 0.0239137 0.0153951
15 0.6445406 0.3185765 0.0228267 0.0153951
19 0.5934524 0.3669613 0.0228267 0.0153952
22 0.5429077 0.4642806 0.0239136 0.0164948
12 0.7461734 0.3185765 0.0239136 0.0153951
30 0.7461734 0.4153460 0.0239136 0.0153952
7 0.6445406 0.4153460 0.0228267 0.0153952
20 0.4907325 0.2712914 0.0239136 0.0153951
30 0.5934524 0.3185765 0.0228267 0.0153951
27 0.6950853 0.3185765 0.0239136 0.0153951
23 0.7983486 0.3669613 0.0239137 0.0153952
27 0.6950853 0.5126654 0.0239136 0.0164948
6 0.7461734 0.2712914 0.0239136 0.0153951
14 0.6950853 0.2712914 0.0239136 0.0153951
23 0.7461734 0.4642806 0.0239136 0.0164948
25 0.5934524 0.4642806 0.0228267 0.0164948
10 0.6445406 0.5126654 0.0228267 0.0164948
21 0.5429077 0.4153460 0.0239136 0.0153952
14 0.7983486 0.2712914 0.0239137 0.0153951
5 0.5429077 0.5126654 0.0239136 0.0164948
9 0.4907325 0.4642806 0.0239136 0.0164948
7 0.5934524 0.4153460 0.0228267 0.0153952
