2 0.6051669 0.3044565 0.0236823 0.0169585
19 0.5036712 0.4491690 0.0236823 0.0169585
32 0.4433376 0.3932060 0.3856837 0.4951880
33 0.5764098 0.2004444 0.0135327 0.0192196
5 0.3006797 0.3768127 0.0236823 0.0169585
7 0.3514276 0.3044565 0.0236824 0.0169585
1 0.5544190 0.5209599 0.0236824 0.0158279
21 0.5544190 0.3768127 0.0236824 0.0169585
10 0.5544190 0.4491690 0.0236824 0.0169585
2 0.4021754 0.4491690 0.0236823 0.0169585
18 0.3514276 0.4491690 0.0236824 0.0169585
6 0.3006797 0.5933162 0.0236823 0.0158279
1 0.4529233 0.5209599 0.0236823 0.0158279
30 0.3514276 0.3768127 0.0236824 0.0169585
15 0.3006797 0.4491690 0.0236823 0.0169585
13 0.4021754 0.3044565 0.0236823 0.0169585
14 0.5544190 0.5933162 0.0236824 0.0158279
23 0.5036712 0.3768127 0.0236823 0.0169585
6 0.3514276 0.5933162 0.0236824 0.0158279
2 0.4529233 0.5933162 0.0236823 0.0158279
27 0.5544190 0.3044565 0.0236824 0.0169585
6 0.4021754 0.3768127 0.0236823 0.0169585
8 0.5036712 0.3044565 0.0236823 0.0169585
24 0.3514276 0.5209599 0.0236824 0.0158279
3 0.6051669 0.3768127 0.0236823 0.0169585
20 0.6051669 0.4491690 0.0236823 0.0169585
25 0.5036712 0.5933162 0.0236823 0.0158279
27 0.4021754 0.5209599 0.0236823 0.0158279
8 0.5036712 0.5209599 0.0236823 0.0158279
8 0.6051669 0.5933162 0.0236823 0.0158279
4 0.4021754 0.5933162 0.0236823 0.0158279
15 0.3006797 0.5209599 0.0236823 0.0158279
22 0.4529233 0.3044565 0.0236823 0.0169585
10 0.4529233 0.3768127 0.0236823 0.0169585
10 0.3006797 0.3044565 0.0236823 0.0169585
22 0.4529233 0.4491690 0.0236823 0.0169585
14 0.6051669 0.5209599 0.0236823 0.0158279
