5 0.6253316 0.3795441 0.0225741 0.0160047
17 0.6737047 0.5155840 0.0225741 0.0149377
32 0.6161945 0.3950153 0.3676352 0.4673370
33 0.7430394 0.2130953 0.0128995 0.0181387
13 0.6737047 0.3112574 0.0225741 0.0160047
2 0.7220778 0.3795441 0.0225741 0.0160047
24 0.5769586 0.3112574 0.0225741 0.0160047
15 0.5769586 0.5838706 0.0225741 0.0149377
25 0.6253316 0.5155840 0.0225741 0.0149377
26 0.5285855 0.3795441 0.0225741 0.0160047
20 0.5769586 0.3795441 0.0225741 0.0160047
30 0.5769586 0.5155840 0.0225741 0.0149377
27 0.7220778 0.5155840 0.0225741 0.0149377
1 0.7704508 0.5838706 0.0225741 0.0149377
27 0.4802125 0.3795441 0.0225741 0.0160047
2 0.5285855 0.5838706 0.0225741 0.0149377
7 0.6737047 0.4478308 0.0225741 0.0160047
18 0.4802125 0.5838706 0.0225741 0.0149377
31 0.4802125 0.5155840 0.0225741 0.0149377
27 0.6253316 0.4478308 0.0225741 0.0160047
29 0.7220778 0.3112574 0.0225741 0.0160047
2 0.6737047 0.5838706 0.0225741 0.0149377
16 0.7220778 0.5838706 0.0225741 0.0149377
15 0.4802125 0.3112574 0.0225741 0.0160047
15 0.7704508 0.5155840 0.0225741 0.0149377
20 0.5285855 0.4478308 0.0225741 0.0160047
18 0.5769586 0.4478308 0.0225741 0.0160047
6 0.5285855 0.3112574 0.0225741 0.0160047
31 0.7704508 0.3795441 0.0225741 0.0160047
21 0.7704508 0.3112574 0.0225741 0.0160047
23 0.5285855 0.5155840 0.0225741 0.0149377
7 0.6737047 0.3795441 0.0225741 0.0160047
4 0.7704508 0.4478308 0.0225741 0.0160047
14 0.6253316 0.3112574 0.0225741 0.0160047
31 0.4802125 0.4478308 0.0225741 0.0160047
10 0.7220778 0.4478308 0.0225741 0.0160047
2 0.6253316 0.5838706 0.0225741 0.0149377
