12 0.4651447 0.1464559 0.0228397 0.0167360
27 0.5630290 0.4315260 0.0228397 0.0156203
32 0.5048422 0.2397490 0.3719607 0.4772757
33 0.6331795 0.0438084 0.0130512 0.0189675
27 0.6119712 0.2892699 0.0228398 0.0167360
8 0.4651447 0.2892699 0.0228397 0.0167360
19 0.4162025 0.4315260 0.0228397 0.0156203
14 0.5630290 0.1464559 0.0228397 0.0167360
3 0.3672603 0.1464559 0.0228397 0.0167360
12 0.5140868 0.2892699 0.0228397 0.0167360
17 0.6609134 0.4315260 0.0228398 0.0156203
23 0.4162025 0.3601190 0.0228397 0.0156203
8 0.6119712 0.1464559 0.0228398 0.0167360
8 0.4651447 0.3601190 0.0228397 0.0156203
26 0.6119712 0.2178629 0.0228398 0.0167360
18 0.4162025 0.1464559 0.0228397 0.0167360
26 0.6609134 0.1464559 0.0228398 0.0167360
17 0.6609134 0.2892699 0.0228398 0.0167360
20 0.5140868 0.1464559 0.0228397 0.0167360
23 0.3672603 0.3601190 0.0228397 0.0156203
12 0.6609134 0.2178629 0.0228398 0.0167360
12 0.3672603 0.4315260 0.0228397 0.0156203
28 0.5140868 0.3601190 0.0228397 0.0156203
20 0.5630290 0.2892699 0.0228397 0.0167360
6 0.4651447 0.2178629 0.0228397 0.0167360
4 0.3672603 0.2178629 0.0228397 0.0167360
3 0.5140868 0.4315260 0.0228397 0.0156203
15 0.3672603 0.2892699 0.0228397 0.0167360
18 0.6609134 0.3601190 0.0228398 0.0156203
17 0.4651447 0.4315260 0.0228397 0.0156203
27 0.5630290 0.2178629 0.0228397 0.0167360
4 0.5140868 0.2178629 0.0228397 0.0167360
11 0.6119712 0.4315260 0.0228398 0.0156203
19 0.6119712 0.3601190 0.0228398 0.0156203
12 0.4162025 0.2892699 0.0228397 0.0167360
5 0.4162025 0.2178629 0.0228397 0.0167360
13 0.5630290 0.3601190 0.0228397 0.0156203
