26 0.7282402 0.7057088 0.0262853 0.0159574
27 0.3267915 0.6447286 0.0262853 0.0170972
32 0.5281132 0.5159294 0.4838889 0.5026590
33 0.5992031 0.2925254 0.0095583 0.0125380
1 0.4606077 0.3985283 0.0262853 0.0170972
16 0.5944239 0.3985283 0.0262853 0.0170972
22 0.3936996 0.4595085 0.0262853 0.0159575
34 0.5275158 0.4595085 0.0621290 0.0615501
27 0.5275158 0.4595085 0.0262853 0.0159575
7 0.3936996 0.5216285 0.0262853 0.0170972
18 0.5275158 0.6447286 0.0262853 0.0170972
25 0.3267915 0.5216285 0.0262853 0.0170972
12 0.3936996 0.7057088 0.0262853 0.0159574
12 0.5944239 0.7057088 0.0262853 0.0159574
1 0.4606077 0.4595085 0.0262853 0.0159575
2 0.7282402 0.4595085 0.0262853 0.0159575
31 0.6613321 0.3985283 0.0262853 0.0170972
9 0.4606077 0.5216285 0.0262853 0.0170972
13 0.5275158 0.3985283 0.0262853 0.0170972
29 0.3267915 0.7057088 0.0262853 0.0159574
4 0.5944239 0.4595085 0.0262853 0.0159575
14 0.5275158 0.5216285 0.0262853 0.0170972
13 0.5275158 0.5831786 0.0262853 0.0170973
8 0.4606077 0.6447286 0.0262853 0.0170972
15 0.5944239 0.6447286 0.0262853 0.0170972
16 0.5944239 0.5831786 0.0262853 0.0170973
15 0.6613321 0.6447286 0.0262853 0.0170972
2 0.6613321 0.5216285 0.0262853 0.0170972
31 0.7282402 0.5216285 0.0262853 0.0170972
24 0.5275158 0.7057088 0.0262853 0.0159574
27 0.3267915 0.3985283 0.0262853 0.0170972
31 0.7282402 0.5831786 0.0262853 0.0170973
8 0.6613321 0.5831786 0.0262853 0.0170973
24 0.3267915 0.4595085 0.0262853 0.0159575
9 0.4606077 0.7057088 0.0262853 0.0159574
15 0.3936996 0.5831786 0.0262853 0.0170973
30 0.7282402 0.3985283 0.0262853 0.0170972
31 0.6613321 0.7057088 0.0262853 0.0159574
21 0.3936996 0.3985283 0.0262853 0.0170972
21 0.6613321 0.4595085 0.0262853 0.0159575
4 0.3267915 0.5831786 0.0262853 0.0170973
26 0.3936996 0.6447286 0.0262853 0.0170972
4 0.7282402 0.6447286 0.0262853 0.0170972
12 0.4606077 0.5831786 0.0262853 0.0170973
10 0.5944239 0.5216285 0.0262853 0.0170972
