18 0.6291426 0.4335596 0.0268741 0.0166684
27 0.4239222 0.3135465 0.0268741 0.0166685
32 0.4923290 0.4018895 0.4935062 0.4933868
33 0.5674543 0.1668640 0.0109940 0.0144460
7 0.3555154 0.2535401 0.0268741 0.0166685
12 0.6291426 0.2535401 0.0268741 0.0166685
6 0.2871085 0.3135465 0.0268741 0.0166685
14 0.3555154 0.3135465 0.0268741 0.0166685
34 0.4923290 0.3741087 0.0635206 0.0600065
15 0.4923289 0.3735531 0.0268741 0.0166684
9 0.4923289 0.5535726 0.0268741 0.0166685
1 0.4239222 0.2535401 0.0268741 0.0166685
8 0.4923289 0.3135465 0.0268741 0.0166685
20 0.6291426 0.3735531 0.0268741 0.0166684
7 0.3555154 0.3735531 0.0268741 0.0166684
11 0.5607358 0.3135465 0.0268741 0.0166685
26 0.4923289 0.4335596 0.0268741 0.0166684
20 0.5607358 0.5535726 0.0268741 0.0166685
23 0.6975494 0.2535401 0.0268741 0.0166685
14 0.4923289 0.2535401 0.0268741 0.0166685
22 0.2871085 0.5535726 0.0268741 0.0166685
23 0.2871085 0.2535401 0.0268741 0.0166685
3 0.5607358 0.4935661 0.0268741 0.0166684
8 0.6975494 0.3135465 0.0268741 0.0166685
13 0.2871085 0.4335596 0.0268741 0.0166684
11 0.5607358 0.2535401 0.0268741 0.0166685
1 0.3555154 0.4935661 0.0268741 0.0166684
16 0.2871085 0.3735531 0.0268741 0.0166684
7 0.6975494 0.4335596 0.0268741 0.0166684
13 0.6975494 0.3735531 0.0268741 0.0166684
8 0.6291426 0.5535726 0.0268741 0.0166685
19 0.4239222 0.4935661 0.0268741 0.0166684
1 0.5607358 0.3735531 0.0268741 0.0166684
11 0.6975494 0.5535726 0.0268741 0.0166685
19 0.4239222 0.5535726 0.0268741 0.0166685
1 0.5607358 0.4335596 0.0268741 0.0166684
7 0.6291426 0.3135465 0.0268741 0.0166685
28 0.4239222 0.4335596 0.0268741 0.0166684
12 0.4923289 0.4935661 0.0268741 0.0166684
16 0.2871085 0.4935661 0.0268741 0.0166684
17 0.3555154 0.4335596 0.0268741 0.0166684
10 0.6975494 0.4935661 0.0268741 0.0166684
31 0.3555154 0.5535726 0.0268741 0.0166685
10 0.4239222 0.3735531 0.0268741 0.0166684
11 0.6291426 0.4935661 0.0268741 0.0166684
