10 0.5892499 0.4439804 0.0222167 0.0148880
26 0.6844642 0.5120402 0.0222167 0.0148880
32 0.6754717 0.3238124 0.3618145 0.4657839
33 0.8003084 0.1424970 0.0126952 0.0180784
26 0.6368571 0.2403329 0.0222167 0.0159515
25 0.6368571 0.3083926 0.0222167 0.0159515
30 0.7796786 0.3083926 0.0222167 0.0159515
6 0.7796786 0.4439804 0.0222167 0.0148880
18 0.5416427 0.4439804 0.0222167 0.0148880
16 0.7796786 0.5120402 0.0222167 0.0148880
25 0.5416427 0.5120402 0.0222167 0.0148880
24 0.7320714 0.2403329 0.0222167 0.0159515
24 0.8272858 0.4439804 0.0222167 0.0148880
22 0.6844642 0.2403329 0.0222167 0.0159515
30 0.5892499 0.5120402 0.0222167 0.0148880
30 0.6844642 0.3083926 0.0222167 0.0159515
11 0.5892499 0.3764524 0.0222167 0.0159515
8 0.8272858 0.5120402 0.0222167 0.0148880
25 0.6368571 0.3764524 0.0222167 0.0159515
3 0.8272858 0.2403329 0.0222167 0.0159515
13 0.5416427 0.3083926 0.0222167 0.0159515
31 0.7796786 0.2403329 0.0222167 0.0159515
1 0.6368571 0.4439804 0.0222167 0.0148880
30 0.7320714 0.3083926 0.0222167 0.0159515
10 0.6844642 0.3764524 0.0222167 0.0159515
10 0.6368571 0.5120402 0.0222167 0.0148880
3 0.5892499 0.3083926 0.0222167 0.0159515
17 0.5892499 0.2403329 0.0222167 0.0159515
10 0.5416427 0.2403329 0.0222167 0.0159515
8 0.8272858 0.3764524 0.0222167 0.0159515
12 0.5416427 0.3764524 0.0222167 0.0159515
16 0.7320714 0.5120402 0.0222167 0.0148880
24 0.8272858 0.3083926 0.0222167 0.0159515
22 0.6844642 0.4439804 0.0222167 0.0148880
1 0.7320714 0.4439804 0.0222167 0.0148880
2 0.7796786 0.3764524 0.0222167 0.0159515
5 0.7320714 0.3764524 0.0222167 0.0159515
