14 0.4215937 0.2673160 0.0239542 0.0152419
17 0.3181549 0.2673160 0.0239542 0.0152419
32 0.2697020 0.3048763 0.4061333 0.4082650
33 0.4422814 0.1459252 0.0087106 0.0119758
35 0.2168938 0.4115696 0.0435532 0.0424596
11 0.2163494 0.4115696 0.0228654 0.0163306
4 0.3181549 0.4115696 0.0239542 0.0163306
3 0.3693299 0.4115696 0.0239543 0.0163306
1 0.2163494 0.4594727 0.0228654 0.0163306
10 0.3693299 0.4594727 0.0239543 0.0163306
20 0.3181549 0.4594727 0.0239542 0.0163306
12 0.3693299 0.2205016 0.0239543 0.0152419
2 0.3693299 0.2673160 0.0239543 0.0152419
18 0.1134550 0.2205016 0.0239542 0.0152419
28 0.2675243 0.2205016 0.0228654 0.0152419
12 0.1657188 0.3152191 0.0239542 0.0152419
31 0.2163494 0.2673160 0.0228654 0.0152419
18 0.2675243 0.2673160 0.0228654 0.0152419
26 0.1657188 0.4594727 0.0239542 0.0163306
20 0.2675243 0.4594727 0.0228654 0.0163306
22 0.1657188 0.2673160 0.0239542 0.0152419
13 0.4215937 0.2205016 0.0239542 0.0152419
5 0.2163494 0.3152191 0.0228654 0.0152419
13 0.3181549 0.3631222 0.0239542 0.0152419
7 0.3181549 0.2205016 0.0239542 0.0152419
25 0.3693299 0.3152191 0.0239543 0.0152419
12 0.4215937 0.3152191 0.0239542 0.0152419
7 0.1134550 0.3631222 0.0239542 0.0152419
29 0.2675243 0.3152191 0.0228654 0.0152419
7 0.2163494 0.2205016 0.0228654 0.0152419
13 0.3181549 0.3152191 0.0239542 0.0152419
17 0.1657188 0.4115696 0.0239542 0.0163306
10 0.1657188 0.2205016 0.0239542 0.0152419
22 0.4215937 0.4115696 0.0239542 0.0163306
14 0.1134550 0.4594727 0.0239542 0.0163306
17 0.4215937 0.4594727 0.0239542 0.0163306
1 0.2163494 0.3631222 0.0228654 0.0152419
4 0.1134550 0.2673160 0.0239542 0.0152419
25 0.1657188 0.3631222 0.0239542 0.0152419
9 0.2675243 0.4115696 0.0228654 0.0163306
5 0.1134550 0.4115696 0.0239542 0.0163306
27 0.2675243 0.3631222 0.0228654 0.0152419
16 0.1134550 0.3152191 0.0239542 0.0152419
10 0.3693299 0.3631222 0.0239543 0.0152419
15 0.4215937 0.3631222 0.0239542 0.0152419
