19 0.5257401 0.5075535 0.0269377 0.0163282
9 0.5943088 0.4487721 0.0269377 0.0163282
32 0.5251279 0.3061728 0.4910003 0.4822253
33 0.6004310 0.0786670 0.0122444 0.0141511
17 0.5943088 0.2136465 0.0269377 0.0163282
13 0.3200343 0.2724279 0.0269377 0.0163282
34 0.5943088 0.3317536 0.0636708 0.0587814
20 0.5943088 0.3312093 0.0269377 0.0163282
10 0.5257401 0.3899907 0.0269377 0.0163282
28 0.5257401 0.4487721 0.0269377 0.0163282
22 0.6628773 0.2136465 0.0269376 0.0163282
8 0.4571715 0.2136465 0.0269376 0.0163282
3 0.3886029 0.2136465 0.0269377 0.0163282
19 0.6628773 0.3899907 0.0269376 0.0163282
21 0.3886029 0.3899907 0.0269377 0.0163282
15 0.7314460 0.2724279 0.0269377 0.0163282
27 0.4571715 0.2724279 0.0269376 0.0163282
19 0.3886029 0.2724279 0.0269377 0.0163282
22 0.3886029 0.3312093 0.0269377 0.0163282
25 0.5257401 0.2724279 0.0269377 0.0163282
28 0.7314460 0.4487721 0.0269377 0.0163282
14 0.5257401 0.2136465 0.0269377 0.0163282
30 0.4571715 0.3899907 0.0269376 0.0163282
15 0.3886029 0.5075535 0.0269377 0.0163282
13 0.5943088 0.3899907 0.0269377 0.0163282
3 0.3200343 0.5075535 0.0269377 0.0163282
5 0.3200343 0.3312093 0.0269377 0.0163282
28 0.7314460 0.5075535 0.0269377 0.0163282
28 0.6628773 0.5075535 0.0269376 0.0163282
8 0.3200343 0.3899907 0.0269377 0.0163282
5 0.7314460 0.2136465 0.0269377 0.0163282
20 0.4571715 0.5075535 0.0269376 0.0163282
27 0.6628773 0.2724279 0.0269376 0.0163282
3 0.3886029 0.4487721 0.0269377 0.0163282
21 0.4571715 0.3312093 0.0269376 0.0163282
25 0.7314460 0.3899907 0.0269377 0.0163282
20 0.6628773 0.3312093 0.0269376 0.0163282
17 0.3200343 0.4487721 0.0269377 0.0163282
23 0.4571715 0.4487721 0.0269376 0.0163282
27 0.5943088 0.2724279 0.0269377 0.0163282
18 0.3200343 0.2136465 0.0269377 0.0163282
13 0.5943088 0.5075535 0.0269377 0.0163282
18 0.7314460 0.3312093 0.0269377 0.0163282
24 0.5257401 0.3312093 0.0269377 0.0163282
15 0.6628773 0.4487721 0.0269376 0.0163282
