17 0.5737318 0.2997010 0.0268726 0.0172501
20 0.3001198 0.2997010 0.0268726 0.0172501
32 0.4375365 0.4181517 0.4947004 0.5071532
33 0.5102148 0.1927503 0.0097719 0.0126501
30 0.3685228 0.2997010 0.0268726 0.0172501
34 0.3685228 0.4233268 0.0635171 0.0621004
14 0.3685228 0.4239017 0.0268726 0.0172501
8 0.4369258 0.4239017 0.0268726 0.0172501
2 0.6421349 0.4239017 0.0268726 0.0172501
1 0.6421349 0.4860021 0.0268726 0.0172502
3 0.5053288 0.3612263 0.0268726 0.0161001
3 0.2317168 0.6096280 0.0268726 0.0161001
30 0.6421349 0.2997010 0.0268726 0.0172501
28 0.5737318 0.4239017 0.0268726 0.0172501
11 0.3685228 0.4860021 0.0268726 0.0172502
10 0.4369258 0.6096280 0.0268726 0.0161001
15 0.5737318 0.6096280 0.0268726 0.0161001
13 0.3001198 0.3612263 0.0268726 0.0161001
10 0.3001198 0.6096280 0.0268726 0.0161001
21 0.5737318 0.5481025 0.0268726 0.0172501
2 0.3685228 0.6096280 0.0268726 0.0161001
3 0.6421349 0.5481025 0.0268726 0.0172501
20 0.4369258 0.5481025 0.0268726 0.0172501
14 0.2317168 0.5481025 0.0268726 0.0172501
9 0.5737318 0.4860021 0.0268726 0.0172502
15 0.2317168 0.2997010 0.0268726 0.0172501
19 0.3001198 0.4860021 0.0268726 0.0172502
1 0.3001198 0.5481025 0.0268726 0.0172501
8 0.4369258 0.3612263 0.0268726 0.0161001
24 0.3685228 0.5481025 0.0268726 0.0172501
12 0.2317168 0.3612263 0.0268726 0.0161001
27 0.5053288 0.2997010 0.0268726 0.0172501
15 0.2317168 0.4860021 0.0268726 0.0172502
14 0.5053288 0.6096280 0.0268726 0.0161001
6 0.5053288 0.4860021 0.0268726 0.0172502
19 0.4369258 0.2997010 0.0268726 0.0172501
31 0.2317168 0.4239017 0.0268726 0.0172501
13 0.3685228 0.3612263 0.0268726 0.0161001
2 0.5737318 0.3612263 0.0268726 0.0161001
19 0.5053288 0.5481025 0.0268726 0.0172501
28 0.6421349 0.6096280 0.0268726 0.0161001
1 0.5053288 0.4239017 0.0268726 0.0172501
18 0.6421349 0.3612263 0.0268726 0.0161001
16 0.3001198 0.4239017 0.0268726 0.0172501
20 0.4369258 0.4860021 0.0268726 0.0172502
