25 0.4879248 0.5630522 0.0278620 0.0166279
2 0.5588463 0.6229125 0.0278620 0.0166279
32 0.6291346 0.5164942 0.5078486 0.4822078
33 0.7076549 0.2875841 0.0113981 0.0133023
12 0.8425323 0.3834714 0.0278619 0.0166279
18 0.4170033 0.4433317 0.0278621 0.0166279
34 0.6297678 0.5636065 0.0658557 0.0598603
2 0.6297678 0.5630522 0.0278621 0.0166279
29 0.7716109 0.6229125 0.0278620 0.0166279
8 0.7006894 0.6827728 0.0278620 0.0166279
5 0.7006894 0.5630522 0.0278620 0.0166279
20 0.8425323 0.4433317 0.0278619 0.0166279
18 0.5588463 0.6827728 0.0278620 0.0166279
5 0.4879248 0.3834714 0.0278620 0.0166279
21 0.7716109 0.3834714 0.0278620 0.0166279
1 0.5588463 0.3834714 0.0278620 0.0166279
25 0.5588463 0.5031919 0.0278620 0.0166278
4 0.4170033 0.5630522 0.0278621 0.0166279
16 0.7716109 0.5031919 0.0278620 0.0166278
17 0.7716109 0.4433317 0.0278620 0.0166279
27 0.8425323 0.6229125 0.0278619 0.0166279
27 0.6297678 0.6229125 0.0278621 0.0166279
26 0.6297678 0.3834714 0.0278621 0.0166279
28 0.7006894 0.4433317 0.0278620 0.0166279
7 0.4170033 0.6229125 0.0278621 0.0166279
3 0.6297678 0.4433317 0.0278621 0.0166279
25 0.7006894 0.3834714 0.0278620 0.0166279
17 0.7716109 0.5630522 0.0278620 0.0166279
3 0.6297678 0.6827728 0.0278621 0.0166279
24 0.4170033 0.5031919 0.0278621 0.0166278
26 0.7006894 0.5031919 0.0278620 0.0166278
13 0.5588463 0.4433317 0.0278620 0.0166279
1 0.4879248 0.5031919 0.0278620 0.0166278
29 0.8425323 0.5630522 0.0278619 0.0166279
19 0.6297678 0.5031919 0.0278621 0.0166278
27 0.7006894 0.6229125 0.0278620 0.0166279
30 0.4879248 0.6827728 0.0278620 0.0166279
28 0.4170033 0.3834714 0.0278621 0.0166279
24 0.4879248 0.4433317 0.0278620 0.0166279
26 0.4170033 0.6827728 0.0278621 0.0166279
27 0.8425323 0.6827728 0.0278619 0.0166279
6 0.4879248 0.6229125 0.0278620 0.0166279
26 0.5588463 0.5630522 0.0278620 0.0166279
25 0.7716109 0.6827728 0.0278620 0.0166279
20 0.8425323 0.5031919 0.0278619 0.0166278
