9 0.6176871 0.4870192 0.0228419 0.0150808
4 0.6666340 0.2807342 0.0228419 0.0161581
32 0.5594947 0.3652949 0.3719963 0.4718164
33 0.6878442 0.1816312 0.0130525 0.0183125
29 0.7155809 0.3496754 0.0228419 0.0161581
9 0.4218996 0.5559604 0.0228419 0.0150809
2 0.5197934 0.4870192 0.0228419 0.0150808
30 0.5687402 0.4186166 0.0228419 0.0161581
11 0.6666340 0.5559604 0.0228419 0.0150809
7 0.4218996 0.4870192 0.0228419 0.0150808
6 0.6666340 0.4186166 0.0228419 0.0161581
2 0.4218996 0.4186166 0.0228419 0.0161581
20 0.5197934 0.5559604 0.0228419 0.0150809
13 0.6176871 0.3496754 0.0228419 0.0161581
18 0.4708465 0.5559604 0.0228419 0.0150809
19 0.6176871 0.4186166 0.0228419 0.0161581
29 0.5197934 0.3496754 0.0228419 0.0161581
27 0.5197934 0.4186166 0.0228419 0.0161581
16 0.4708465 0.4870192 0.0228419 0.0150808
31 0.7155809 0.2807342 0.0228419 0.0161581
8 0.4218996 0.2807342 0.0228419 0.0161581
17 0.7155809 0.4186166 0.0228419 0.0161581
23 0.5197934 0.2807342 0.0228419 0.0161581
1 0.5687402 0.5559604 0.0228419 0.0150809
14 0.5687402 0.4870192 0.0228419 0.0150808
23 0.5687402 0.2807342 0.0228419 0.0161581
31 0.4708465 0.3496754 0.0228419 0.0161581
8 0.6176871 0.5559604 0.0228419 0.0150809
31 0.5687402 0.3496754 0.0228419 0.0161581
9 0.7155809 0.4870192 0.0228419 0.0150808
29 0.6176871 0.2807342 0.0228419 0.0161581
14 0.6666340 0.3496754 0.0228419 0.0161581
10 0.7155809 0.5559604 0.0228419 0.0150809
28 0.6666340 0.4870192 0.0228419 0.0150808
17 0.4708465 0.4186166 0.0228419 0.0161581
24 0.4218996 0.3496754 0.0228419 0.0161581
7 0.4708465 0.2807342 0.0228419 0.0161581
