17 0.4999782 0.6004154 0.0230757 0.0158415
16 0.5494260 0.3837260 0.0230757 0.0169731
32 0.4411902 0.4725517 0.3758034 0.4956134
33 0.5708534 0.2796246 0.0131861 0.0192361
18 0.5494260 0.6728339 0.0230757 0.0158415
25 0.4505304 0.5285628 0.0230756 0.0169731
30 0.3021869 0.5285628 0.0230757 0.0169731
31 0.5988738 0.5285628 0.0230756 0.0169731
19 0.3021869 0.4561444 0.0230757 0.0169730
18 0.4505304 0.6728339 0.0230756 0.0158415
13 0.3516347 0.4561444 0.0230756 0.0169730
5 0.3516347 0.6004154 0.0230756 0.0158415
6 0.4010826 0.4561444 0.0230757 0.0169730
10 0.5988738 0.4561444 0.0230756 0.0169730
9 0.4010826 0.6004154 0.0230757 0.0158415
4 0.4505304 0.3837260 0.0230756 0.0169731
27 0.4010826 0.3837260 0.0230757 0.0169731
3 0.4505304 0.6004154 0.0230756 0.0158415
24 0.5494260 0.4561444 0.0230757 0.0169730
26 0.4010826 0.5285628 0.0230757 0.0169731
10 0.5494260 0.6004154 0.0230757 0.0158415
3 0.3021869 0.3837260 0.0230757 0.0169731
17 0.3516347 0.3837260 0.0230756 0.0169731
30 0.3021869 0.6004154 0.0230757 0.0158415
17 0.4999782 0.3837260 0.0230757 0.0169731
3 0.3021869 0.6728339 0.0230757 0.0158415
21 0.4999782 0.6728339 0.0230757 0.0158415
21 0.3516347 0.6728339 0.0230756 0.0158415
13 0.5494260 0.5285628 0.0230757 0.0169731
12 0.4999782 0.4561444 0.0230757 0.0169730
7 0.3516347 0.5285628 0.0230756 0.0169731
28 0.5988738 0.6728339 0.0230756 0.0158415
18 0.4999782 0.5285628 0.0230757 0.0169731
28 0.4010826 0.6728339 0.0230757 0.0158415
11 0.5988738 0.3837260 0.0230756 0.0169731
30 0.5988738 0.6004154 0.0230756 0.0158415
18 0.4505304 0.4561444 0.0230756 0.0169730
