19 0.4970534 0.7397761 0.0250251 0.0160676
4 0.6739350 0.7397761 0.0238876 0.0160676
32 0.6136474 0.5592841 0.4106386 0.4091869
33 0.7996292 0.3712937 0.0113750 0.0160676
34 0.4970534 0.4607364 0.0500501 0.0471314
22 0.4970534 0.4612720 0.0250251 0.0160675
9 0.6739350 0.5732092 0.0238876 0.0149964
2 0.7336540 0.5732092 0.0250251 0.0149964
18 0.5550660 0.6289100 0.0250251 0.0149965
27 0.4379032 0.6835397 0.0250251 0.0149963
18 0.4970534 0.6289100 0.0250251 0.0149965
4 0.7916667 0.4612720 0.0250250 0.0160675
31 0.7916667 0.5732092 0.0250250 0.0149964
8 0.7916667 0.6835397 0.0250250 0.0149963
1 0.7336540 0.5169728 0.0250251 0.0160675
16 0.6147849 0.6835397 0.0238875 0.0149963
10 0.7336540 0.6289100 0.0250251 0.0149965
10 0.4379032 0.5732092 0.0250251 0.0149964
6 0.6739350 0.6289100 0.0238876 0.0149965
5 0.7916667 0.7397761 0.0250250 0.0160676
7 0.4970534 0.5169728 0.0250251 0.0160675
8 0.4379032 0.7397761 0.0250251 0.0160676
14 0.4379032 0.6289100 0.0250251 0.0149965
22 0.7916667 0.6289100 0.0250250 0.0149965
23 0.7336540 0.6835397 0.0250251 0.0149963
22 0.6739350 0.5169728 0.0238876 0.0160675
24 0.7916667 0.5169728 0.0250250 0.0160675
18 0.4970534 0.6835397 0.0250251 0.0149963
15 0.6147849 0.6289100 0.0238875 0.0149965
20 0.5550660 0.7397761 0.0250251 0.0160676
9 0.6739350 0.6835397 0.0238876 0.0149963
5 0.6147849 0.5732092 0.0238875 0.0149964
19 0.5550660 0.4612720 0.0250251 0.0160675
8 0.5550660 0.5732092 0.0250251 0.0149964
17 0.6147849 0.4612720 0.0238875 0.0160675
7 0.4970534 0.5732092 0.0250251 0.0149964
15 0.6739350 0.4612720 0.0238876 0.0160675
11 0.7336540 0.4612720 0.0250251 0.0160675
18 0.4379032 0.4612720 0.0250251 0.0160675
17 0.4379032 0.5169728 0.0250251 0.0160675
16 0.7336540 0.7397761 0.0250251 0.0160676
12 0.6147849 0.5169728 0.0238875 0.0160675
20 0.5550660 0.5169728 0.0250251 0.0160675
9 0.6147849 0.7397761 0.0238875 0.0160676
16 0.5550660 0.6835397 0.0250251 0.0149963
