10 0.4851096 0.2099725 0.0269713 0.0165940
3 0.5537639 0.4489268 0.0269713 0.0165940
32 0.3471881 0.3040054 0.4916135 0.4900774
33 0.4225852 0.0727951 0.0122597 0.0143815
1 0.1418383 0.3294496 0.0269713 0.0165940
20 0.4164553 0.4489268 0.0269714 0.0165940
16 0.2791468 0.2697111 0.0269713 0.0165940
13 0.2104926 0.2697111 0.0269713 0.0165940
14 0.4164553 0.2697111 0.0269714 0.0165940
9 0.4164553 0.3294496 0.0269714 0.0165940
14 0.2104926 0.2099725 0.0269713 0.0165940
29 0.2791468 0.2099725 0.0269713 0.0165940
24 0.3478011 0.2099725 0.0269714 0.0165940
2 0.4164553 0.3891882 0.0269714 0.0165940
12 0.2104926 0.4489268 0.0269713 0.0165940
2 0.1418383 0.3891882 0.0269713 0.0165940
3 0.3478011 0.4489268 0.0269714 0.0165940
6 0.2104926 0.3891882 0.0269713 0.0165940
20 0.2104926 0.3294496 0.0269713 0.0165940
3 0.3478011 0.2697111 0.0269714 0.0165940
27 0.5537639 0.2099725 0.0269713 0.0165940
16 0.5537639 0.2697111 0.0269713 0.0165940
13 0.4851096 0.3891882 0.0269713 0.0165940
27 0.1418383 0.2697111 0.0269713 0.0165940
10 0.5537639 0.3891882 0.0269713 0.0165940
25 0.4851096 0.3294496 0.0269713 0.0165940
16 0.4851096 0.2697111 0.0269713 0.0165940
25 0.2791468 0.3891882 0.0269713 0.0165940
5 0.5537639 0.3294496 0.0269713 0.0165940
18 0.2791468 0.3294496 0.0269713 0.0165940
18 0.1418383 0.2099725 0.0269713 0.0165940
28 0.2791468 0.4489268 0.0269713 0.0165940
18 0.4851096 0.4489268 0.0269713 0.0165940
3 0.4164553 0.2099725 0.0269714 0.0165940
14 0.1418383 0.4489268 0.0269713 0.0165940
18 0.3478011 0.3294496 0.0269714 0.0165940
15 0.3478011 0.3891882 0.0269714 0.0165940
