26 0.7205615 0.4963569 0.0245188 0.0158349
29 0.7205615 0.5466891 0.0245188 0.0169659
32 0.5678765 0.4149206 0.4212768 0.3777740
33 0.7417367 0.2718415 0.0089159 0.0147038
1 0.4586565 0.5466891 0.0245187 0.0169659
17 0.6146851 0.5466891 0.0245187 0.0169659
14 0.4051611 0.3481880 0.0245187 0.0158349
23 0.4586565 0.4963569 0.0245187 0.0158349
11 0.6146851 0.3968236 0.0245187 0.0158349
16 0.7205615 0.3968236 0.0245188 0.0158349
3 0.6670660 0.4465902 0.0245188 0.0158349
26 0.5628613 0.5466891 0.0234043 0.0169659
23 0.6670660 0.5466891 0.0245188 0.0169659
26 0.4586565 0.4465902 0.0245187 0.0158349
7 0.6146851 0.4963569 0.0245187 0.0158349
14 0.5104803 0.5466891 0.0234043 0.0169659
23 0.6670660 0.3968236 0.0245188 0.0158349
10 0.4051611 0.5466891 0.0245187 0.0169659
26 0.5628613 0.3968236 0.0234043 0.0158349
29 0.7205615 0.3481880 0.0245188 0.0158349
20 0.5628613 0.4963569 0.0234043 0.0158349
9 0.4586565 0.3968236 0.0245187 0.0158349
30 0.5104803 0.4963569 0.0234043 0.0158349
20 0.4051611 0.4465902 0.0245187 0.0158349
24 0.6670660 0.3481880 0.0245188 0.0158349
14 0.7205615 0.4465902 0.0245188 0.0158349
8 0.5104803 0.4465902 0.0234043 0.0158349
2 0.5104803 0.3968236 0.0234043 0.0158349
31 0.4051611 0.3968236 0.0245187 0.0158349
30 0.6146851 0.3481880 0.0245187 0.0158349
9 0.4051611 0.4963569 0.0245187 0.0158349
1 0.5628613 0.3481880 0.0234043 0.0158349
2 0.6146851 0.4465902 0.0245187 0.0158349
13 0.4586565 0.3481880 0.0245187 0.0158349
6 0.6670660 0.4963569 0.0245188 0.0158349
3 0.5104803 0.3481880 0.0234043 0.0158349
19 0.5628613 0.4465902 0.0234043 0.0158349
