30 0.6492289 0.6695538 0.0251609 0.0154621
24 0.5297151 0.7275368 0.0240171 0.0165666
32 0.5285715 0.5414392 0.4128659 0.4218949
33 0.7155619 0.3476105 0.0114367 0.0165665
14 0.3518740 0.4403832 0.0251608 0.0165665
34 0.7075562 0.4978139 0.0503216 0.0496996
21 0.7075563 0.4978139 0.0251608 0.0165666
22 0.4113450 0.5557969 0.0251608 0.0154621
11 0.4696723 0.5557969 0.0251608 0.0154621
4 0.6492289 0.5557969 0.0251609 0.0154621
1 0.5297151 0.6132276 0.0240171 0.0154621
13 0.7075563 0.5557969 0.0251608 0.0154621
15 0.5297151 0.4403832 0.0240171 0.0165665
5 0.5297151 0.4978139 0.0240171 0.0165666
8 0.7075563 0.4403832 0.0251608 0.0165665
5 0.4113450 0.6132276 0.0251608 0.0154621
7 0.6492289 0.4978139 0.0251609 0.0165666
30 0.6492289 0.4403832 0.0251609 0.0165665
10 0.3518740 0.5557969 0.0251608 0.0154621
15 0.4696723 0.6132276 0.0251608 0.0154621
1 0.7075563 0.7275368 0.0251608 0.0165666
8 0.3518740 0.6132276 0.0251608 0.0154621
2 0.4696723 0.7275368 0.0251608 0.0165666
19 0.4113450 0.6695538 0.0251608 0.0154621
19 0.4696723 0.4403832 0.0251608 0.0165665
6 0.3518740 0.4978139 0.0251608 0.0165666
14 0.5891861 0.6695538 0.0240171 0.0154621
17 0.7075563 0.6695538 0.0251608 0.0154621
27 0.3518740 0.7275368 0.0251608 0.0165666
25 0.4113450 0.7275368 0.0251608 0.0165666
11 0.5891861 0.4403832 0.0240171 0.0165665
17 0.7075563 0.6132276 0.0251608 0.0154621
3 0.5891861 0.7275368 0.0240171 0.0165666
29 0.6492289 0.7275368 0.0251609 0.0165666
15 0.4113450 0.4403832 0.0251608 0.0165665
14 0.5891861 0.6132276 0.0240171 0.0154621
21 0.6492289 0.6132276 0.0251609 0.0154621
3 0.3518740 0.6695538 0.0251608 0.0154621
21 0.4696723 0.6695538 0.0251608 0.0154621
30 0.4113450 0.4978139 0.0251608 0.0165666
28 0.5297151 0.5557969 0.0240171 0.0154621
23 0.5891861 0.4978139 0.0240171 0.0165666
5 0.4696723 0.4978139 0.0251608 0.0165666
14 0.5297151 0.6695538 0.0240171 0.0154621
26 0.5891861 0.5557969 0.0240171 0.0154621
