6 0.2726013 0.5562614 0.0283531 0.0163053
24 0.0560867 0.2627650 0.0283531 0.0163054
32 0.2719569 0.3932078 0.5167996 0.4728553
33 0.3518611 0.1687374 0.0115990 0.0130443
17 0.3447728 0.2627650 0.0283531 0.0163054
16 0.4891158 0.3801636 0.0283531 0.0163054
29 0.3447728 0.4388628 0.0283531 0.0163054
25 0.1282582 0.4975621 0.0283531 0.0163053
34 0.4891158 0.4981056 0.0670164 0.0586993
25 0.4891158 0.4975621 0.0283531 0.0163053
1 0.2004298 0.4975621 0.0283531 0.0163053
19 0.4891158 0.2627650 0.0283531 0.0163054
19 0.2726013 0.3801636 0.0283531 0.0163054
21 0.2726013 0.2627650 0.0283531 0.0163054
13 0.1282582 0.4388628 0.0283531 0.0163054
16 0.4891158 0.3214642 0.0283531 0.0163054
13 0.2004298 0.4388628 0.0283531 0.0163054
18 0.0560867 0.4975621 0.0283531 0.0163053
15 0.1282582 0.5562614 0.0283531 0.0163053
3 0.2726013 0.3214642 0.0283531 0.0163054
23 0.1282582 0.3801636 0.0283531 0.0163054
5 0.4169443 0.3214642 0.0283531 0.0163054
1 0.2726013 0.4975621 0.0283531 0.0163053
14 0.4169443 0.4388628 0.0283531 0.0163054
20 0.2004298 0.3801636 0.0283531 0.0163054
1 0.4169443 0.5562614 0.0283531 0.0163053
25 0.1282582 0.2627650 0.0283531 0.0163054
7 0.4169443 0.3801636 0.0283531 0.0163054
13 0.0560867 0.5562614 0.0283531 0.0163053
5 0.4169443 0.4975621 0.0283531 0.0163053
18 0.2004298 0.2627650 0.0283531 0.0163054
7 0.4891158 0.4388628 0.0283531 0.0163054
25 0.2004298 0.3214642 0.0283531 0.0163054
16 0.2726013 0.4388628 0.0283531 0.0163054
20 0.0560867 0.3801636 0.0283531 0.0163054
17 0.0560867 0.3214642 0.0283531 0.0163054
3 0.0560867 0.4388628 0.0283531 0.0163054
29 0.3447728 0.3214642 0.0283531 0.0163054
25 0.4891158 0.5562614 0.0283531 0.0163053
7 0.4169443 0.2627650 0.0283531 0.0163054
24 0.3447728 0.3801636 0.0283531 0.0163054
30 0.3447728 0.4975621 0.0283531 0.0163053
28 0.1282582 0.3214642 0.0283531 0.0163054
26 0.3447728 0.5562614 0.0283531 0.0163053
19 0.2004298 0.5562614 0.0283531 0.0163053
