20 0.5274949 0.5838425 0.0270317 0.0163229
29 0.5274949 0.6426048 0.0270317 0.0163229
32 0.3892647 0.4793759 0.4927141 0.4733640
33 0.4654449 0.2546640 0.0110584 0.0130583
34 0.1834551 0.3493368 0.0638931 0.0587624
29 0.1834551 0.3487927 0.0270317 0.0163229
25 0.1834551 0.4075551 0.0270317 0.0163229
28 0.5963029 0.4663176 0.0270317 0.0163229
30 0.5274949 0.5250800 0.0270317 0.0163229
15 0.4586870 0.6426048 0.0270317 0.0163229
29 0.3898790 0.4663176 0.0270317 0.0163229
20 0.5963029 0.6426048 0.0270317 0.0163229
23 0.2522631 0.5250800 0.0270317 0.0163229
23 0.4586870 0.3487927 0.0270317 0.0163229
2 0.4586870 0.5838425 0.0270317 0.0163229
31 0.2522631 0.4663176 0.0270317 0.0163229
24 0.1834551 0.5838425 0.0270317 0.0163229
15 0.5963029 0.5250800 0.0270317 0.0163229
16 0.3210711 0.5838425 0.0270317 0.0163229
5 0.4586870 0.4663176 0.0270317 0.0163229
2 0.5963029 0.5838425 0.0270317 0.0163229
21 0.5274949 0.4663176 0.0270317 0.0163229
2 0.1834551 0.5250800 0.0270317 0.0163229
5 0.2522631 0.4075551 0.0270317 0.0163229
26 0.3210711 0.4075551 0.0270317 0.0163229
29 0.3898790 0.5838425 0.0270317 0.0163229
23 0.3210711 0.5250800 0.0270317 0.0163229
30 0.3210711 0.6426048 0.0270317 0.0163229
29 0.3210711 0.4663176 0.0270317 0.0163229
17 0.1834551 0.4663176 0.0270317 0.0163229
31 0.2522631 0.3487927 0.0270317 0.0163229
2 0.5963029 0.3487927 0.0270317 0.0163229
20 0.1834551 0.6426048 0.0270317 0.0163229
16 0.3898790 0.4075551 0.0270317 0.0163229
6 0.2522631 0.5838425 0.0270317 0.0163229
17 0.5274949 0.3487927 0.0270317 0.0163229
5 0.3898790 0.5250800 0.0270317 0.0163229
20 0.3898790 0.6426048 0.0270317 0.0163229
1 0.3210711 0.3487927 0.0270317 0.0163229
25 0.3898790 0.3487927 0.0270317 0.0163229
1 0.4586870 0.5250800 0.0270317 0.0163229
17 0.2522631 0.6426048 0.0270317 0.0163229
25 0.5274949 0.4075551 0.0270317 0.0163229
16 0.4586870 0.4075551 0.0270317 0.0163229
21 0.5963029 0.4075551 0.0270317 0.0163229
