24 0.5128629 0.4371467 0.0270825 0.0165109
16 0.4439256 0.5560249 0.0270825 0.0165109
32 0.5811848 0.5097945 0.4936408 0.4788147
33 0.6575083 0.2824952 0.0110793 0.0132087
6 0.6507377 0.4371467 0.0270825 0.0165109
29 0.7196750 0.4371467 0.0270826 0.0165109
15 0.5818003 0.5560249 0.0270825 0.0165109
34 0.6507377 0.6160143 0.0640133 0.0594391
1 0.6507377 0.6154639 0.0270825 0.0165108
30 0.7886124 0.6154639 0.0270826 0.0165108
21 0.7886124 0.3777077 0.0270826 0.0165109
6 0.5818003 0.4965858 0.0270825 0.0165108
19 0.4439256 0.6154639 0.0270825 0.0165108
14 0.5128629 0.5560249 0.0270825 0.0165109
5 0.6507377 0.3777077 0.0270825 0.0165109
17 0.7196750 0.5560249 0.0270826 0.0165109
7 0.7196750 0.6749030 0.0270826 0.0165108
19 0.7196750 0.4965858 0.0270826 0.0165108
3 0.4439256 0.4965858 0.0270825 0.0165108
3 0.5818003 0.4371467 0.0270825 0.0165109
16 0.4439256 0.6749030 0.0270825 0.0165108
19 0.7886124 0.5560249 0.0270826 0.0165109
1 0.3749882 0.5560249 0.0270826 0.0165109
4 0.3749882 0.6749030 0.0270826 0.0165108
25 0.6507377 0.6749030 0.0270825 0.0165108
6 0.7886124 0.4371467 0.0270826 0.0165109
31 0.5128629 0.3777077 0.0270825 0.0165109
31 0.7196750 0.6154639 0.0270826 0.0165108
17 0.7196750 0.3777077 0.0270826 0.0165109
16 0.5818003 0.6154639 0.0270825 0.0165108
24 0.6507377 0.4965858 0.0270825 0.0165108
24 0.5818003 0.6749030 0.0270825 0.0165108
23 0.7886124 0.4965858 0.0270826 0.0165108
30 0.3749882 0.4965858 0.0270826 0.0165108
19 0.6507377 0.5560249 0.0270825 0.0165109
5 0.3749882 0.6154639 0.0270826 0.0165108
5 0.5128629 0.6749030 0.0270825 0.0165108
13 0.4439256 0.3777077 0.0270825 0.0165109
25 0.3749882 0.3777077 0.0270826 0.0165109
31 0.5128629 0.6154639 0.0270825 0.0165108
31 0.5818003 0.3777077 0.0270825 0.0165109
29 0.4439256 0.4371467 0.0270825 0.0165109
29 0.5128629 0.4965858 0.0270825 0.0165108
26 0.7886124 0.6749030 0.0270826 0.0165108
28 0.3749882 0.4371467 0.0270826 0.0165109
