15 0.6442156 0.3493676 0.0243488 0.0160460
10 0.5398635 0.6226853 0.0243488 0.0149763
32 0.5821840 0.4333420 0.3965380 0.4685447
33 0.7190013 0.2509519 0.0139137 0.0181855
9 0.6963917 0.5542222 0.0243488 0.0149763
11 0.5398635 0.5542222 0.0243488 0.0149763
14 0.5920395 0.5542222 0.0243488 0.0149763
10 0.4355114 0.3493676 0.0243488 0.0160460
16 0.5920395 0.4178308 0.0243488 0.0160461
29 0.6442156 0.5542222 0.0243488 0.0149763
25 0.6963917 0.4862939 0.0243488 0.0160460
12 0.6442156 0.4178308 0.0243488 0.0160461
1 0.5398635 0.3493676 0.0243488 0.0160460
6 0.7485677 0.4178308 0.0243489 0.0160461
4 0.4355114 0.4178308 0.0243488 0.0160461
24 0.5398635 0.4862939 0.0243488 0.0160460
1 0.4355114 0.6226853 0.0243488 0.0149763
6 0.4355114 0.4862939 0.0243488 0.0160460
30 0.7485677 0.6226853 0.0243489 0.0149763
22 0.6442156 0.6226853 0.0243488 0.0149763
30 0.7485677 0.5542222 0.0243489 0.0149763
26 0.4876874 0.6226853 0.0243488 0.0149763
4 0.6963917 0.6226853 0.0243488 0.0149763
26 0.4876874 0.4862939 0.0243488 0.0160460
31 0.4355114 0.5542222 0.0243488 0.0149763
21 0.7485677 0.3493676 0.0243489 0.0160460
2 0.5398635 0.4178308 0.0243488 0.0160461
6 0.7485677 0.4862939 0.0243489 0.0160460
2 0.5920395 0.3493676 0.0243488 0.0160460
24 0.5920395 0.6226853 0.0243488 0.0149763
6 0.5920395 0.4862939 0.0243488 0.0160460
25 0.4876874 0.5542222 0.0243488 0.0149763
7 0.6963917 0.4178308 0.0243488 0.0160461
31 0.6963917 0.3493676 0.0243488 0.0160460
10 0.4876874 0.4178308 0.0243488 0.0160461
13 0.6442156 0.4862939 0.0243488 0.0160460
6 0.4876874 0.3493676 0.0243488 0.0160460
