27 0.4458298 0.6305973 0.0284749 0.0174783
6 0.3733482 0.5047536 0.0284750 0.0174783
32 0.3727010 0.5408754 0.5190203 0.5161927
33 0.4523014 0.2973443 0.0129432 0.0151478
15 0.3008665 0.5676755 0.0284749 0.0174783
24 0.4458298 0.5676755 0.0284749 0.0174783
34 0.2283849 0.6311800 0.0673044 0.0629218
28 0.2283849 0.6305973 0.0284749 0.0174783
18 0.1559033 0.6935193 0.0284749 0.0174783
27 0.5907931 0.6935193 0.0284749 0.0174783
29 0.4458298 0.4418317 0.0284749 0.0174783
20 0.2283849 0.7564412 0.0284749 0.0174783
21 0.3008665 0.7564412 0.0284749 0.0174783
26 0.3733482 0.4418317 0.0284750 0.0174783
1 0.5183115 0.7564412 0.0284750 0.0174783
12 0.1559033 0.4418317 0.0284749 0.0174783
16 0.5907931 0.4418317 0.0284749 0.0174783
4 0.5907931 0.5047536 0.0284749 0.0174783
2 0.5907931 0.6305973 0.0284749 0.0174783
16 0.5183115 0.4418317 0.0284750 0.0174783
19 0.1559033 0.7564412 0.0284749 0.0174783
17 0.3008665 0.5047536 0.0284749 0.0174783
10 0.5183115 0.5047536 0.0284750 0.0174783
14 0.5183115 0.5676755 0.0284750 0.0174783
26 0.5907931 0.7564412 0.0284749 0.0174783
20 0.3008665 0.6935193 0.0284749 0.0174783
20 0.4458298 0.7564412 0.0284749 0.0174783
28 0.5183115 0.6305973 0.0284750 0.0174783
1 0.1559033 0.5676755 0.0284749 0.0174783
27 0.4458298 0.5047536 0.0284749 0.0174783
22 0.3733482 0.6935193 0.0284750 0.0174783
10 0.5183115 0.6935193 0.0284750 0.0174783
25 0.1559033 0.6305973 0.0284749 0.0174783
26 0.2283849 0.6935193 0.0284749 0.0174783
26 0.2283849 0.5047536 0.0284749 0.0174783
13 0.3008665 0.6305973 0.0284749 0.0174783
21 0.3733482 0.6305973 0.0284750 0.0174783
13 0.1559033 0.5047536 0.0284749 0.0174783
1 0.4458298 0.6935193 0.0284749 0.0174783
13 0.3733482 0.7564412 0.0284750 0.0174783
17 0.2283849 0.4418317 0.0284749 0.0174783
23 0.3008665 0.4418317 0.0284749 0.0174783
22 0.5907931 0.5676755 0.0284749 0.0174783
11 0.2283849 0.5676755 0.0284749 0.0174783
28 0.3733482 0.5676755 0.0284750 0.0174783
