16 0.7750325 0.5538369 0.0282969 0.0159278
5 0.5589471 0.4964967 0.0282969 0.0159278
32 0.5583041 0.5092390 0.5157752 0.4619071
33 0.6380498 0.2899659 0.0115760 0.0127423
34 0.4148902 0.3823473 0.0668836 0.0573402
12 0.4148903 0.3818163 0.0282969 0.0159278
27 0.4148903 0.4391566 0.0282969 0.0159278
15 0.3428618 0.4964967 0.0282969 0.0159278
2 0.3428618 0.6685173 0.0282969 0.0159279
12 0.5589471 0.6685173 0.0282969 0.0159279
25 0.5589471 0.5538369 0.0282969 0.0159278
16 0.5589471 0.6111771 0.0282969 0.0159279
24 0.4869187 0.5538369 0.0282969 0.0159278
28 0.7750325 0.6111771 0.0282969 0.0159279
17 0.7030040 0.5538369 0.0282969 0.0159278
23 0.5589471 0.3818163 0.0282969 0.0159278
4 0.7750325 0.4391566 0.0282969 0.0159278
4 0.6309756 0.6685173 0.0282969 0.0159279
3 0.7030040 0.4391566 0.0282969 0.0159278
23 0.4148903 0.6111771 0.0282969 0.0159279
21 0.7030040 0.4964967 0.0282969 0.0159278
3 0.7750325 0.6685173 0.0282969 0.0159279
25 0.6309756 0.5538369 0.0282969 0.0159278
30 0.3428618 0.3818163 0.0282969 0.0159278
29 0.7030040 0.6111771 0.0282969 0.0159279
24 0.4869187 0.4964967 0.0282969 0.0159278
6 0.7030040 0.3818163 0.0282969 0.0159278
18 0.3428618 0.6111771 0.0282969 0.0159279
17 0.4148903 0.5538369 0.0282969 0.0159278
19 0.7030040 0.6685173 0.0282969 0.0159279
21 0.4869187 0.6685173 0.0282969 0.0159279
25 0.6309756 0.4964967 0.0282969 0.0159278
29 0.4148903 0.4964967 0.0282969 0.0159278
5 0.6309756 0.6111771 0.0282969 0.0159279
24 0.6309756 0.3818163 0.0282969 0.0159278
27 0.6309756 0.4391566 0.0282969 0.0159278
25 0.7750325 0.3818163 0.0282969 0.0159278
14 0.7750325 0.4964967 0.0282969 0.0159278
21 0.5589471 0.4391566 0.0282969 0.0159278
13 0.4148903 0.6685173 0.0282969 0.0159279
18 0.4869187 0.4391566 0.0282969 0.0159278
5 0.4869187 0.3818163 0.0282969 0.0159278
1 0.3428618 0.5538369 0.0282969 0.0159278
3 0.4869187 0.6111771 0.0282969 0.0159279
17 0.3428618 0.4391566 0.0282969 0.0159278
