4 0.2385828 0.6447686 0.0276600 0.0160856
13 0.5202123 0.5284161 0.0276601 0.0150133
32 0.3800262 0.5814986 0.5091961 0.4729169
33 0.4548340 0.3713133 0.0100582 0.0117961
17 0.3089902 0.6447686 0.0276600 0.0160856
2 0.3793976 0.5284161 0.0276601 0.0150133
15 0.3793976 0.5868605 0.0276601 0.0160856
22 0.5906197 0.4710441 0.0276600 0.0160856
7 0.5202123 0.5868605 0.0276601 0.0160856
18 0.2385828 0.5284161 0.0276600 0.0150133
25 0.2385828 0.4710441 0.0276600 0.0160856
14 0.2385828 0.5868605 0.0276600 0.0160856
30 0.3089902 0.4710441 0.0276600 0.0160856
1 0.1681755 0.5284161 0.0276600 0.0150133
19 0.4498049 0.5868605 0.0276600 0.0160856
18 0.3089902 0.5284161 0.0276600 0.0150133
9 0.3793976 0.4710441 0.0276601 0.0160856
22 0.5906197 0.5868605 0.0276600 0.0160856
20 0.1681755 0.4710441 0.0276600 0.0160856
21 0.1681755 0.5868605 0.0276600 0.0160856
12 0.5906197 0.7026769 0.0276600 0.0160856
30 0.1681755 0.6447686 0.0276600 0.0160856
5 0.3793976 0.6447686 0.0276601 0.0160856
26 0.4498049 0.7026769 0.0276600 0.0160856
25 0.3089902 0.5868605 0.0276600 0.0160856
2 0.5906197 0.6447686 0.0276600 0.0160856
20 0.4498049 0.6447686 0.0276600 0.0160856
31 0.5202123 0.7026769 0.0276601 0.0160856
26 0.3793976 0.7026769 0.0276601 0.0160856
21 0.2385828 0.7026769 0.0276600 0.0160856
18 0.3089902 0.7026769 0.0276600 0.0160856
8 0.4498049 0.4710441 0.0276600 0.0160856
25 0.5202123 0.4710441 0.0276601 0.0160856
14 0.5906197 0.5284161 0.0276600 0.0150133
15 0.5202123 0.6447686 0.0276601 0.0160856
4 0.4498049 0.5284161 0.0276600 0.0150133
9 0.1681755 0.7026769 0.0276600 0.0160856
