24 0.4873602 0.4182187 0.0281965 0.0163278
25 0.2002686 0.5357787 0.0281965 0.0163278
32 0.2714006 0.4312809 0.5139454 0.4735058
33 0.3508635 0.2065018 0.0115349 0.0130622
30 0.2720415 0.4182187 0.0281965 0.0163278
29 0.1284956 0.5357787 0.0281965 0.0163278
16 0.2002686 0.3594386 0.0281965 0.0163278
17 0.4873602 0.5357787 0.0281965 0.0163278
24 0.4873602 0.4769987 0.0281965 0.0163278
26 0.2720415 0.5357787 0.0281965 0.0163278
29 0.3438144 0.4182187 0.0281965 0.0163278
14 0.3438144 0.3594386 0.0281965 0.0163278
5 0.2720415 0.3594386 0.0281965 0.0163278
28 0.2002686 0.4182187 0.0281965 0.0163278
18 0.0567227 0.5357787 0.0281965 0.0163278
17 0.4155873 0.3006586 0.0281965 0.0163278
5 0.3438144 0.4769987 0.0281965 0.0163278
17 0.4155873 0.4182187 0.0281965 0.0163278
23 0.4155873 0.3594386 0.0281965 0.0163278
15 0.1284956 0.4182187 0.0281965 0.0163278
30 0.0567227 0.4769987 0.0281965 0.0163278
20 0.4155873 0.4769987 0.0281965 0.0163278
16 0.4873602 0.3006586 0.0281965 0.0163278
20 0.4155873 0.5357787 0.0281965 0.0163278
26 0.0567227 0.4182187 0.0281965 0.0163278
31 0.4873602 0.3594386 0.0281965 0.0163278
13 0.1284956 0.3594386 0.0281965 0.0163278
19 0.1284956 0.4769987 0.0281965 0.0163278
19 0.3438144 0.5357787 0.0281965 0.0163278
6 0.0567227 0.3006586 0.0281965 0.0163278
14 0.2002686 0.4769987 0.0281965 0.0163278
18 0.0567227 0.3594386 0.0281965 0.0163278
16 0.2720415 0.3006586 0.0281965 0.0163278
30 0.1284956 0.3006586 0.0281965 0.0163278
3 0.2720415 0.4769987 0.0281965 0.0163278
20 0.3438144 0.3006586 0.0281965 0.0163278
6 0.2002686 0.3006586 0.0281965 0.0163278
