17 0.2584650 0.6261334 0.0281444 0.0174144
26 0.4017456 0.3753656 0.0281444 0.0174144
32 0.2578254 0.4740474 0.5129957 0.5143062
33 0.3365018 0.2314064 0.0127929 0.0150925
8 0.2584650 0.3753656 0.0281444 0.0174144
2 0.3301054 0.3753656 0.0281444 0.0174144
15 0.0435441 0.4380576 0.0281444 0.0174144
34 0.0435442 0.5640219 0.0665231 0.0626919
22 0.0435441 0.5634415 0.0281444 0.0174145
21 0.1151845 0.6261334 0.0281444 0.0174144
19 0.4733859 0.3753656 0.0281444 0.0174144
21 0.0435441 0.6888253 0.0281444 0.0174144
20 0.4733859 0.4380576 0.0281444 0.0174144
19 0.1151845 0.3753656 0.0281444 0.0174144
16 0.1151845 0.4380576 0.0281444 0.0174144
3 0.3301054 0.5007495 0.0281444 0.0174144
18 0.4733859 0.5634415 0.0281444 0.0174145
31 0.3301054 0.4380576 0.0281444 0.0174144
11 0.2584650 0.5634415 0.0281444 0.0174145
2 0.3301054 0.5634415 0.0281444 0.0174145
7 0.1868248 0.4380576 0.0281444 0.0174144
13 0.2584650 0.6888253 0.0281444 0.0174144
27 0.1868248 0.5634415 0.0281444 0.0174145
21 0.4733859 0.6261334 0.0281444 0.0174144
4 0.1151845 0.5634415 0.0281444 0.0174145
6 0.4017456 0.6888253 0.0281444 0.0174144
28 0.1151845 0.6888253 0.0281444 0.0174144
21 0.0435441 0.5007495 0.0281444 0.0174144
7 0.4017456 0.5634415 0.0281444 0.0174145
15 0.4017456 0.4380576 0.0281444 0.0174144
11 0.2584650 0.5007495 0.0281444 0.0174144
14 0.1151845 0.5007495 0.0281444 0.0174144
26 0.2584650 0.4380576 0.0281444 0.0174144
20 0.1868248 0.5007495 0.0281444 0.0174144
24 0.1868248 0.6261334 0.0281444 0.0174144
24 0.4017456 0.5007495 0.0281444 0.0174144
22 0.4733859 0.5007495 0.0281444 0.0174144
11 0.3301054 0.6888253 0.0281444 0.0174144
24 0.0435441 0.6261334 0.0281444 0.0174144
28 0.3301054 0.6261334 0.0281444 0.0174144
30 0.0435441 0.3753656 0.0281444 0.0174144
10 0.4017456 0.6261334 0.0281444 0.0174144
28 0.1868248 0.6888253 0.0281444 0.0174144
8 0.4733859 0.6888253 0.0281444 0.0174144
23 0.1868248 0.3753656 0.0281444 0.0174144
