7 0.4919855 0.5111826 0.0266347 0.0168436
17 0.5597830 0.7537302 0.0266348 0.0168435
32 0.4235826 0.5459927 0.4854785 0.4974471
33 0.4980388 0.3113054 0.0121067 0.0145977
12 0.2207955 0.4505457 0.0266347 0.0168436
20 0.2207955 0.5111826 0.0266347 0.0168436
34 0.4241880 0.6330178 0.0629548 0.0606369
30 0.4241880 0.6324564 0.0266347 0.0168437
31 0.6275805 0.6324564 0.0266347 0.0168437
19 0.4919855 0.7537302 0.0266347 0.0168435
19 0.5597830 0.5111826 0.0266348 0.0168436
11 0.6275805 0.6930933 0.0266347 0.0168437
3 0.4919855 0.6324564 0.0266347 0.0168437
29 0.4241880 0.5111826 0.0266347 0.0168436
17 0.3563905 0.6324564 0.0266348 0.0168437
22 0.5597830 0.6324564 0.0266348 0.0168437
18 0.3563905 0.6930933 0.0266348 0.0168437
30 0.2207955 0.6324564 0.0266347 0.0168437
22 0.6275805 0.5718195 0.0266347 0.0168436
22 0.3563905 0.5111826 0.0266348 0.0168436
21 0.3563905 0.4505457 0.0266348 0.0168436
6 0.2207955 0.6930933 0.0266347 0.0168437
9 0.2885930 0.7537302 0.0266348 0.0168435
27 0.2207955 0.7537302 0.0266347 0.0168435
15 0.2207955 0.5718195 0.0266347 0.0168436
12 0.2885930 0.6324564 0.0266348 0.0168437
30 0.6275805 0.7537302 0.0266347 0.0168435
15 0.4919855 0.6930933 0.0266347 0.0168437
16 0.4241880 0.6930933 0.0266347 0.0168437
5 0.6275805 0.4505457 0.0266347 0.0168436
10 0.2885930 0.5718195 0.0266348 0.0168436
21 0.5597830 0.5718195 0.0266348 0.0168436
10 0.2885930 0.6930933 0.0266348 0.0168437
26 0.5597830 0.4505457 0.0266348 0.0168436
19 0.3563905 0.5718195 0.0266348 0.0168436
31 0.2885930 0.5111826 0.0266348 0.0168436
9 0.2885930 0.4505457 0.0266348 0.0168436
5 0.4241880 0.4505457 0.0266347 0.0168436
6 0.4919855 0.4505457 0.0266347 0.0168436
19 0.3563905 0.7537302 0.0266348 0.0168435
10 0.4919855 0.5718195 0.0266347 0.0168436
21 0.6275805 0.5111826 0.0266347 0.0168436
6 0.4241880 0.7537302 0.0266347 0.0168435
3 0.4241880 0.5718195 0.0266347 0.0168436
4 0.5597830 0.6930933 0.0266348 0.0168437
