21 0.2773576 0.4917725 0.0287928 0.0164444
17 0.4239390 0.4325729 0.0287928 0.0164444
32 0.2780120 0.3678919 0.5300488 0.4834630
33 0.3558833 0.1530194 0.0104701 0.0120592
30 0.2773576 0.2549742 0.0287928 0.0164443
26 0.4972297 0.2549742 0.0287928 0.0164443
10 0.2773576 0.3733733 0.0287928 0.0164444
18 0.1307762 0.3136256 0.0287928 0.0153480
21 0.0574855 0.2549742 0.0287928 0.0164443
19 0.2040669 0.4325729 0.0287928 0.0164444
3 0.2040669 0.3733733 0.0287928 0.0164444
20 0.4239390 0.3733733 0.0287928 0.0164444
24 0.2773576 0.4325729 0.0287928 0.0164444
29 0.1307762 0.2549742 0.0287928 0.0164443
4 0.4972297 0.3136256 0.0287928 0.0153480
2 0.0574855 0.3136256 0.0287928 0.0153480
17 0.3506483 0.4325729 0.0287928 0.0164444
9 0.3506483 0.3136256 0.0287928 0.0153480
2 0.2040669 0.4917725 0.0287928 0.0164444
8 0.4972297 0.4917725 0.0287928 0.0164444
16 0.1307762 0.4917725 0.0287928 0.0164444
6 0.4972297 0.4325729 0.0287928 0.0164444
4 0.4972297 0.3733733 0.0287928 0.0164444
20 0.3506483 0.2549742 0.0287928 0.0164443
6 0.2040669 0.3136256 0.0287928 0.0153480
8 0.0574855 0.3733733 0.0287928 0.0164444
20 0.1307762 0.4325729 0.0287928 0.0164444
13 0.2773576 0.3136256 0.0287928 0.0153480
7 0.4239390 0.4917725 0.0287928 0.0164444
24 0.4239390 0.2549742 0.0287928 0.0164443
25 0.3506483 0.3733733 0.0287928 0.0164444
11 0.2040669 0.2549742 0.0287928 0.0164443
9 0.1307762 0.3733733 0.0287928 0.0164444
19 0.3506483 0.4917725 0.0287928 0.0164444
2 0.4239390 0.3136256 0.0287928 0.0153480
4 0.0574855 0.4325729 0.0287928 0.0164444
25 0.0574855 0.4917725 0.0287928 0.0164444
