6 0.5001176 0.3395087 0.0233529 0.0159341
15 0.4484076 0.2894301 0.0244649 0.0159341
32 0.5573878 0.3076405 0.4203520 0.3801417
33 0.7308664 0.1636647 0.0088963 0.0147959
29 0.5523836 0.2894301 0.0233529 0.0159341
16 0.3950296 0.4402348 0.0244649 0.0170722
29 0.6563595 0.2404897 0.0244649 0.0159341
11 0.7097375 0.2404897 0.0244649 0.0159341
11 0.7097375 0.2894301 0.0244649 0.0159341
11 0.6040935 0.2894301 0.0244649 0.0159341
17 0.3950296 0.2404897 0.0244649 0.0159341
7 0.4484076 0.4402348 0.0244649 0.0170722
26 0.5001176 0.3895872 0.0233529 0.0159341
22 0.5001176 0.2404897 0.0233529 0.0159341
28 0.6563595 0.3395087 0.0244649 0.0159341
15 0.4484076 0.2404897 0.0244649 0.0159341
1 0.7097375 0.4402348 0.0244649 0.0170722
6 0.5001176 0.4402348 0.0233529 0.0170722
2 0.5523836 0.3895872 0.0233529 0.0159341
27 0.5523836 0.3395087 0.0233529 0.0159341
10 0.6563595 0.2894301 0.0244649 0.0159341
27 0.7097375 0.3895872 0.0244649 0.0159341
27 0.4484076 0.3395087 0.0244649 0.0159341
28 0.3950296 0.3395087 0.0244649 0.0159341
10 0.3950296 0.2894301 0.0244649 0.0159341
26 0.4484076 0.3895872 0.0244649 0.0159341
25 0.6563595 0.3895872 0.0244649 0.0159341
5 0.5001176 0.2894301 0.0233529 0.0159341
12 0.3950296 0.3895872 0.0244649 0.0159341
12 0.6563595 0.4402348 0.0244649 0.0170722
13 0.5523836 0.2404897 0.0233529 0.0159341
8 0.6040935 0.3395087 0.0244649 0.0159341
16 0.7097375 0.3395087 0.0244649 0.0159341
12 0.5523836 0.4402348 0.0233529 0.0170722
7 0.6040935 0.2404897 0.0244649 0.0159341
5 0.6040935 0.4402348 0.0244649 0.0170722
22 0.6040935 0.3895872 0.0244649 0.0159341
