7 0.2926531 0.5479142 0.0264590 0.0164799
22 0.6294044 0.4292587 0.0264590 0.0164799
32 0.4947039 0.5166023 0.4858841 0.4878062
33 0.5686689 0.2842352 0.0108241 0.0142826
29 0.4273537 0.4885865 0.0264590 0.0164800
29 0.6294044 0.3699309 0.0264590 0.0164799
24 0.5620541 0.3699309 0.0264590 0.0164799
18 0.4273537 0.4292587 0.0264590 0.0164799
8 0.2926531 0.4885865 0.0264590 0.0164800
9 0.3600034 0.6072420 0.0264590 0.0164800
5 0.4947039 0.6072420 0.0264590 0.0164800
14 0.5620541 0.4885865 0.0264590 0.0164800
4 0.2926531 0.6072420 0.0264590 0.0164800
14 0.4947039 0.4885865 0.0264590 0.0164800
16 0.4947039 0.3699309 0.0264590 0.0164799
26 0.4273537 0.6072420 0.0264590 0.0164800
23 0.6967547 0.5479142 0.0264590 0.0164799
26 0.4273537 0.3699309 0.0264590 0.0164799
3 0.6294044 0.5479142 0.0264590 0.0164799
15 0.6967547 0.3699309 0.0264590 0.0164799
21 0.3600034 0.3699309 0.0264590 0.0164799
2 0.5620541 0.5479142 0.0264590 0.0164799
28 0.4273537 0.5479142 0.0264590 0.0164799
2 0.6967547 0.4292587 0.0264590 0.0164799
20 0.4947039 0.4292587 0.0264590 0.0164799
31 0.3600034 0.4885865 0.0264590 0.0164800
27 0.3600034 0.4292587 0.0264590 0.0164799
13 0.2926531 0.4292587 0.0264590 0.0164799
15 0.6294044 0.4885865 0.0264590 0.0164800
16 0.4947039 0.5479142 0.0264590 0.0164799
3 0.5620541 0.4292587 0.0264590 0.0164799
11 0.5620541 0.6072420 0.0264590 0.0164800
26 0.3600034 0.5479142 0.0264590 0.0164799
5 0.6967547 0.6072420 0.0264590 0.0164800
28 0.2926531 0.3699309 0.0264590 0.0164799
22 0.6294044 0.6072420 0.0264590 0.0164800
11 0.6967547 0.4885865 0.0264590 0.0164800
