7 0.4535524 0.4171810 0.0244723 0.0163131
12 0.5102837 0.2954154 0.0244723 0.0174783
32 0.5675711 0.3414417 0.4015683 0.4451146
33 0.7494449 0.1369452 0.0111237 0.0174783
25 0.7416583 0.2348239 0.0244724 0.0174783
34 0.6270834 0.2954154 0.0489446 0.0524349
20 0.6265272 0.2954154 0.0233600 0.0174783
16 0.6849270 0.3565895 0.0244722 0.0163131
7 0.3957088 0.4171810 0.0244723 0.0163131
20 0.6265272 0.4171810 0.0233600 0.0163131
5 0.5686835 0.5377814 0.0233599 0.0174783
20 0.3957088 0.2348239 0.0244723 0.0174783
5 0.4535524 0.2348239 0.0244723 0.0174783
23 0.4535524 0.2954154 0.0244723 0.0174783
3 0.5102837 0.3565895 0.0244723 0.0163131
17 0.7416583 0.3565895 0.0244724 0.0163131
19 0.6265272 0.4766073 0.0233600 0.0163131
23 0.3957088 0.2954154 0.0244723 0.0174783
31 0.5686835 0.4766073 0.0233599 0.0163131
7 0.7416583 0.4766073 0.0244724 0.0163131
24 0.5686835 0.2954154 0.0233599 0.0174783
22 0.5102837 0.2348239 0.0244723 0.0174783
29 0.6265272 0.3565895 0.0233600 0.0163131
23 0.3957088 0.5377814 0.0244723 0.0174783
21 0.6265272 0.5377814 0.0233600 0.0174783
31 0.5102837 0.4766073 0.0244723 0.0163131
22 0.6849270 0.5377814 0.0244722 0.0174783
23 0.5102837 0.5377814 0.0244723 0.0174783
12 0.5102837 0.4171810 0.0244723 0.0163131
14 0.7416583 0.2954154 0.0244724 0.0174783
18 0.6849270 0.4766073 0.0244722 0.0163131
8 0.3957088 0.3565895 0.0244723 0.0163131
18 0.6265272 0.2348239 0.0233600 0.0174783
27 0.4535524 0.5377814 0.0244723 0.0174783
16 0.5686835 0.2348239 0.0233599 0.0174783
10 0.3957088 0.4766073 0.0244723 0.0163131
9 0.5686835 0.4171810 0.0233599 0.0163131
3 0.6849270 0.4171810 0.0244722 0.0163131
4 0.7416583 0.5377814 0.0244724 0.0174783
18 0.5686835 0.3565895 0.0233599 0.0163131
22 0.4535524 0.3565895 0.0244723 0.0163131
27 0.4535524 0.4766073 0.0244723 0.0163131
19 0.6849270 0.2954154 0.0244722 0.0174783
5 0.7416583 0.4171810 0.0244724 0.0163131
8 0.6849270 0.2348239 0.0244722 0.0174783
