19 0.3226801 0.2734188 0.0248393 0.0161226
8 0.2684853 0.4766785 0.0248393 0.0172742
32 0.4305051 0.3131494 0.4211386 0.4318550
33 0.6094609 0.1450139 0.0090325 0.0126677
16 0.4282470 0.2238994 0.0237102 0.0161226
6 0.4807482 0.3240898 0.0248393 0.0161226
26 0.5338140 0.4260076 0.0248393 0.0172742
35 0.3757458 0.4766785 0.0451623 0.0449129
18 0.3751813 0.4766785 0.0237102 0.0172742
17 0.5880087 0.4766785 0.0248393 0.0172742
18 0.4807482 0.4260076 0.0248393 0.0172742
26 0.4282470 0.4766785 0.0237102 0.0172742
8 0.4282470 0.3747607 0.0237102 0.0161226
7 0.4282470 0.4260076 0.0237102 0.0172742
30 0.4807482 0.4766785 0.0248393 0.0172742
14 0.2684853 0.3240898 0.0248393 0.0161226
10 0.5338140 0.2734188 0.0248393 0.0161226
10 0.3226801 0.3240898 0.0248393 0.0161226
22 0.2684853 0.2734188 0.0248393 0.0161226
8 0.3751813 0.2734188 0.0237102 0.0161226
3 0.3751813 0.4260076 0.0237102 0.0172742
10 0.3751813 0.3747607 0.0237102 0.0161226
2 0.2684853 0.3747607 0.0248393 0.0161226
12 0.3751813 0.2238994 0.0237102 0.0161226
9 0.4807482 0.2238994 0.0248393 0.0161226
10 0.2684853 0.2238994 0.0248393 0.0161226
17 0.3226801 0.3747607 0.0248393 0.0161226
12 0.3226801 0.2238994 0.0248393 0.0161226
6 0.5338140 0.2238994 0.0248393 0.0161226
23 0.4807482 0.2734188 0.0248393 0.0161226
27 0.5880087 0.3240898 0.0248393 0.0161226
6 0.5338140 0.3747607 0.0248393 0.0161226
7 0.4807482 0.3747607 0.0248393 0.0161226
7 0.5880087 0.3747607 0.0248393 0.0161226
14 0.5880087 0.2238994 0.0248393 0.0161226
4 0.4282470 0.2734188 0.0237102 0.0161226
18 0.3226801 0.4260076 0.0248393 0.0172742
17 0.5880087 0.4260076 0.0248393 0.0172742
21 0.2684853 0.4260076 0.0248393 0.0172742
13 0.5338140 0.4766785 0.0248393 0.0172742
26 0.3226801 0.4766785 0.0248393 0.0172742
16 0.3751813 0.3240898 0.0237102 0.0161226
10 0.5880087 0.2734188 0.0248393 0.0161226
22 0.4282470 0.3240898 0.0237102 0.0161226
19 0.5338140 0.3240898 0.0248393 0.0161226
