17 0.2353088 0.4562950 0.0288564 0.0168126
23 0.5291198 0.6378708 0.0288565 0.0168126
32 0.3815585 0.5515663 0.5259742 0.4965313
33 0.4622253 0.3173111 0.0131165 0.0145709
12 0.6025726 0.5168203 0.0288565 0.0168125
13 0.2353088 0.5168203 0.0288564 0.0168125
13 0.5291198 0.5168203 0.0288565 0.0168125
30 0.4556670 0.5168203 0.0288565 0.0168125
23 0.4556670 0.6378708 0.0288565 0.0168126
24 0.1618560 0.6378708 0.0288564 0.0168126
11 0.1618560 0.6983961 0.0288564 0.0168125
28 0.3822143 0.6378708 0.0288564 0.0168126
26 0.2353088 0.6378708 0.0288564 0.0168126
18 0.3087616 0.6983961 0.0288564 0.0168125
1 0.1618560 0.5168203 0.0288564 0.0168125
28 0.4556670 0.5773455 0.0288565 0.0168126
27 0.6025726 0.5773455 0.0288565 0.0168126
3 0.1618560 0.4562950 0.0288564 0.0168126
5 0.6025726 0.6983961 0.0288565 0.0168125
29 0.4556670 0.4562950 0.0288565 0.0168126
4 0.5291198 0.6983961 0.0288565 0.0168125
12 0.3822143 0.5168203 0.0288564 0.0168125
13 0.3087616 0.5773455 0.0288564 0.0168126
6 0.3822143 0.4562950 0.0288564 0.0168126
29 0.3087616 0.4562950 0.0288564 0.0168126
3 0.5291198 0.4562950 0.0288565 0.0168126
23 0.6025726 0.6378708 0.0288565 0.0168126
17 0.2353088 0.5773455 0.0288564 0.0168126
8 0.4556670 0.6983961 0.0288565 0.0168125
14 0.3087616 0.5168203 0.0288564 0.0168125
7 0.2353088 0.6983961 0.0288564 0.0168125
10 0.5291198 0.5773455 0.0288565 0.0168126
14 0.3822143 0.6983961 0.0288564 0.0168125
13 0.3822143 0.5773455 0.0288564 0.0168126
22 0.1618560 0.5773455 0.0288564 0.0168126
13 0.3087616 0.6378708 0.0288564 0.0168126
17 0.6025726 0.4562950 0.0288565 0.0168126
