6 0.5639845 0.6832627 0.0262109 0.0164722
2 0.3638282 0.4460630 0.0262109 0.0164722
32 0.5639845 0.5926656 0.4813282 0.4875771
33 0.6372560 0.3604076 0.0107227 0.0142759
10 0.3638282 0.6239628 0.0262109 0.0164722
25 0.5639845 0.4460630 0.0262109 0.0164722
31 0.6307033 0.6239628 0.0262109 0.0164722
18 0.6974220 0.5053630 0.0262109 0.0164722
4 0.4305470 0.5053630 0.0262110 0.0164722
18 0.6974220 0.5646629 0.0262109 0.0164722
17 0.3638282 0.6832627 0.0262109 0.0164722
31 0.4305470 0.5646629 0.0262110 0.0164722
2 0.4305470 0.6832627 0.0262110 0.0164722
2 0.4972658 0.4460630 0.0262109 0.0164722
13 0.7641408 0.6239628 0.0262109 0.0164722
26 0.6974220 0.4460630 0.0262109 0.0164722
22 0.6974220 0.6239628 0.0262109 0.0164722
27 0.7641408 0.5053630 0.0262109 0.0164722
10 0.4972658 0.5646629 0.0262109 0.0164722
21 0.6307033 0.6832627 0.0262109 0.0164722
12 0.7641408 0.4460630 0.0262109 0.0164722
3 0.4972658 0.5053630 0.0262109 0.0164722
13 0.5639845 0.5053630 0.0262109 0.0164722
26 0.6307033 0.4460630 0.0262109 0.0164722
8 0.7641408 0.5646629 0.0262109 0.0164722
14 0.4305470 0.4460630 0.0262110 0.0164722
28 0.5639845 0.5646629 0.0262109 0.0164722
20 0.6307033 0.5053630 0.0262109 0.0164722
31 0.3638282 0.5053630 0.0262109 0.0164722
31 0.6307033 0.5646629 0.0262109 0.0164722
3 0.6974220 0.6832627 0.0262109 0.0164722
5 0.5639845 0.6239628 0.0262109 0.0164722
9 0.3638282 0.5646629 0.0262109 0.0164722
24 0.4972658 0.6832627 0.0262109 0.0164722
1 0.7641408 0.6832627 0.0262109 0.0164722
11 0.4305470 0.6239628 0.0262110 0.0164722
15 0.4972658 0.6239628 0.0262109 0.0164722
