25 0.2150476 0.1173497 0.0252093 0.0157210
2 0.4843288 0.2661376 0.0252093 0.0168439
32 0.3823457 0.1619783 0.4331418 0.3217343
26 0.2700497 0.2161673 0.0252093 0.0157210
18 0.4843288 0.0690639 0.0252093 0.0157210
24 0.3233330 0.1173497 0.0240634 0.0157210
6 0.2700497 0.1667585 0.0252093 0.0157210
21 0.2150476 0.2661376 0.0252093 0.0168439
17 0.4843288 0.1667585 0.0252093 0.0157210
12 0.4304725 0.1173497 0.0252093 0.0157210
28 0.5393310 0.2661376 0.0252093 0.0168439
6 0.3771893 0.1173497 0.0240634 0.0157210
25 0.2700497 0.1173497 0.0252093 0.0157210
25 0.5393310 0.0690639 0.0252093 0.0157210
23 0.4304725 0.2161673 0.0252093 0.0157210
15 0.2700497 0.0690639 0.0252093 0.0157210
26 0.5393310 0.2161673 0.0252093 0.0157210
19 0.4843288 0.1173497 0.0252093 0.0157210
4 0.2150476 0.1667585 0.0252093 0.0157210
2 0.5393310 0.1667585 0.0252093 0.0157210
25 0.3233330 0.2661376 0.0240634 0.0168439
12 0.3233330 0.0690639 0.0240634 0.0157210
22 0.4304725 0.0690639 0.0252093 0.0157210
15 0.5393310 0.1173497 0.0252093 0.0157210
19 0.3771893 0.1667585 0.0240634 0.0157210
27 0.3771893 0.2161673 0.0240634 0.0157210
19 0.2700497 0.2661376 0.0252093 0.0168439
19 0.3771893 0.2661376 0.0240634 0.0168439
27 0.4304725 0.1667585 0.0252093 0.0157210
26 0.4843288 0.2161673 0.0252093 0.0157210
23 0.3771893 0.0690639 0.0240634 0.0157210
24 0.2150476 0.0690639 0.0252093 0.0157210
13 0.3233330 0.1667585 0.0240634 0.0157210
17 0.4304725 0.2661376 0.0252093 0.0168439
2 0.3233330 0.2161673 0.0240634 0.0157210
5 0.2150476 0.2161673 0.0252093 0.0157210
