10 0.6988236 0.2229659 0.0240302 0.0168269
27 0.9260179 0.2229659 0.0240301 0.0168269
32 0.7507069 0.3059788 0.3943131 0.3847758
33 0.9353023 0.1276133 0.0098306 0.0145833
14 0.6431173 0.3985269 0.0240301 0.0157051
31 0.6431173 0.3401935 0.0240301 0.0157052
26 0.8129669 0.2812993 0.0229379 0.0168269
11 0.6431173 0.2229659 0.0240301 0.0168269
9 0.9260179 0.3401935 0.0240301 0.0157052
2 0.8703116 0.3985269 0.0240302 0.0157051
3 0.8703116 0.4557385 0.0240302 0.0157051
9 0.5863188 0.2229659 0.0240302 0.0168269
20 0.8703116 0.2812993 0.0240302 0.0168269
13 0.6431173 0.2812993 0.0240301 0.0168269
15 0.7561683 0.2229659 0.0229379 0.0168269
14 0.8129669 0.2229659 0.0229379 0.0168269
12 0.6431173 0.4557385 0.0240301 0.0157051
31 0.5863188 0.4557385 0.0240302 0.0157051
15 0.7561683 0.3985269 0.0229379 0.0157051
23 0.5863188 0.3985269 0.0240302 0.0157051
2 0.6988236 0.2812993 0.0240302 0.0168269
29 0.9260179 0.2812993 0.0240301 0.0168269
28 0.8129669 0.3985269 0.0229379 0.0157051
19 0.7561683 0.4557385 0.0229379 0.0157051
26 0.5863188 0.2812993 0.0240302 0.0168269
28 0.6988236 0.4557385 0.0240302 0.0157051
21 0.9260179 0.3985269 0.0240301 0.0157051
31 0.7561683 0.3401935 0.0229379 0.0157052
8 0.6988236 0.3985269 0.0240302 0.0157051
2 0.8703116 0.3401935 0.0240302 0.0157052
29 0.6988236 0.3401935 0.0240302 0.0157052
31 0.8703116 0.2229659 0.0240302 0.0168269
2 0.8129669 0.4557385 0.0229379 0.0157051
15 0.7561683 0.2812993 0.0229379 0.0168269
8 0.9260179 0.4557385 0.0240301 0.0157051
18 0.8129669 0.3401935 0.0229379 0.0157052
1 0.5863188 0.3401935 0.0240302 0.0157052
