7 0.7193233 0.5151917 0.0227357 0.0150421
27 0.7756212 0.5151917 0.0227357 0.0150421
32 0.7139100 0.4265505 0.3908371 0.3685324
33 0.8968781 0.2557148 0.0097439 0.0139677
5 0.6624841 0.3470421 0.0238184 0.0161166
16 0.8324603 0.4029129 0.0238182 0.0161166
15 0.5509710 0.3470421 0.0238183 0.0161166
5 0.7193233 0.3470421 0.0227357 0.0161166
22 0.8876755 0.5699881 0.0238184 0.0150421
15 0.7756212 0.3470421 0.0227357 0.0161166
12 0.7756212 0.4593209 0.0227357 0.0150421
26 0.6072689 0.4029129 0.0238184 0.0161166
13 0.7756212 0.5699881 0.0227357 0.0150421
7 0.8324603 0.3470421 0.0238182 0.0161166
24 0.6624841 0.5699881 0.0238184 0.0150421
26 0.8876755 0.3470421 0.0238184 0.0161166
28 0.6624841 0.5151917 0.0238184 0.0150421
6 0.5509710 0.5699881 0.0238183 0.0150421
12 0.7193233 0.4593209 0.0227357 0.0150421
31 0.5509710 0.4593209 0.0238183 0.0150421
10 0.8876755 0.4593209 0.0238184 0.0150421
20 0.8324603 0.5151917 0.0238182 0.0150421
15 0.7756212 0.4029129 0.0227357 0.0161166
20 0.5509710 0.4029129 0.0238183 0.0161166
5 0.8876755 0.5151917 0.0238184 0.0150421
20 0.5509710 0.5151917 0.0238183 0.0150421
10 0.8324603 0.4593209 0.0238182 0.0150421
13 0.6072689 0.5699881 0.0238184 0.0150421
30 0.7193233 0.5699881 0.0227357 0.0150421
26 0.8324603 0.5699881 0.0238182 0.0150421
29 0.8876755 0.4029129 0.0238184 0.0161166
30 0.6072689 0.4593209 0.0238184 0.0150421
22 0.6624841 0.4593209 0.0238184 0.0150421
31 0.6072689 0.3470421 0.0238184 0.0161166
2 0.6624841 0.4029129 0.0238184 0.0161166
11 0.7193233 0.4029129 0.0227357 0.0161166
15 0.6072689 0.5151917 0.0238184 0.0150421
