9 0.5801077 0.5856887 0.0287327 0.0169527
21 0.6532455 0.4636298 0.0287328 0.0169526
32 0.5076229 0.4579789 0.5289436 0.4984074
33 0.5853318 0.2364646 0.0104482 0.0124319
2 0.6532455 0.5856887 0.0287328 0.0169527
6 0.5801077 0.4636298 0.0287327 0.0169526
13 0.7263834 0.5856887 0.0287328 0.0169527
20 0.3606941 0.5246593 0.0287328 0.0169527
30 0.5069698 0.4636298 0.0287328 0.0169526
31 0.2875562 0.5246593 0.0287327 0.0169527
11 0.7263834 0.5246593 0.0287328 0.0169527
4 0.2875562 0.3415709 0.0287327 0.0169527
19 0.2875562 0.4020353 0.0287327 0.0158224
22 0.7263834 0.3415709 0.0287328 0.0169527
16 0.5069698 0.5856887 0.0287328 0.0169527
28 0.4338319 0.5856887 0.0287328 0.0169527
27 0.6532455 0.5246593 0.0287328 0.0169527
26 0.3606941 0.5856887 0.0287328 0.0169527
30 0.4338319 0.4636298 0.0287328 0.0169526
9 0.3606941 0.4636298 0.0287328 0.0169526
19 0.5069698 0.4020353 0.0287328 0.0158224
9 0.6532455 0.4020353 0.0287328 0.0158224
3 0.6532455 0.3415709 0.0287328 0.0169527
8 0.3606941 0.4020353 0.0287328 0.0158224
8 0.5069698 0.5246593 0.0287328 0.0169527
7 0.3606941 0.3415709 0.0287328 0.0169527
16 0.5801077 0.4020353 0.0287327 0.0158224
11 0.5069698 0.3415709 0.0287328 0.0169527
25 0.2875562 0.5856887 0.0287327 0.0169527
16 0.2875562 0.4636298 0.0287327 0.0169526
15 0.5801077 0.3415709 0.0287327 0.0169527
2 0.4338319 0.3415709 0.0287328 0.0169527
15 0.4338319 0.5246593 0.0287328 0.0169527
14 0.5801077 0.5246593 0.0287327 0.0169527
11 0.7263834 0.4636298 0.0287328 0.0169526
4 0.4338319 0.4020353 0.0287328 0.0158224
15 0.7263834 0.4020353 0.0287328 0.0158224
