23 0.5498422 0.6203800 0.0273964 0.0169123
21 0.2708968 0.6203800 0.0273964 0.0169123
32 0.4794832 0.5121411 0.4993620 0.4904575
33 0.5566913 0.2793147 0.0112077 0.0135299
2 0.6893149 0.3768424 0.0273964 0.0169123
10 0.2708968 0.4986112 0.0273964 0.0169124
34 0.6893149 0.4991750 0.0647552 0.0608844
1 0.6893149 0.4986112 0.0273964 0.0169124
21 0.6893149 0.6203800 0.0273964 0.0169123
19 0.6195786 0.4377268 0.0273964 0.0169123
19 0.6195786 0.5594956 0.0273964 0.0169124
13 0.4801059 0.6812644 0.0273964 0.0169123
6 0.2708968 0.5594956 0.0273964 0.0169124
20 0.6893149 0.5594956 0.0273964 0.0169124
14 0.6893149 0.4377268 0.0273964 0.0169123
27 0.3406332 0.4377268 0.0273964 0.0169123
24 0.2708968 0.3768424 0.0273964 0.0169123
14 0.5498422 0.5594956 0.0273964 0.0169124
6 0.4801059 0.6203800 0.0273964 0.0169123
18 0.4103695 0.6812644 0.0273965 0.0169123
14 0.3406332 0.5594956 0.0273964 0.0169124
2 0.4103695 0.5594956 0.0273965 0.0169124
21 0.6195786 0.6812644 0.0273964 0.0169123
18 0.3406332 0.4986112 0.0273964 0.0169124
27 0.6195786 0.3768424 0.0273964 0.0169123
16 0.6195786 0.6203800 0.0273964 0.0169123
13 0.3406332 0.6203800 0.0273964 0.0169123
18 0.5498422 0.4377268 0.0273964 0.0169123
21 0.4801059 0.3768424 0.0273964 0.0169123
16 0.6195786 0.4986112 0.0273964 0.0169124
5 0.5498422 0.6812644 0.0273964 0.0169123
17 0.5498422 0.3768424 0.0273964 0.0169123
4 0.2708968 0.4377268 0.0273964 0.0169123
18 0.6893149 0.6812644 0.0273964 0.0169123
29 0.4103695 0.6203800 0.0273965 0.0169123
16 0.5498422 0.4986112 0.0273964 0.0169124
6 0.4801059 0.5594956 0.0273964 0.0169124
4 0.2708968 0.6812644 0.0273964 0.0169123
6 0.3406332 0.6812644 0.0273964 0.0169123
28 0.4103695 0.3768424 0.0273965 0.0169123
23 0.4103695 0.4377268 0.0273965 0.0169123
1 0.4801059 0.4986112 0.0273964 0.0169124
29 0.4801059 0.4377268 0.0273964 0.0169123
23 0.3406332 0.3768424 0.0273964 0.0169123
13 0.4103695 0.4986112 0.0273965 0.0169124
