30 0.5680526 0.2629405 0.0234340 0.0150326
24 0.5179890 0.1695237 0.0234340 0.0150326
32 0.4732513 0.2328753 0.4026390 0.3586345
33 0.6394198 0.0970452 0.0085215 0.0139588
21 0.3688635 0.2156952 0.0234340 0.0150326
19 0.4183944 0.3579679 0.0223688 0.0161063
7 0.5179890 0.3101858 0.0234340 0.0150326
17 0.3177347 0.3579679 0.0234340 0.0161063
1 0.5680526 0.2156952 0.0234340 0.0150326
13 0.6191813 0.3579679 0.0234340 0.0161063
24 0.6191813 0.1695237 0.0234340 0.0150326
30 0.6191813 0.2629405 0.0234340 0.0150326
12 0.5179890 0.2156952 0.0234340 0.0150326
26 0.4183944 0.3101858 0.0223688 0.0150326
1 0.3688635 0.3579679 0.0234340 0.0161063
3 0.4684580 0.3579679 0.0223688 0.0161063
27 0.3177347 0.3101858 0.0234340 0.0150326
15 0.5680526 0.3579679 0.0234340 0.0161063
13 0.4684580 0.3101858 0.0223688 0.0150326
13 0.3688635 0.2629405 0.0234340 0.0150326
9 0.3688635 0.1695237 0.0234340 0.0150326
21 0.4183944 0.2629405 0.0223688 0.0150326
14 0.4684580 0.2156952 0.0223688 0.0150326
5 0.4684580 0.2629405 0.0223688 0.0150326
25 0.3177347 0.1695237 0.0234340 0.0150326
17 0.5680526 0.3101858 0.0234340 0.0150326
9 0.5680526 0.1695237 0.0234340 0.0150326
23 0.4684580 0.1695237 0.0223688 0.0150326
5 0.5179890 0.3579679 0.0234340 0.0161063
19 0.3177347 0.2156952 0.0234340 0.0150326
28 0.6191813 0.3101858 0.0234340 0.0150326
23 0.5179890 0.2629405 0.0234340 0.0150326
15 0.4183944 0.2156952 0.0223688 0.0150326
6 0.6191813 0.2156952 0.0234340 0.0150326
24 0.3177347 0.2629405 0.0234340 0.0150326
10 0.3688635 0.3101858 0.0234340 0.0150326
30 0.4183944 0.1695237 0.0223688 0.0150326
