8 0.6217171 0.3847033 0.0245323 0.0151773
27 0.5174545 0.3847033 0.0234173 0.0151773
32 0.5196847 0.4221044 0.4159351 0.4065340
33 0.6964293 0.2638272 0.0089208 0.0119250
35 0.4656020 0.3380874 0.0446043 0.0433636
12 0.4650445 0.3380874 0.0234172 0.0151773
8 0.5693070 0.4324033 0.0245324 0.0151773
9 0.6752422 0.4324033 0.0245324 0.0151773
2 0.4650445 0.4801033 0.0234172 0.0151773
16 0.4650445 0.5283453 0.0234172 0.0162614
9 0.3596668 0.4801033 0.0245324 0.0151773
29 0.5174545 0.5760453 0.0234173 0.0162613
10 0.5693070 0.5283453 0.0245324 0.0162614
4 0.3596668 0.5760453 0.0245324 0.0162613
2 0.6217171 0.5283453 0.0245323 0.0162614
20 0.3596668 0.5283453 0.0245324 0.0162614
5 0.4131919 0.4324033 0.0245324 0.0151773
7 0.5693070 0.5760453 0.0245324 0.0162613
5 0.4131919 0.3847033 0.0245324 0.0151773
11 0.5174545 0.3380874 0.0234173 0.0151773
13 0.4131919 0.3380874 0.0245324 0.0151773
31 0.4131919 0.4801033 0.0245324 0.0151773
7 0.6752422 0.4801033 0.0245324 0.0151773
10 0.5174545 0.5283453 0.0234173 0.0162614
1 0.6217171 0.4324033 0.0245323 0.0151773
21 0.5693070 0.4801033 0.0245324 0.0151773
19 0.4131919 0.5760453 0.0245324 0.0162613
7 0.6752422 0.3847033 0.0245324 0.0151773
12 0.4650445 0.4324033 0.0234172 0.0151773
6 0.3596668 0.4324033 0.0245324 0.0151773
22 0.6217171 0.5760453 0.0245323 0.0162613
22 0.5174545 0.4324033 0.0234173 0.0151773
28 0.5693070 0.3380874 0.0245324 0.0151773
28 0.4131919 0.5283453 0.0245324 0.0162614
25 0.3596668 0.3847033 0.0245324 0.0151773
8 0.6217171 0.3380874 0.0245323 0.0151773
27 0.5693070 0.3847033 0.0245324 0.0151773
13 0.3596668 0.3380874 0.0245324 0.0151773
14 0.6752422 0.5283453 0.0245324 0.0162614
2 0.6217171 0.4801033 0.0245323 0.0151773
27 0.6752422 0.3380874 0.0245324 0.0151773
7 0.4650445 0.5760453 0.0234172 0.0162613
16 0.4650445 0.3847033 0.0234172 0.0151773
1 0.5174545 0.4801033 0.0234173 0.0151773
4 0.6752422 0.5760453 0.0245324 0.0162613
