5 0.5423877 0.5934284 0.0283556 0.0158565
13 0.4702099 0.4792613 0.0283556 0.0158566
32 0.5417432 0.4919465 0.5168449 0.4598399
33 0.6216544 0.2736547 0.0116000 0.0126852
30 0.6145655 0.5363448 0.0283556 0.0158565
15 0.6867433 0.3650941 0.0283556 0.0158566
27 0.3980320 0.5934284 0.0283556 0.0158565
20 0.4702099 0.5363448 0.0283556 0.0158565
21 0.6145655 0.5934284 0.0283556 0.0158565
5 0.3258542 0.5363448 0.0283556 0.0158565
20 0.3980320 0.5363448 0.0283556 0.0158565
20 0.7589212 0.5934284 0.0283556 0.0158565
7 0.7589212 0.4221777 0.0283556 0.0158566
23 0.3258542 0.4221777 0.0283556 0.0158566
26 0.6145655 0.4792613 0.0283556 0.0158566
25 0.6867433 0.5363448 0.0283556 0.0158565
26 0.3258542 0.3650941 0.0283556 0.0158566
24 0.7589212 0.4792613 0.0283556 0.0158566
5 0.4702099 0.3650941 0.0283556 0.0158566
14 0.3258542 0.5934284 0.0283556 0.0158565
14 0.3980320 0.4792613 0.0283556 0.0158566
19 0.5423877 0.5363448 0.0283556 0.0158565
31 0.4702099 0.5934284 0.0283556 0.0158565
21 0.6867433 0.4221777 0.0283556 0.0158566
13 0.3258542 0.4792613 0.0283556 0.0158566
6 0.3980320 0.4221777 0.0283556 0.0158566
19 0.6145655 0.3650941 0.0283556 0.0158566
17 0.7589212 0.3650941 0.0283556 0.0158566
15 0.4702099 0.4221777 0.0283556 0.0158566
27 0.6867433 0.5934284 0.0283556 0.0158565
13 0.5423877 0.3650941 0.0283556 0.0158566
21 0.6867433 0.4792613 0.0283556 0.0158566
21 0.3980320 0.3650941 0.0283556 0.0158566
14 0.6145655 0.4221777 0.0283556 0.0158566
23 0.5423877 0.4792613 0.0283556 0.0158566
6 0.5423877 0.4221777 0.0283556 0.0158566
13 0.7589212 0.5363448 0.0283556 0.0158565
