2 0.7565434 0.5405657 0.0234654 0.0167550
18 0.7010798 0.5405657 0.0234654 0.0167550
32 0.8366740 0.3523514 0.3266521 0.4266934
28 0.8109405 0.2501461 0.0234654 0.0167550
1 0.9783980 0.3082300 0.0234654 0.0167550
34 0.9229344 0.5400072 0.0469307 0.0491479
20 0.9224011 0.5405657 0.0223988 0.0167550
29 0.8669374 0.4819233 0.0223987 0.0156380
28 0.9224011 0.3082300 0.0223988 0.0167550
4 0.8109405 0.4819233 0.0234654 0.0156380
15 0.9224011 0.2501461 0.0223988 0.0167550
21 0.7010798 0.3082300 0.0234654 0.0167550
17 0.7565434 0.4819233 0.0234654 0.0156380
6 0.7565434 0.3082300 0.0234654 0.0167550
26 0.8669374 0.4249564 0.0223987 0.0156380
17 0.8669374 0.3668724 0.0223987 0.0156380
11 0.9783980 0.2501461 0.0234654 0.0167550
13 0.7010798 0.2501461 0.0234654 0.0167550
17 0.9783980 0.3668724 0.0234654 0.0156380
5 0.8109405 0.5405657 0.0234654 0.0167550
3 0.8109405 0.4249564 0.0234654 0.0156380
3 0.9783980 0.4819233 0.0234654 0.0156380
5 0.8669374 0.5405657 0.0223987 0.0167550
20 0.8109405 0.3668724 0.0234654 0.0156380
21 0.9224011 0.4819233 0.0223988 0.0156380
9 0.7010798 0.4819233 0.0234654 0.0156380
9 0.7010798 0.4249564 0.0234654 0.0156380
21 0.9783980 0.5405657 0.0234654 0.0167550
31 0.7010798 0.3668724 0.0234654 0.0156380
3 0.7565434 0.3668724 0.0234654 0.0156380
4 0.8109405 0.3082300 0.0234654 0.0167550
7 0.7565434 0.4249564 0.0234654 0.0156380
1 0.8669374 0.2501461 0.0223987 0.0167550
18 0.9224011 0.3668724 0.0223988 0.0156380
13 0.9783980 0.4249564 0.0234654 0.0156380
20 0.9224011 0.4249564 0.0223988 0.0156380
21 0.7565434 0.2501461 0.0234654 0.0167550
6 0.8669374 0.3082300 0.0223987 0.0167550
