5 0.6163457 0.3355790 0.0233888 0.0163913
8 0.5663786 0.2388702 0.0233889 0.0152986
32 0.5217272 0.2082730 0.4018629 0.3649800
33 0.6875753 0.0700396 0.0085050 0.0142058
18 0.4669760 0.3355790 0.0223257 0.0163913
12 0.5169431 0.1438005 0.0223257 0.0152986
18 0.6163457 0.1438005 0.0233888 0.0152986
31 0.3665103 0.1438005 0.0233888 0.0152986
19 0.3665103 0.3355790 0.0233888 0.0163913
7 0.4175405 0.1907890 0.0233888 0.0152986
23 0.5663786 0.3355790 0.0233889 0.0163913
26 0.4669760 0.2869514 0.0223257 0.0152986
20 0.5169431 0.2388702 0.0223257 0.0152986
10 0.3665103 0.1907890 0.0233888 0.0152986
14 0.4175405 0.1438005 0.0233888 0.0152986
14 0.4175405 0.2869514 0.0233888 0.0152986
22 0.6673759 0.1438005 0.0233889 0.0152986
29 0.6673759 0.3355790 0.0233889 0.0163913
5 0.5169431 0.1907890 0.0223257 0.0152986
2 0.3665103 0.2388702 0.0233888 0.0152986
2 0.4669760 0.1438005 0.0223257 0.0152986
7 0.5663786 0.1907890 0.0233889 0.0152986
9 0.3665103 0.2869514 0.0233888 0.0152986
7 0.5663786 0.2869514 0.0233889 0.0152986
22 0.6673759 0.2388702 0.0233889 0.0152986
31 0.6673759 0.1907890 0.0233889 0.0152986
7 0.6163457 0.2869514 0.0233888 0.0152986
8 0.4669760 0.2388702 0.0223257 0.0152986
12 0.6673759 0.2869514 0.0233889 0.0152986
17 0.6163457 0.2388702 0.0233888 0.0152986
22 0.5663786 0.1438005 0.0233889 0.0152986
3 0.4669760 0.1907890 0.0223257 0.0152986
13 0.5169431 0.2869514 0.0223257 0.0152986
15 0.6163457 0.1907890 0.0233888 0.0152986
4 0.5169431 0.3355790 0.0223257 0.0163913
22 0.4175405 0.2388702 0.0233888 0.0152986
18 0.4175405 0.3355790 0.0233888 0.0163913
