25 0.4786896 0.5377492 0.0267294 0.0168182
13 0.1384971 0.3561122 0.0267294 0.0168182
32 0.2745741 0.4452489 0.4908491 0.4978197
33 0.3492950 0.2081118 0.0109347 0.0145758
3 0.4106511 0.3561122 0.0267294 0.0168182
27 0.0704586 0.2955666 0.0267294 0.0168182
15 0.3426126 0.5377492 0.0267294 0.0168182
4 0.2065356 0.4166579 0.0267294 0.0168182
14 0.1384971 0.4772035 0.0267294 0.0168182
26 0.2745741 0.5377492 0.0267294 0.0168182
12 0.4786896 0.3561122 0.0267294 0.0168182
15 0.0704586 0.4166579 0.0267294 0.0168182
19 0.0704586 0.5377492 0.0267294 0.0168182
10 0.2745741 0.4772035 0.0267294 0.0168182
4 0.2745741 0.2955666 0.0267294 0.0168182
23 0.4786896 0.4166579 0.0267294 0.0168182
14 0.3426126 0.2955666 0.0267294 0.0168182
28 0.3426126 0.3561122 0.0267294 0.0168182
18 0.3426126 0.4772035 0.0267294 0.0168182
1 0.1384971 0.4166579 0.0267294 0.0168182
29 0.2065356 0.3561122 0.0267294 0.0168182
3 0.0704586 0.4772035 0.0267294 0.0168182
10 0.4106511 0.4772035 0.0267294 0.0168182
29 0.4106511 0.2955666 0.0267294 0.0168182
13 0.4786896 0.4772035 0.0267294 0.0168182
31 0.4106511 0.5377492 0.0267294 0.0168182
30 0.4106511 0.4166579 0.0267294 0.0168182
11 0.1384971 0.2955666 0.0267294 0.0168182
31 0.4786896 0.2955666 0.0267294 0.0168182
22 0.2745741 0.4166579 0.0267294 0.0168182
16 0.1384971 0.5377492 0.0267294 0.0168182
6 0.2065356 0.2955666 0.0267294 0.0168182
19 0.3426126 0.4166579 0.0267294 0.0168182
2 0.2745741 0.3561122 0.0267294 0.0168182
2 0.0704586 0.3561122 0.0267294 0.0168182
17 0.2065356 0.5377492 0.0267294 0.0168182
13 0.2065356 0.4772035 0.0267294 0.0168182
