20 0.4526925 0.4163152 0.0270527 0.0162802
21 0.1083849 0.6507507 0.0270527 0.0162802
32 0.3149695 0.5612093 0.4967867 0.4818951
33 0.3905942 0.3316580 0.0110670 0.0141096
1 0.1083849 0.5335329 0.0270527 0.0162802
7 0.3149695 0.5921418 0.0270528 0.0162802
30 0.2461080 0.5335329 0.0270527 0.0162802
4 0.4526925 0.5335329 0.0270527 0.0162802
13 0.2461080 0.6507507 0.0270527 0.0162802
18 0.1083849 0.4749240 0.0270527 0.0162802
13 0.4526925 0.6507507 0.0270527 0.0162802
10 0.1772465 0.4163152 0.0270527 0.0162802
31 0.1772465 0.5921418 0.0270527 0.0162802
14 0.1772465 0.6507507 0.0270527 0.0162802
28 0.5215540 0.4163152 0.0270527 0.0162802
14 0.5215540 0.4749240 0.0270527 0.0162802
26 0.5215540 0.5921418 0.0270527 0.0162802
21 0.2461080 0.4749240 0.0270527 0.0162802
2 0.1083849 0.4163152 0.0270527 0.0162802
27 0.3149695 0.4749240 0.0270528 0.0162802
29 0.2461080 0.4163152 0.0270527 0.0162802
8 0.1772465 0.5335329 0.0270527 0.0162802
2 0.3838310 0.6507507 0.0270527 0.0162802
10 0.5215540 0.6507507 0.0270527 0.0162802
7 0.3838310 0.4163152 0.0270527 0.0162802
1 0.4526925 0.5921418 0.0270527 0.0162802
6 0.1083849 0.5921418 0.0270527 0.0162802
29 0.3149695 0.5335329 0.0270528 0.0162802
5 0.3838310 0.5335329 0.0270527 0.0162802
27 0.3149695 0.6507507 0.0270528 0.0162802
24 0.2461080 0.5921418 0.0270527 0.0162802
16 0.3149695 0.4163152 0.0270528 0.0162802
28 0.5215540 0.5335329 0.0270527 0.0162802
27 0.3838310 0.5921418 0.0270527 0.0162802
18 0.4526925 0.4749240 0.0270527 0.0162802
15 0.3838310 0.4749240 0.0270527 0.0162802
2 0.1772465 0.4749240 0.0270527 0.0162802
