21 0.4830378 0.3681868 0.0274905 0.0159286
25 0.6229892 0.5402164 0.0274905 0.0159287
32 0.6223645 0.4011060 0.5010760 0.4704267
33 0.6992128 0.1791665 0.0124957 0.0138048
24 0.4130621 0.3108436 0.0274905 0.0159286
34 0.6229893 0.3113745 0.0649774 0.0573432
5 0.6229892 0.3108436 0.0274905 0.0159286
16 0.4130621 0.4255300 0.0274905 0.0159287
10 0.7629407 0.5402164 0.0274905 0.0159287
1 0.7629407 0.5975596 0.0274905 0.0159287
31 0.5530136 0.5402164 0.0274905 0.0159287
30 0.8329164 0.5975596 0.0274905 0.0159287
19 0.4830378 0.4255300 0.0274905 0.0159287
13 0.6929649 0.5402164 0.0274905 0.0159287
20 0.6229892 0.5975596 0.0274905 0.0159287
22 0.8329164 0.3681868 0.0274905 0.0159286
20 0.5530136 0.5975596 0.0274905 0.0159287
7 0.7629407 0.3681868 0.0274905 0.0159286
16 0.4130621 0.5975596 0.0274905 0.0159287
27 0.4830378 0.5975596 0.0274905 0.0159287
31 0.5530136 0.4828732 0.0274905 0.0159287
27 0.6929649 0.4828732 0.0274905 0.0159287
24 0.8329164 0.5402164 0.0274905 0.0159287
20 0.6929649 0.4255300 0.0274905 0.0159287
1 0.4130621 0.5402164 0.0274905 0.0159287
8 0.6229892 0.4828732 0.0274905 0.0159287
20 0.4830378 0.5402164 0.0274905 0.0159287
25 0.4130621 0.4828732 0.0274905 0.0159287
5 0.6229892 0.3681868 0.0274905 0.0159286
29 0.6929649 0.5975596 0.0274905 0.0159287
22 0.8329164 0.4255300 0.0274905 0.0159287
12 0.6229892 0.4255300 0.0274905 0.0159287
7 0.4830378 0.3108436 0.0274905 0.0159286
16 0.4830378 0.4828732 0.0274905 0.0159287
7 0.6929649 0.3681868 0.0274905 0.0159286
16 0.5530136 0.3681868 0.0274905 0.0159286
19 0.5530136 0.4255300 0.0274905 0.0159287
6 0.5530136 0.3108436 0.0274905 0.0159286
15 0.8329164 0.3108436 0.0274905 0.0159286
13 0.4130621 0.3681868 0.0274905 0.0159286
25 0.7629407 0.4255300 0.0274905 0.0159287
8 0.8329164 0.4828732 0.0274905 0.0159287
5 0.7629407 0.3108436 0.0274905 0.0159286
1 0.7629407 0.4828732 0.0274905 0.0159287
28 0.6929649 0.3108436 0.0274905 0.0159286
