21 0.5654285 0.3321528 0.0242043 0.0161030
8 0.6847209 0.3321528 0.0253569 0.0161030
32 0.4997311 0.4115943 0.4160831 0.3682220
33 0.6945180 0.2409024 0.0103733 0.0139560
6 0.6847209 0.4443371 0.0253569 0.0150295
2 0.6259392 0.5001608 0.0253569 0.0150294
7 0.6847209 0.5001608 0.0253569 0.0150294
17 0.3262671 0.3321528 0.0253569 0.0161030
6 0.3262671 0.5549110 0.0253569 0.0150295
23 0.5654285 0.4443371 0.0242043 0.0150295
16 0.5054940 0.5549110 0.0242043 0.0150295
27 0.5654285 0.5549110 0.0242043 0.0150295
22 0.5654285 0.5001608 0.0242043 0.0150294
22 0.6259392 0.3321528 0.0253569 0.0161030
27 0.3862015 0.3879765 0.0253569 0.0161030
29 0.3262671 0.3879765 0.0253569 0.0161030
23 0.3862015 0.5001608 0.0253569 0.0150294
10 0.4449833 0.3321528 0.0253569 0.0161030
14 0.5054940 0.3879765 0.0242043 0.0161030
17 0.6259392 0.5549110 0.0253569 0.0150295
5 0.6847209 0.3879765 0.0253569 0.0161030
18 0.5654285 0.3879765 0.0242043 0.0161030
8 0.3262671 0.5001608 0.0253569 0.0150294
31 0.5054940 0.4443371 0.0242043 0.0150295
14 0.6259392 0.4443371 0.0253569 0.0150295
28 0.4449833 0.4443371 0.0253569 0.0150295
20 0.5054940 0.3321528 0.0242043 0.0161030
27 0.4449833 0.3879765 0.0253569 0.0161030
30 0.6259392 0.3879765 0.0253569 0.0161030
3 0.4449833 0.5549110 0.0253569 0.0150295
12 0.6847209 0.5549110 0.0253569 0.0150295
24 0.3862015 0.5549110 0.0253569 0.0150295
13 0.3862015 0.3321528 0.0253569 0.0161030
23 0.3262671 0.4443371 0.0253569 0.0150295
17 0.3862015 0.4443371 0.0253569 0.0150295
9 0.4449833 0.5001608 0.0253569 0.0150294
4 0.5054940 0.5001608 0.0242043 0.0150294
