7 0.4292530 0.3142647 0.0234795 0.0159899
25 0.6298957 0.4136308 0.0234795 0.0159900
32 0.5824032 0.4027805 0.3980838 0.4283019
33 0.7515621 0.2360282 0.0085380 0.0125635
35 0.5306416 0.4136308 0.0426900 0.0456855
11 0.5301080 0.4136308 0.0224122 0.0159900
4 0.7312844 0.4136308 0.0234794 0.0159900
30 0.4804809 0.4638849 0.0234795 0.0159899
13 0.7312844 0.4638849 0.0234794 0.0159899
13 0.5301080 0.4638849 0.0224122 0.0159899
11 0.6298957 0.4638849 0.0234795 0.0159899
24 0.6298957 0.3142647 0.0234795 0.0159899
7 0.6298957 0.5147100 0.0234795 0.0171321
30 0.6800564 0.5649641 0.0234795 0.0171321
8 0.6800564 0.3142647 0.0234795 0.0159899
15 0.4292530 0.4638849 0.0234795 0.0159899
14 0.5802687 0.4638849 0.0224122 0.0159899
23 0.4804809 0.5649641 0.0234795 0.0171321
10 0.7312844 0.3633767 0.0234794 0.0159899
2 0.5301080 0.3633767 0.0224122 0.0159899
21 0.4804809 0.3633767 0.0234795 0.0159899
10 0.7312844 0.5649641 0.0234794 0.0171321
21 0.4804809 0.4136308 0.0234795 0.0159900
4 0.6298957 0.3633767 0.0234795 0.0159899
9 0.6800564 0.4638849 0.0234795 0.0159899
17 0.5301080 0.3142647 0.0224122 0.0159899
13 0.4292530 0.3633767 0.0234795 0.0159899
24 0.4292530 0.5649641 0.0234795 0.0171321
2 0.6800564 0.5147100 0.0234795 0.0171321
15 0.4292530 0.4136308 0.0234795 0.0159900
10 0.5301080 0.5147100 0.0224122 0.0171321
10 0.5802687 0.3142647 0.0224122 0.0159899
25 0.4292530 0.5147100 0.0234795 0.0171321
30 0.7312844 0.3142647 0.0234794 0.0159899
15 0.5802687 0.3633767 0.0224122 0.0159899
16 0.4804809 0.5147100 0.0234795 0.0171321
15 0.6298957 0.5649641 0.0234795 0.0171321
27 0.4804809 0.3142647 0.0234795 0.0159899
16 0.6800564 0.3633767 0.0234795 0.0159899
29 0.5802687 0.5649641 0.0224122 0.0171321
6 0.5802687 0.4136308 0.0224122 0.0159900
16 0.5301080 0.5649641 0.0224122 0.0171321
15 0.7312844 0.5147100 0.0234794 0.0171321
13 0.6800564 0.4136308 0.0234795 0.0159900
10 0.5802687 0.5147100 0.0224122 0.0171321
