5 0.3388509 0.2855456 0.0274502 0.0167394
22 0.6882170 0.2252838 0.0274502 0.0167394
32 0.4785974 0.3742643 0.5040855 0.4954854
33 0.5553331 0.1382391 0.0112296 0.0145074
19 0.3388509 0.2252838 0.0274502 0.0167394
18 0.4087241 0.4060691 0.0274502 0.0167394
12 0.4785974 0.2855456 0.0274502 0.0167394
13 0.6882170 0.3458073 0.0274502 0.0167394
11 0.4785974 0.4060691 0.0274502 0.0167394
1 0.3388509 0.3458073 0.0274502 0.0167394
30 0.4087241 0.3458073 0.0274502 0.0167394
6 0.5484706 0.4663308 0.0274503 0.0167394
23 0.2689777 0.2252838 0.0274502 0.0167394
22 0.6183438 0.3458073 0.0274502 0.0167394
29 0.3388509 0.4060691 0.0274502 0.0167394
31 0.4785974 0.3458073 0.0274502 0.0167394
21 0.6882170 0.4663308 0.0274502 0.0167394
16 0.4785974 0.4663308 0.0274502 0.0167394
28 0.6882170 0.4060691 0.0274502 0.0167394
19 0.6183438 0.2252838 0.0274502 0.0167394
11 0.6183438 0.2855456 0.0274502 0.0167394
16 0.2689777 0.4663308 0.0274502 0.0167394
23 0.4087241 0.2855456 0.0274502 0.0167394
22 0.6183438 0.4060691 0.0274502 0.0167394
4 0.2689777 0.2855456 0.0274502 0.0167394
30 0.2689777 0.4060691 0.0274502 0.0167394
21 0.3388509 0.4663308 0.0274502 0.0167394
1 0.5484706 0.4060691 0.0274503 0.0167394
31 0.4785974 0.2252838 0.0274502 0.0167394
19 0.2689777 0.3458073 0.0274502 0.0167394
8 0.5484706 0.2855456 0.0274503 0.0167394
5 0.5484706 0.3458073 0.0274503 0.0167394
28 0.5484706 0.2252838 0.0274503 0.0167394
15 0.4087241 0.4663308 0.0274502 0.0167394
30 0.4087241 0.2252838 0.0274502 0.0167394
15 0.6882170 0.2855456 0.0274502 0.0167394
21 0.6183438 0.4663308 0.0274502 0.0167394
