2 0.8641745 0.5792339 0.0222074 0.0171356
13 0.8641745 0.5192592 0.0222074 0.0159932
32 0.8361195 0.3867438 0.3277611 0.4363872
1 0.9746828 0.4609981 0.0232648 0.0159932
34 0.9196930 0.5786627 0.0465298 0.0502645
28 0.9191643 0.5792339 0.0222074 0.0171356
3 0.8641745 0.4015946 0.0222074 0.0159932
29 0.6997339 0.4015946 0.0232649 0.0159932
1 0.8086559 0.4015946 0.0232648 0.0159932
1 0.8086559 0.5792339 0.0232648 0.0171356
16 0.9746828 0.2822165 0.0232648 0.0171356
6 0.8641745 0.2822165 0.0222074 0.0171356
22 0.6997339 0.2822165 0.0232649 0.0171356
17 0.6997339 0.3416200 0.0232649 0.0171356
18 0.8641745 0.4609981 0.0222074 0.0159932
13 0.9746828 0.4015946 0.0232648 0.0159932
4 0.8086559 0.3416200 0.0232648 0.0171356
16 0.8086559 0.4609981 0.0232648 0.0159932
14 0.7547236 0.2822165 0.0232648 0.0171356
5 0.6997339 0.5192592 0.0232649 0.0159932
11 0.7547236 0.4609981 0.0232648 0.0159932
5 0.6997339 0.5792339 0.0232649 0.0171356
2 0.9191643 0.5192592 0.0222074 0.0159932
30 0.7547236 0.5192592 0.0232648 0.0159932
17 0.8086559 0.5192592 0.0232648 0.0159932
3 0.9191643 0.4609981 0.0222074 0.0159932
5 0.7547236 0.5792339 0.0232648 0.0171356
29 0.8641745 0.3416200 0.0222074 0.0171356
4 0.7547236 0.3416200 0.0232648 0.0171356
26 0.8086559 0.2822165 0.0232648 0.0171356
29 0.9191643 0.2822165 0.0222074 0.0171356
15 0.9746828 0.5792339 0.0232648 0.0171356
4 0.6997339 0.4609981 0.0232649 0.0159932
10 0.9191643 0.3416200 0.0222074 0.0171356
25 0.9746828 0.3416200 0.0232648 0.0171356
9 0.9746828 0.5192592 0.0232648 0.0159932
9 0.7547236 0.4015946 0.0232648 0.0159932
26 0.9191643 0.4015946 0.0222074 0.0159932
