2 0.5415688 0.4709854 0.0287389 0.0169150
16 0.6147223 0.3491973 0.0287389 0.0169150
32 0.6140691 0.3018353 0.5238316 0.4905354
33 0.6950606 0.0689719 0.0117568 0.0135320
34 0.6147223 0.1670790 0.0679282 0.0608941
15 0.6147223 0.1665151 0.0287389 0.0169150
30 0.7610294 0.2274092 0.0287389 0.0169150
27 0.5415688 0.2883032 0.0287389 0.0169150
31 0.7610294 0.3491973 0.0287389 0.0169150
20 0.3952617 0.1665151 0.0287389 0.0169150
4 0.7610294 0.1665151 0.0287389 0.0169150
30 0.6878758 0.3491973 0.0287389 0.0169150
3 0.6147223 0.2274092 0.0287389 0.0169150
25 0.4684152 0.1665151 0.0287389 0.0169150
26 0.8341829 0.2274092 0.0287389 0.0169150
3 0.6147223 0.4100913 0.0287389 0.0169150
13 0.5415688 0.2274092 0.0287389 0.0169150
25 0.8341829 0.1665151 0.0287389 0.0169150
7 0.8341829 0.3491973 0.0287389 0.0169150
28 0.3952617 0.2883032 0.0287389 0.0169150
31 0.4684152 0.2883032 0.0287389 0.0169150
27 0.5415688 0.4100913 0.0287389 0.0169150
24 0.4684152 0.2274092 0.0287389 0.0169150
1 0.5415688 0.3491973 0.0287389 0.0169150
5 0.6878758 0.4709854 0.0287389 0.0169150
28 0.6147223 0.2883032 0.0287389 0.0169150
17 0.7610294 0.2883032 0.0287389 0.0169150
28 0.6878758 0.1665151 0.0287389 0.0169150
16 0.3952617 0.2274092 0.0287389 0.0169150
3 0.4684152 0.4100913 0.0287389 0.0169150
24 0.4684152 0.4709854 0.0287389 0.0169150
19 0.5415688 0.1665151 0.0287389 0.0169150
23 0.3952617 0.4100913 0.0287389 0.0169150
16 0.3952617 0.4709854 0.0287389 0.0169150
27 0.7610294 0.4100913 0.0287389 0.0169150
20 0.7610294 0.4709854 0.0287389 0.0169150
3 0.8341829 0.2883032 0.0287389 0.0169150
25 0.6878758 0.2274092 0.0287389 0.0169150
19 0.3952617 0.3491973 0.0287389 0.0169150
3 0.8341829 0.4100913 0.0287389 0.0169150
1 0.6147223 0.4709854 0.0287389 0.0169150
30 0.4684152 0.3491973 0.0287389 0.0169150
16 0.6878758 0.4100913 0.0287389 0.0169150
1 0.6878758 0.2883032 0.0287389 0.0169150
5 0.8341829 0.4709854 0.0287389 0.0169150
