30 0.5158731 0.4325570 0.0277906 0.0169718
17 0.5158731 0.4936554 0.0277906 0.0169718
32 0.5859813 0.4676320 0.5065473 0.5012332
33 0.6636687 0.2311585 0.0126321 0.0147089
2 0.7280923 0.4936554 0.0277906 0.0169718
16 0.7988322 0.3714586 0.0277907 0.0169718
29 0.5866129 0.6158522 0.0277906 0.0169718
13 0.7280923 0.3714586 0.0277906 0.0169718
9 0.7988322 0.5547539 0.0277907 0.0169718
10 0.7988322 0.4325570 0.0277907 0.0169718
20 0.5866129 0.3714586 0.0277906 0.0169718
12 0.5866129 0.4936554 0.0277906 0.0169718
28 0.6573526 0.3714586 0.0277906 0.0169718
5 0.4451333 0.4936554 0.0277906 0.0169718
30 0.4451333 0.5547539 0.0277906 0.0169718
11 0.7280923 0.4325570 0.0277906 0.0169718
18 0.7280923 0.6158522 0.0277906 0.0169718
11 0.4451333 0.3714586 0.0277906 0.0169718
30 0.5866129 0.4325570 0.0277906 0.0169718
26 0.3743936 0.4936554 0.0277906 0.0169718
11 0.3743936 0.3714586 0.0277906 0.0169718
29 0.5158731 0.5547539 0.0277906 0.0169718
9 0.5866129 0.5547539 0.0277906 0.0169718
11 0.7988322 0.4936554 0.0277907 0.0169718
25 0.5158731 0.3714586 0.0277906 0.0169718
12 0.6573526 0.4325570 0.0277906 0.0169718
9 0.3743936 0.6158522 0.0277906 0.0169718
29 0.4451333 0.4325570 0.0277906 0.0169718
16 0.5158731 0.6158522 0.0277906 0.0169718
8 0.3743936 0.5547539 0.0277906 0.0169718
26 0.3743936 0.4325570 0.0277906 0.0169718
3 0.6573526 0.5547539 0.0277906 0.0169718
13 0.6573526 0.6158522 0.0277906 0.0169718
12 0.7280923 0.5547539 0.0277906 0.0169718
26 0.6573526 0.4936554 0.0277906 0.0169718
9 0.4451333 0.6158522 0.0277906 0.0169718
6 0.7988322 0.6158522 0.0277907 0.0169718
