9 0.8669126 0.3363987 0.0235548 0.0165777
17 0.9257996 0.3363987 0.0246764 0.0165777
32 0.8025028 0.4375229 0.3949943 0.4221795
33 0.9908557 0.2435634 0.0112166 0.0165778
18 0.6341688 0.3938681 0.0246765 0.0165777
1 0.8085864 0.3938681 0.0235548 0.0165777
34 0.8674735 0.5093596 0.0493529 0.0486280
3 0.8669126 0.5093597 0.0235548 0.0154725
6 0.8669126 0.6237460 0.0235548 0.0165777
28 0.8669126 0.4518902 0.0235548 0.0154725
5 0.6924950 0.3363987 0.0246764 0.0165777
27 0.6341688 0.5093597 0.0246765 0.0154725
3 0.9257996 0.4518902 0.0246764 0.0154725
10 0.6341688 0.6237460 0.0246765 0.0165777
21 0.9830042 0.4518902 0.0246764 0.0154725
6 0.6341688 0.5657239 0.0246765 0.0154725
30 0.7496994 0.6237460 0.0246764 0.0165777
4 0.7496994 0.5093597 0.0246764 0.0154725
19 0.8085864 0.4518902 0.0235548 0.0154725
14 0.7496994 0.3363987 0.0246764 0.0165777
30 0.6924950 0.6237460 0.0246764 0.0165777
13 0.8669126 0.5657239 0.0235548 0.0154725
24 0.6924950 0.3938681 0.0246764 0.0165777
5 0.9257996 0.5657239 0.0246764 0.0154725
3 0.9257996 0.5093597 0.0246764 0.0154725
5 0.9257996 0.3938681 0.0246764 0.0165777
7 0.8085864 0.5093597 0.0235548 0.0154725
11 0.6924950 0.5093597 0.0246764 0.0154725
15 0.6924950 0.5657239 0.0246764 0.0154725
28 0.8669126 0.3938681 0.0235548 0.0165777
26 0.8085864 0.6237460 0.0235548 0.0165777
19 0.9830042 0.5657239 0.0246764 0.0154725
29 0.7496994 0.5657239 0.0246764 0.0154725
25 0.7496994 0.3938681 0.0246764 0.0165777
18 0.7496994 0.4518902 0.0246764 0.0154725
7 0.9257996 0.6237460 0.0246764 0.0165777
9 0.9830042 0.3938681 0.0246764 0.0165777
25 0.8085864 0.5657239 0.0235548 0.0154725
20 0.6341688 0.3363987 0.0246765 0.0165777
25 0.6924950 0.4518902 0.0246764 0.0154725
26 0.9830042 0.5093597 0.0246764 0.0154725
24 0.9830042 0.3363987 0.0246764 0.0165777
30 0.6341688 0.4518902 0.0246765 0.0154725
23 0.9830042 0.6237460 0.0246764 0.0165777
1 0.8085864 0.3363987 0.0235548 0.0165777
