10 0.3539027 0.4624403 0.0284455 0.0172055
18 0.2814961 0.6476869 0.0284455 0.0160586
32 0.4269558 0.4567051 0.5236552 0.5058437
33 0.5038879 0.2318857 0.0103438 0.0126174
20 0.2814961 0.3999268 0.0284455 0.0160585
11 0.6435294 0.4624403 0.0284455 0.0172055
13 0.2090894 0.5243804 0.0284455 0.0172055
34 0.5711227 0.6476869 0.0672347 0.0619400
18 0.5711227 0.6476869 0.0284454 0.0160586
15 0.2090894 0.4624403 0.0284455 0.0172055
5 0.4263094 0.3385602 0.0284455 0.0172056
30 0.4263094 0.5863204 0.0284455 0.0172055
5 0.5711227 0.5243804 0.0284454 0.0172055
5 0.2090894 0.6476869 0.0284455 0.0160586
24 0.6435294 0.3999268 0.0284455 0.0160585
17 0.4263094 0.6476869 0.0284455 0.0160586
8 0.4263094 0.4624403 0.0284455 0.0172055
30 0.3539027 0.6476869 0.0284455 0.0160586
4 0.4987160 0.3385602 0.0284455 0.0172056
24 0.4987160 0.6476869 0.0284455 0.0160586
13 0.6435294 0.6476869 0.0284455 0.0160586
12 0.3539027 0.3999268 0.0284455 0.0160585
29 0.2090894 0.5863204 0.0284455 0.0172055
7 0.3539027 0.5863204 0.0284455 0.0172055
30 0.6435294 0.5863204 0.0284455 0.0172055
21 0.5711227 0.3999268 0.0284454 0.0160585
29 0.4987160 0.5863204 0.0284455 0.0172055
28 0.6435294 0.5243804 0.0284455 0.0172055
2 0.6435294 0.3385602 0.0284455 0.0172056
12 0.4987160 0.3999268 0.0284455 0.0160585
14 0.3539027 0.5243804 0.0284455 0.0172055
12 0.4987160 0.5243804 0.0284455 0.0172055
6 0.2814961 0.5243804 0.0284455 0.0172055
31 0.3539027 0.3385602 0.0284455 0.0172056
26 0.4263094 0.3999268 0.0284455 0.0160585
8 0.5711227 0.3385602 0.0284454 0.0172056
19 0.2814961 0.4624403 0.0284455 0.0172055
5 0.2090894 0.3385602 0.0284455 0.0172056
21 0.4987160 0.4624403 0.0284455 0.0172055
15 0.4263094 0.5243804 0.0284455 0.0172055
28 0.5711227 0.4624403 0.0284454 0.0172055
31 0.2814961 0.5863204 0.0284455 0.0172055
16 0.2090894 0.3999268 0.0284455 0.0160585
18 0.5711227 0.5863204 0.0284454 0.0172055
30 0.2814961 0.3385602 0.0284455 0.0172056
