18 0.4284779 0.4479845 0.0222730 0.0149265
2 0.5276457 0.5423413 0.0233336 0.0159926
32 0.4305991 0.3909439 0.3956108 0.3998169
33 0.5987071 0.2352819 0.0084850 0.0117280
35 0.4284779 0.3083151 0.0413641 0.0426471
31 0.4284779 0.3083151 0.0222730 0.0149265
29 0.5276457 0.4010726 0.0233336 0.0149265
12 0.5785554 0.4010726 0.0233336 0.0149265
27 0.5276457 0.4954294 0.0233336 0.0159927
4 0.3293100 0.4954294 0.0233336 0.0159927
28 0.5785554 0.3083151 0.0233336 0.0149265
6 0.4777966 0.5423413 0.0233336 0.0159926
1 0.3293100 0.5423413 0.0233336 0.0159926
21 0.4284779 0.3541608 0.0222730 0.0149265
14 0.2784003 0.3541608 0.0233336 0.0149265
9 0.3786288 0.3541608 0.0222730 0.0149265
24 0.5276457 0.4479845 0.0233336 0.0149265
30 0.4284779 0.4010726 0.0222730 0.0149265
27 0.5785554 0.5423413 0.0233336 0.0159926
10 0.5785554 0.4479845 0.0233336 0.0149265
3 0.3786288 0.5423413 0.0222730 0.0159926
17 0.4777966 0.4954294 0.0233336 0.0159927
1 0.4777966 0.4010726 0.0233336 0.0149265
22 0.4777966 0.3083151 0.0233336 0.0149265
3 0.2784003 0.4010726 0.0233336 0.0149265
3 0.4777966 0.4479845 0.0233336 0.0149265
28 0.3293100 0.4010726 0.0233336 0.0149265
30 0.5785554 0.3541608 0.0233336 0.0149265
22 0.4777966 0.3541608 0.0233336 0.0149265
5 0.4284779 0.4954294 0.0222730 0.0159927
15 0.3293100 0.3083151 0.0233336 0.0149265
28 0.3293100 0.4479845 0.0233336 0.0149265
27 0.2784003 0.5423413 0.0233336 0.0159926
8 0.3786288 0.4010726 0.0222730 0.0149265
25 0.5276457 0.3541608 0.0233336 0.0149265
28 0.3293100 0.3541608 0.0233336 0.0149265
23 0.5785554 0.4954294 0.0233336 0.0159927
12 0.2784003 0.3083151 0.0233336 0.0149265
15 0.2784003 0.4954294 0.0233336 0.0159927
19 0.4284779 0.5423413 0.0222730 0.0159926
24 0.3786288 0.4954294 0.0222730 0.0159927
22 0.3786288 0.3083151 0.0222730 0.0149265
27 0.5276457 0.3083151 0.0233336 0.0149265
7 0.2784003 0.4479845 0.0233336 0.0149265
3 0.3786288 0.4479845 0.0222730 0.0149265
