6 0.7355707 0.5600468 0.0262448 0.0165285
19 0.4015457 0.4410418 0.0262448 0.0165285
32 0.6013642 0.5137671 0.4783714 0.4793258
33 0.6753268 0.2862251 0.0107365 0.0132228
28 0.4683507 0.4410418 0.0262448 0.0165285
6 0.4683507 0.3815393 0.0262448 0.0165285
21 0.6687656 0.6195493 0.0262448 0.0165285
3 0.6687656 0.5005443 0.0262448 0.0165285
1 0.8023756 0.3815393 0.0262448 0.0165285
25 0.4683507 0.6195493 0.0262448 0.0165285
23 0.4015457 0.5600468 0.0262448 0.0165285
15 0.4015457 0.5005443 0.0262448 0.0165285
30 0.7355707 0.4410418 0.0262448 0.0165285
26 0.4015457 0.6195493 0.0262448 0.0165285
30 0.7355707 0.6195493 0.0262448 0.0165285
15 0.5351557 0.3815393 0.0262448 0.0165285
23 0.8023756 0.4410418 0.0262448 0.0165285
18 0.7355707 0.3815393 0.0262448 0.0165285
20 0.6019607 0.6195493 0.0262448 0.0165285
7 0.6019607 0.3815393 0.0262448 0.0165285
19 0.5351557 0.6195493 0.0262448 0.0165285
3 0.5351557 0.4410418 0.0262448 0.0165285
3 0.6687656 0.4410418 0.0262448 0.0165285
26 0.6019607 0.4410418 0.0262448 0.0165285
15 0.4015457 0.3815393 0.0262448 0.0165285
17 0.6687656 0.3815393 0.0262448 0.0165285
20 0.8023756 0.5005443 0.0262448 0.0165285
31 0.6019607 0.5600468 0.0262448 0.0165285
7 0.8023756 0.6195493 0.0262448 0.0165285
24 0.8023756 0.5600468 0.0262448 0.0165285
6 0.5351557 0.5005443 0.0262448 0.0165285
17 0.6687656 0.5600468 0.0262448 0.0165285
23 0.4683507 0.5005443 0.0262448 0.0165285
18 0.7355707 0.5005443 0.0262448 0.0165285
2 0.6019607 0.5005443 0.0262448 0.0165285
3 0.4683507 0.5600468 0.0262448 0.0165285
19 0.5351557 0.5600468 0.0262448 0.0165285
