26 0.4354205 0.6283678 0.0275362 0.0162760
13 0.2952361 0.5111801 0.0275362 0.0162760
32 0.3653283 0.4802555 0.5056650 0.4817717
33 0.4423045 0.2507629 0.0112648 0.0141059
31 0.2251439 0.3939924 0.0275362 0.0162761
10 0.5756048 0.3939924 0.0275362 0.0162761
34 0.1550518 0.4531287 0.0650856 0.0585939
19 0.1550518 0.4525862 0.0275362 0.0162760
12 0.2251439 0.6283678 0.0275362 0.0162760
18 0.5756048 0.5111801 0.0275362 0.0162760
26 0.2952361 0.3353985 0.0275362 0.0162761
23 0.5756048 0.6283678 0.0275362 0.0162760
18 0.4354205 0.3353985 0.0275362 0.0162761
10 0.5055126 0.5697739 0.0275362 0.0162761
14 0.2952361 0.4525862 0.0275362 0.0162760
11 0.5055126 0.5111801 0.0275362 0.0162760
7 0.2251439 0.4525862 0.0275362 0.0162760
31 0.2952361 0.6283678 0.0275362 0.0162760
19 0.5055126 0.3939924 0.0275362 0.0162761
5 0.5055126 0.4525862 0.0275362 0.0162760
23 0.3653283 0.6283678 0.0275362 0.0162760
1 0.4354205 0.3939924 0.0275362 0.0162761
3 0.2251439 0.5111801 0.0275362 0.0162760
27 0.4354205 0.5697739 0.0275362 0.0162761
3 0.2952361 0.5697739 0.0275362 0.0162761
21 0.3653283 0.3353985 0.0275362 0.0162761
24 0.5756048 0.5697739 0.0275362 0.0162761
19 0.5756048 0.3353985 0.0275362 0.0162761
21 0.5756048 0.4525862 0.0275362 0.0162760
2 0.5055126 0.3353985 0.0275362 0.0162761
2 0.5055126 0.6283678 0.0275362 0.0162760
5 0.2952361 0.3939924 0.0275362 0.0162761
11 0.1550518 0.3939924 0.0275362 0.0162761
30 0.3653283 0.4525862 0.0275362 0.0162760
5 0.1550518 0.6283678 0.0275362 0.0162760
30 0.4354205 0.4525862 0.0275362 0.0162760
26 0.3653283 0.5111801 0.0275362 0.0162760
15 0.4354205 0.5111801 0.0275362 0.0162760
27 0.3653283 0.5697739 0.0275362 0.0162761
19 0.2251439 0.5697739 0.0275362 0.0162761
12 0.2251439 0.3353985 0.0275362 0.0162761
19 0.1550518 0.5111801 0.0275362 0.0162760
9 0.1550518 0.5697739 0.0275362 0.0162761
31 0.3653283 0.3939924 0.0275362 0.0162761
2 0.1550518 0.3353985 0.0275362 0.0162761
