11 0.3915339 0.5794096 0.0242550 0.0159481
12 0.2371840 0.5326284 0.0242550 0.0159481
32 0.3424727 0.4284342 0.4112326 0.3987025
33 0.5172190 0.2732060 0.0088200 0.0116953
20 0.3915339 0.3460357 0.0242550 0.0148849
4 0.2371840 0.4385347 0.0242550 0.0148849
35 0.2890014 0.4385347 0.0441000 0.0425282
19 0.2884502 0.4385347 0.0231525 0.0148849
21 0.4962715 0.4385347 0.0242550 0.0148849
21 0.3402677 0.3917536 0.0231525 0.0148849
12 0.2884502 0.4853158 0.0231525 0.0148849
27 0.3915339 0.4385347 0.0242550 0.0148849
18 0.4962715 0.5326284 0.0242550 0.0159481
12 0.3915339 0.3917536 0.0242550 0.0148849
17 0.3402677 0.4385347 0.0231525 0.0148849
25 0.1842639 0.5326284 0.0242550 0.0159481
19 0.1842639 0.5794096 0.0242550 0.0159481
29 0.4962715 0.3460357 0.0242550 0.0148849
25 0.2884502 0.3917536 0.0231525 0.0148849
3 0.4433514 0.4853158 0.0242550 0.0148849
2 0.1842639 0.4853158 0.0242550 0.0148849
9 0.3402677 0.5794096 0.0231525 0.0159481
6 0.4962715 0.5794096 0.0242550 0.0159481
12 0.1842639 0.3917536 0.0242550 0.0148849
15 0.3915339 0.4853158 0.0242550 0.0148849
11 0.4433514 0.3917536 0.0242550 0.0148849
25 0.2371840 0.3917536 0.0242550 0.0148849
13 0.2884502 0.3460357 0.0231525 0.0148849
28 0.4433514 0.5794096 0.0242550 0.0159481
23 0.2371840 0.5794096 0.0242550 0.0159481
24 0.4433514 0.4385347 0.0242550 0.0148849
14 0.3402677 0.4853158 0.0231525 0.0148849
1 0.1842639 0.4385347 0.0242550 0.0148849
10 0.4433514 0.3460357 0.0242550 0.0148849
2 0.3915339 0.5326284 0.0242550 0.0159481
27 0.3402677 0.5326284 0.0231525 0.0159481
31 0.1842639 0.3460357 0.0242550 0.0148849
6 0.2371840 0.4853158 0.0242550 0.0148849
11 0.3402677 0.3460357 0.0231525 0.0148849
2 0.4962715 0.3917536 0.0242550 0.0148849
13 0.4433514 0.5326284 0.0242550 0.0159481
14 0.2884502 0.5326284 0.0231525 0.0159481
27 0.2884502 0.5794096 0.0231525 0.0159481
30 0.2371840 0.3460357 0.0242550 0.0148849
20 0.4962715 0.4853158 0.0242550 0.0148849
