5 0.2935306 0.3558502 0.0233253 0.0171892
11 0.5934275 0.4291908 0.0233253 0.0171892
32 0.4340378 0.4458070 0.3798694 0.5019245
33 0.5651039 0.2504231 0.0133288 0.0194811
22 0.3934962 0.4291908 0.0233253 0.0171892
9 0.5434446 0.5752989 0.0233253 0.0160432
22 0.3435134 0.4291908 0.0233253 0.0171892
9 0.4434790 0.5025314 0.0233253 0.0171892
31 0.5434446 0.4291908 0.0233253 0.0171892
6 0.3934962 0.5752989 0.0233253 0.0160432
21 0.2935306 0.5752989 0.0233253 0.0160432
17 0.3435134 0.5025314 0.0233253 0.0171892
17 0.4434790 0.5752989 0.0233253 0.0160432
10 0.4934618 0.3558502 0.0233253 0.0171892
6 0.3435134 0.3558502 0.0233253 0.0171892
4 0.4934618 0.5025314 0.0233253 0.0171892
7 0.2935306 0.4291908 0.0233253 0.0171892
23 0.2935306 0.5025314 0.0233253 0.0171892
23 0.4434790 0.6486395 0.0233253 0.0160433
13 0.4434790 0.4291908 0.0233253 0.0171892
7 0.5934275 0.6486395 0.0233253 0.0160433
12 0.4934618 0.6486395 0.0233253 0.0160433
23 0.5934275 0.5025314 0.0233253 0.0171892
3 0.4934618 0.5752989 0.0233253 0.0160432
14 0.3934962 0.3558502 0.0233253 0.0171892
27 0.3435134 0.5752989 0.0233253 0.0160432
14 0.4434790 0.3558502 0.0233253 0.0171892
18 0.5434446 0.5025314 0.0233253 0.0171892
25 0.4934618 0.4291908 0.0233253 0.0171892
27 0.5434446 0.6486395 0.0233253 0.0160433
29 0.2935306 0.6486395 0.0233253 0.0160433
23 0.3934962 0.5025314 0.0233253 0.0171892
13 0.3934962 0.6486395 0.0233253 0.0160433
12 0.5934275 0.5752989 0.0233253 0.0160432
18 0.5934275 0.3558502 0.0233253 0.0171892
6 0.3435134 0.6486395 0.0233253 0.0160433
25 0.5434446 0.3558502 0.0233253 0.0171892
