8 0.3821246 0.3003206 0.0238016 0.0173816
6 0.4331280 0.3744821 0.0238015 0.0173816
32 0.3214873 0.3171228 0.3876253 0.5075424
33 0.4552294 0.1195521 0.0136009 0.0196991
9 0.2801180 0.2261592 0.0238015 0.0173816
4 0.1781113 0.3744821 0.0238016 0.0173816
14 0.3311213 0.2261592 0.0238015 0.0173816
11 0.1781113 0.4480641 0.0238016 0.0162228
30 0.2291147 0.4480641 0.0238016 0.0162228
2 0.4331280 0.5222256 0.0238015 0.0162228
7 0.2291147 0.5222256 0.0238016 0.0162228
17 0.2801180 0.4480641 0.0238015 0.0162228
9 0.2291147 0.3744821 0.0238016 0.0173816
30 0.2291147 0.2261592 0.0238016 0.0173816
25 0.3821246 0.3744821 0.0238016 0.0173816
7 0.4841313 0.3003206 0.0238015 0.0173816
28 0.1781113 0.3003206 0.0238016 0.0173816
30 0.4841313 0.2261592 0.0238015 0.0173816
23 0.3311213 0.3744821 0.0238015 0.0173816
15 0.3311213 0.4480641 0.0238015 0.0162228
22 0.4331280 0.2261592 0.0238015 0.0173816
26 0.3821246 0.5222256 0.0238016 0.0162228
7 0.3311213 0.5222256 0.0238015 0.0162228
13 0.4331280 0.4480641 0.0238015 0.0162228
26 0.3821246 0.2261592 0.0238016 0.0173816
29 0.1781113 0.5222256 0.0238016 0.0162228
19 0.2801180 0.3003206 0.0238015 0.0173816
7 0.2801180 0.3744821 0.0238015 0.0173816
4 0.4841313 0.5222256 0.0238015 0.0162228
2 0.4841313 0.4480641 0.0238015 0.0162228
19 0.4331280 0.3003206 0.0238015 0.0173816
30 0.3311213 0.3003206 0.0238015 0.0173816
31 0.2801180 0.5222256 0.0238015 0.0162228
21 0.4841313 0.3744821 0.0238015 0.0173816
7 0.2291147 0.3003206 0.0238016 0.0173816
7 0.1781113 0.2261592 0.0238016 0.0173816
19 0.3821246 0.4480641 0.0238016 0.0162228
