16 0.7586425 0.6973674 0.0243477 0.0152900
27 0.5499478 0.6274704 0.0243477 0.0152900
32 0.6444401 0.5040587 0.3965200 0.4783570
33 0.7812511 0.3178489 0.0139130 0.0185664
28 0.7586425 0.4882227 0.0243477 0.0163821
21 0.4977741 0.5581196 0.0243477 0.0163821
11 0.4977741 0.6274704 0.0243477 0.0152900
13 0.7586425 0.6274704 0.0243477 0.0152900
5 0.5499478 0.4882227 0.0243477 0.0163821
2 0.7586425 0.4183257 0.0243477 0.0163821
18 0.6021215 0.6973674 0.0243477 0.0152900
13 0.5499478 0.4183257 0.0243477 0.0163821
3 0.6021215 0.4882227 0.0243477 0.0163821
22 0.7064688 0.6274704 0.0243477 0.0152900
22 0.5499478 0.5581196 0.0243477 0.0163821
10 0.5499478 0.6973674 0.0243477 0.0152900
29 0.6021215 0.6274704 0.0243477 0.0152900
23 0.7064688 0.4183257 0.0243477 0.0163821
10 0.7064688 0.4882227 0.0243477 0.0163821
25 0.6542952 0.4882227 0.0243477 0.0163821
23 0.6542952 0.4183257 0.0243477 0.0163821
13 0.8108162 0.4183257 0.0243477 0.0163821
3 0.8108162 0.6274704 0.0243477 0.0152900
22 0.4977741 0.4183257 0.0243477 0.0163821
6 0.6542952 0.5581196 0.0243477 0.0163821
25 0.8108162 0.6973674 0.0243477 0.0152900
4 0.7064688 0.5581196 0.0243477 0.0163821
16 0.8108162 0.5581196 0.0243477 0.0163821
14 0.4977741 0.6973674 0.0243477 0.0152900
5 0.6021215 0.5581196 0.0243477 0.0163821
24 0.7586425 0.5581196 0.0243477 0.0163821
9 0.6542952 0.6973674 0.0243477 0.0152900
18 0.7064688 0.6973674 0.0243477 0.0152900
29 0.6542952 0.6274704 0.0243477 0.0152900
5 0.4977741 0.4882227 0.0243477 0.0163821
12 0.8108162 0.4882227 0.0243477 0.0163821
10 0.6021215 0.4183257 0.0243477 0.0163821
