5 0.1865908 0.5174529 0.0235818 0.0164399
6 0.4899378 0.3722343 0.0235817 0.0153438
32 0.3404081 0.4100460 0.3998178 0.4109961
33 0.5103039 0.2500315 0.0085752 0.0120559
35 0.2380419 0.3722343 0.0428759 0.0438396
16 0.2380419 0.3722343 0.0235817 0.0153438
2 0.4899378 0.4204579 0.0235817 0.0153438
31 0.2878851 0.4686814 0.0225099 0.0153438
3 0.4899378 0.4686814 0.0235817 0.0153438
30 0.4384867 0.5656765 0.0235817 0.0164399
19 0.3881075 0.3722343 0.0235817 0.0153438
24 0.3382643 0.5656765 0.0225099 0.0164399
27 0.4899378 0.5656765 0.0235817 0.0164399
25 0.1865908 0.3722343 0.0235818 0.0153438
1 0.3881075 0.4686814 0.0235817 0.0153438
28 0.3382643 0.4204579 0.0225099 0.0153438
11 0.1865908 0.4686814 0.0235818 0.0153438
18 0.2380419 0.5174529 0.0235817 0.0164399
12 0.2878851 0.4204579 0.0225099 0.0153438
3 0.4384867 0.4204579 0.0235817 0.0153438
29 0.2878851 0.3251068 0.0225099 0.0153438
10 0.4899378 0.5174529 0.0235817 0.0164399
30 0.3881075 0.4204579 0.0235817 0.0153438
2 0.2380419 0.4686814 0.0235817 0.0153438
8 0.2878851 0.5174529 0.0225099 0.0164399
30 0.3881075 0.3251068 0.0235817 0.0153438
24 0.4899378 0.3251068 0.0235817 0.0153438
7 0.2878851 0.5656765 0.0225099 0.0164399
16 0.2878851 0.3722343 0.0225099 0.0153438
6 0.2380419 0.5656765 0.0235817 0.0164399
12 0.4384867 0.4686814 0.0235817 0.0153438
24 0.1865908 0.5656765 0.0235818 0.0164399
2 0.3382643 0.5174529 0.0225099 0.0164399
14 0.3382643 0.3722343 0.0225099 0.0153438
30 0.4384867 0.5174529 0.0235817 0.0164399
17 0.1865908 0.4204579 0.0235818 0.0153438
7 0.3382643 0.4686814 0.0225099 0.0153438
25 0.2380419 0.3251068 0.0235817 0.0153438
3 0.2380419 0.4204579 0.0235817 0.0153438
30 0.1865908 0.3251068 0.0235818 0.0153438
19 0.4384867 0.3251068 0.0235817 0.0153438
4 0.4384867 0.3722343 0.0235817 0.0153438
6 0.3881075 0.5174529 0.0235817 0.0164399
4 0.3382643 0.3251068 0.0225099 0.0153438
14 0.3881075 0.5656765 0.0235817 0.0164399
