14 0.5138488 0.2472404 0.0222849 0.0173282
11 0.6571086 0.4684638 0.0222849 0.0161730
32 0.6003352 0.3379247 0.3629246 0.5059835
33 0.7255549 0.1409608 0.0127342 0.0196386
19 0.7048618 0.3951077 0.0222849 0.0173282
9 0.6093553 0.3951077 0.0222849 0.0173282
30 0.5138488 0.5423975 0.0222849 0.0161730
26 0.5138488 0.3211741 0.0222849 0.0173282
1 0.5616021 0.3951077 0.0222848 0.0173282
15 0.7526150 0.2472404 0.0222848 0.0173282
1 0.5616021 0.5423975 0.0222848 0.0161730
24 0.6093553 0.5423975 0.0222849 0.0161730
31 0.7526150 0.3211741 0.0222848 0.0173282
22 0.7526150 0.4684638 0.0222848 0.0161730
28 0.4660956 0.2472404 0.0222849 0.0173282
18 0.6571086 0.2472404 0.0222849 0.0173282
8 0.5616021 0.2472404 0.0222848 0.0173282
4 0.4660956 0.3211741 0.0222849 0.0173282
8 0.5616021 0.4684638 0.0222848 0.0161730
22 0.7526150 0.3951077 0.0222848 0.0173282
6 0.7048618 0.3211741 0.0222849 0.0173282
21 0.4660956 0.5423975 0.0222849 0.0161730
2 0.6093553 0.3211741 0.0222849 0.0173282
12 0.5138488 0.4684638 0.0222849 0.0161730
23 0.6571086 0.5423975 0.0222849 0.0161730
23 0.6571086 0.3951077 0.0222849 0.0173282
28 0.7526150 0.5423975 0.0222848 0.0161730
20 0.5138488 0.3951077 0.0222849 0.0173282
6 0.7048618 0.2472404 0.0222849 0.0173282
3 0.7048618 0.4684638 0.0222849 0.0161730
15 0.5616021 0.3211741 0.0222848 0.0173282
26 0.4660956 0.3951077 0.0222849 0.0173282
24 0.6093553 0.4684638 0.0222849 0.0161730
27 0.7048618 0.5423975 0.0222849 0.0161730
13 0.4660956 0.4684638 0.0222849 0.0161730
7 0.6571086 0.3211741 0.0222849 0.0173282
29 0.6093553 0.2472404 0.0222849 0.0173282
