24 0.6157698 0.5585090 0.0264827 0.0159658
15 0.6157698 0.6734629 0.0264827 0.0159658
32 0.4803470 0.5712816 0.4827070 0.4630091
33 0.5549800 0.3514853 0.0108338 0.0127727
14 0.2787176 0.4435550 0.0264827 0.0159658
34 0.6157698 0.5015642 0.0625954 0.0574770
8 0.6157698 0.5010320 0.0264827 0.0159658
2 0.5483594 0.5585090 0.0264827 0.0159658
4 0.3461280 0.7309400 0.0264827 0.0159658
15 0.5483594 0.6159860 0.0264827 0.0159658
26 0.4809489 0.6734629 0.0264827 0.0159658
14 0.4135384 0.4435550 0.0264827 0.0159658
20 0.4135384 0.5010320 0.0264827 0.0159658
5 0.6831803 0.7309400 0.0264827 0.0159658
28 0.3461280 0.5010320 0.0264827 0.0159658
31 0.4135384 0.6159860 0.0264827 0.0159658
15 0.4809489 0.5585090 0.0264827 0.0159658
4 0.2787176 0.7309400 0.0264827 0.0159658
5 0.6831803 0.5010320 0.0264827 0.0159658
4 0.3461280 0.6159860 0.0264827 0.0159658
1 0.4135384 0.5585090 0.0264827 0.0159658
18 0.6157698 0.4435550 0.0264827 0.0159658
14 0.6157698 0.7309400 0.0264827 0.0159658
21 0.4135384 0.7309400 0.0264827 0.0159658
7 0.4809489 0.7309400 0.0264827 0.0159658
25 0.2787176 0.6159860 0.0264827 0.0159658
18 0.4135384 0.6734629 0.0264827 0.0159658
4 0.6831803 0.6734629 0.0264827 0.0159658
17 0.5483594 0.5010320 0.0264827 0.0159658
20 0.4809489 0.5010320 0.0264827 0.0159658
29 0.2787176 0.5585090 0.0264827 0.0159658
18 0.3461280 0.5585090 0.0264827 0.0159658
4 0.5483594 0.4435550 0.0264827 0.0159658
21 0.2787176 0.6734629 0.0264827 0.0159658
24 0.6831803 0.6159860 0.0264827 0.0159658
21 0.5483594 0.7309400 0.0264827 0.0159658
29 0.5483594 0.6734629 0.0264827 0.0159658
24 0.3461280 0.4435550 0.0264827 0.0159658
2 0.6157698 0.6159860 0.0264827 0.0159658
31 0.4809489 0.6159860 0.0264827 0.0159658
24 0.6831803 0.5585090 0.0264827 0.0159658
6 0.6831803 0.4435550 0.0264827 0.0159658
18 0.2787176 0.5010320 0.0264827 0.0159658
31 0.3461280 0.6734629 0.0264827 0.0159658
26 0.4809489 0.4435550 0.0264827 0.0159658
