20 0.5524310 0.4467580 0.0278484 0.0170014
1 0.6942047 0.2631431 0.0278484 0.0170014
32 0.6239508 0.3798859 0.5126640 0.4998407
33 0.6992681 0.1577345 0.0101268 0.0124677
34 0.4106573 0.3237813 0.0658236 0.0612050
29 0.4106573 0.3237814 0.0278484 0.0158680
11 0.5524310 0.3237814 0.0278484 0.0158680
18 0.7650916 0.4467580 0.0278484 0.0170014
6 0.5524310 0.5079630 0.0278484 0.0170013
6 0.5524310 0.2631431 0.0278484 0.0170014
15 0.7650916 0.5079630 0.0278484 0.0170013
27 0.6233179 0.5079630 0.0278484 0.0170013
15 0.4815441 0.4467580 0.0278484 0.0170014
8 0.6233179 0.2631431 0.0278484 0.0170014
26 0.6942047 0.3855530 0.0278484 0.0170014
28 0.4815441 0.5079630 0.0278484 0.0170013
16 0.6233179 0.5686013 0.0278484 0.0158679
13 0.8359785 0.3855530 0.0278484 0.0170014
21 0.6233179 0.4467580 0.0278484 0.0170014
4 0.4106573 0.5079630 0.0278484 0.0170013
21 0.8359785 0.5079630 0.0278484 0.0170013
17 0.4106573 0.4467580 0.0278484 0.0170014
9 0.4106573 0.5686013 0.0278484 0.0158679
31 0.5524310 0.3855530 0.0278484 0.0170014
22 0.4815441 0.3855530 0.0278484 0.0170014
2 0.5524310 0.5686013 0.0278484 0.0158679
20 0.7650916 0.5686013 0.0278484 0.0158679
27 0.4815441 0.5686013 0.0278484 0.0158679
7 0.4815441 0.3237814 0.0278484 0.0158680
12 0.4106573 0.3855530 0.0278484 0.0170014
24 0.8359785 0.4467580 0.0278484 0.0170014
31 0.8359785 0.5686013 0.0278484 0.0158679
3 0.7650916 0.2631431 0.0278484 0.0170014
21 0.6942047 0.5686013 0.0278484 0.0158679
12 0.4815441 0.2631431 0.0278484 0.0170014
25 0.7650916 0.3237814 0.0278484 0.0158680
15 0.6233179 0.3855530 0.0278484 0.0170014
22 0.8359785 0.3237814 0.0278484 0.0158680
29 0.8359785 0.2631431 0.0278484 0.0170014
6 0.6942047 0.5079630 0.0278484 0.0170013
3 0.4106573 0.2631431 0.0278484 0.0170014
26 0.6942047 0.3237814 0.0278484 0.0158680
29 0.6942047 0.4467580 0.0278484 0.0170014
22 0.6233179 0.3237814 0.0278484 0.0158680
21 0.7650916 0.3855530 0.0278484 0.0170014
