26 0.3864114 0.6605073 0.0283831 0.0172511
31 0.3141634 0.6605073 0.0283832 0.0172511
32 0.4586594 0.5035227 0.5212181 0.5106315
33 0.5380033 0.2602826 0.0116113 0.0149509
34 0.4586595 0.4747709 0.0670875 0.0621039
2 0.4586594 0.4741958 0.0283831 0.0172511
31 0.6031556 0.4741958 0.0283832 0.0172511
26 0.4586594 0.5362997 0.0283831 0.0172510
8 0.6754036 0.5984035 0.0283831 0.0172510
29 0.2419153 0.4741958 0.0283832 0.0172511
8 0.3141634 0.5362997 0.0283832 0.0172510
12 0.2419153 0.5362997 0.0283832 0.0172510
4 0.4586594 0.4120920 0.0283831 0.0172511
7 0.5309075 0.6605073 0.0283832 0.0172511
23 0.6031556 0.3499882 0.0283832 0.0172511
22 0.3864114 0.5984035 0.0283831 0.0172510
21 0.6754036 0.6605073 0.0283831 0.0172511
2 0.3864114 0.4120920 0.0283831 0.0172511
4 0.5309075 0.3499882 0.0283832 0.0172511
8 0.3141634 0.4741958 0.0283832 0.0172511
16 0.5309075 0.5984035 0.0283832 0.0172510
23 0.4586594 0.5984035 0.0283831 0.0172510
19 0.6754036 0.4120920 0.0283831 0.0172511
23 0.6754036 0.4741958 0.0283831 0.0172511
18 0.5309075 0.4741958 0.0283832 0.0172511
8 0.3864114 0.4741958 0.0283831 0.0172511
17 0.6031556 0.5362997 0.0283832 0.0172510
12 0.2419153 0.6605073 0.0283832 0.0172511
14 0.3864114 0.3499882 0.0283831 0.0172511
25 0.5309075 0.4120920 0.0283832 0.0172511
29 0.2419153 0.3499882 0.0283832 0.0172511
31 0.4586594 0.6605073 0.0283831 0.0172511
30 0.2419153 0.5984035 0.0283832 0.0172510
21 0.6031556 0.5984035 0.0283832 0.0172510
31 0.2419153 0.4120920 0.0283832 0.0172511
25 0.3141634 0.4120920 0.0283832 0.0172511
27 0.6754036 0.3499882 0.0283831 0.0172511
5 0.6031556 0.4120920 0.0283832 0.0172511
16 0.3141634 0.5984035 0.0283832 0.0172510
3 0.3864114 0.5362997 0.0283831 0.0172510
6 0.5309075 0.5362997 0.0283832 0.0172510
2 0.6031556 0.6605073 0.0283832 0.0172511
4 0.3141634 0.3499882 0.0283832 0.0172511
19 0.6754036 0.5362997 0.0283831 0.0172510
28 0.4586594 0.3499882 0.0283831 0.0172511
