26 0.6708577 0.1562709 0.0247019 0.0156913
16 0.5658748 0.0587605 0.0235791 0.0156913
32 0.5709275 0.1565872 0.4244229 0.3109521
3 0.5131027 0.2055864 0.0235790 0.0156913
5 0.5131027 0.2554624 0.0235790 0.0168121
5 0.6180855 0.0587605 0.0247018 0.0156913
3 0.7247527 0.0587605 0.0247019 0.0156913
4 0.6180855 0.1562709 0.0247018 0.0156913
7 0.5131027 0.1069553 0.0235790 0.0156913
25 0.4069969 0.1562709 0.0247019 0.0156913
9 0.4608919 0.2554624 0.0247019 0.0168121
17 0.5131027 0.1562709 0.0235790 0.0156913
18 0.6180855 0.1069553 0.0247018 0.0156913
28 0.5658748 0.2055864 0.0235791 0.0156913
19 0.4069969 0.1069553 0.0247019 0.0156913
12 0.6180855 0.2554624 0.0247018 0.0168121
19 0.7247527 0.2055864 0.0247019 0.0156913
17 0.6708577 0.1069553 0.0247019 0.0156913
19 0.5658748 0.1562709 0.0235791 0.0156913
26 0.4069969 0.2554624 0.0247019 0.0168121
30 0.7247527 0.1069553 0.0247019 0.0156913
26 0.6180855 0.2055864 0.0247018 0.0156913
3 0.4608919 0.1069553 0.0247019 0.0156913
10 0.4608919 0.1562709 0.0247019 0.0156913
23 0.5658748 0.1069553 0.0235791 0.0156913
22 0.6708577 0.2055864 0.0247019 0.0156913
10 0.7247527 0.2554624 0.0247019 0.0168121
27 0.5131027 0.0587605 0.0235790 0.0156913
22 0.7247527 0.1562709 0.0247019 0.0156913
7 0.6708577 0.2554624 0.0247019 0.0168121
12 0.4069969 0.2055864 0.0247019 0.0156913
9 0.4069969 0.0587605 0.0247019 0.0156913
20 0.4608919 0.0587605 0.0247019 0.0156913
14 0.6708577 0.0587605 0.0247019 0.0156913
30 0.5658748 0.2554624 0.0235791 0.0168121
27 0.4608919 0.2055864 0.0247019 0.0156913
