17 0.4709946 0.4069992 0.0248945 0.0149628
11 0.4709946 0.3514231 0.0248945 0.0149628
32 0.6458222 0.3375290 0.4084968 0.4082709
33 0.8308339 0.1499596 0.0113157 0.0160316
34 0.6463880 0.2392020 0.0497891 0.0470260
1 0.6469538 0.2397364 0.0237630 0.0160316
12 0.8229130 0.3514231 0.0248945 0.0149628
7 0.7652029 0.5176172 0.0248945 0.0160316
16 0.4709946 0.4615066 0.0248945 0.0149628
2 0.5298363 0.3514231 0.0248945 0.0149628
23 0.7652029 0.3514231 0.0248945 0.0149628
25 0.5298363 0.2397364 0.0248945 0.0160316
8 0.7057955 0.5176172 0.0237630 0.0160316
18 0.5875464 0.4069992 0.0248945 0.0149628
10 0.6469538 0.4069992 0.0237630 0.0149628
30 0.8229130 0.4615066 0.0248945 0.0149628
12 0.8229130 0.2953126 0.0248945 0.0160316
24 0.7057955 0.2953126 0.0237630 0.0160316
1 0.7057955 0.4069992 0.0237630 0.0149628
21 0.4709946 0.5176172 0.0248945 0.0160316
28 0.7652029 0.4615066 0.0248945 0.0149628
27 0.5298363 0.5176172 0.0248945 0.0160316
9 0.6469538 0.2953126 0.0237630 0.0160316
1 0.8229130 0.4069992 0.0248945 0.0149628
12 0.6469538 0.5176172 0.0237630 0.0160316
15 0.4709946 0.2397364 0.0248945 0.0160316
19 0.5875464 0.2397364 0.0248945 0.0160316
21 0.7652029 0.2397364 0.0248945 0.0160316
14 0.4709946 0.2953126 0.0248945 0.0160316
12 0.7057955 0.4615066 0.0237630 0.0149628
11 0.5875464 0.3514231 0.0248945 0.0149628
20 0.8229130 0.5176172 0.0248945 0.0160316
11 0.6469538 0.4615066 0.0237630 0.0149628
4 0.7057955 0.2397364 0.0237630 0.0160316
15 0.5298363 0.4615066 0.0248945 0.0149628
5 0.5875464 0.2953126 0.0248945 0.0160316
30 0.5298363 0.2953126 0.0248945 0.0160316
22 0.7057955 0.3514231 0.0237630 0.0149628
31 0.8229130 0.2397364 0.0248945 0.0160316
19 0.7652029 0.4069992 0.0248945 0.0149628
22 0.5298363 0.4069992 0.0248945 0.0149628
20 0.5875464 0.4615066 0.0248945 0.0149628
18 0.6469538 0.3514231 0.0237630 0.0149628
11 0.7652029 0.2953126 0.0248945 0.0160316
11 0.5875464 0.5176172 0.0248945 0.0160316
