31 0.6456508 0.2674212 0.0262371 0.0161069
28 0.5120801 0.4543769 0.0262371 0.0172575
32 0.5794618 0.3243708 0.4830012 0.5073690
33 0.6504211 0.0988734 0.0095408 0.0126555
29 0.3785094 0.2058696 0.0262371 0.0172575
1 0.5120801 0.3922501 0.0262371 0.0172575
22 0.7124361 0.3301233 0.0262370 0.0172574
1 0.7124361 0.2674212 0.0262370 0.0161069
26 0.4452948 0.2674212 0.0262371 0.0161069
25 0.7792215 0.2058696 0.0262371 0.0172575
30 0.3785094 0.3922501 0.0262371 0.0172575
31 0.5120801 0.2058696 0.0262371 0.0172575
18 0.7124361 0.4543769 0.0262370 0.0172575
9 0.6456508 0.3301233 0.0262371 0.0172574
19 0.3785094 0.3301233 0.0262371 0.0172574
22 0.5120801 0.3301233 0.0262371 0.0172574
5 0.4452948 0.3301233 0.0262371 0.0172574
30 0.5120801 0.2674212 0.0262371 0.0161069
10 0.5788655 0.2674212 0.0262371 0.0161069
31 0.6456508 0.3922501 0.0262371 0.0172575
20 0.4452948 0.3922501 0.0262371 0.0172575
17 0.7792215 0.4543769 0.0262371 0.0172575
31 0.7124361 0.3922501 0.0262370 0.0172575
6 0.5788655 0.4543769 0.0262371 0.0172575
4 0.3785094 0.2674212 0.0262371 0.0161069
14 0.5788655 0.2058696 0.0262371 0.0172575
29 0.4452948 0.4543769 0.0262371 0.0172575
9 0.7792215 0.3922501 0.0262371 0.0172575
28 0.3785094 0.4543769 0.0262371 0.0172575
12 0.7792215 0.3301233 0.0262371 0.0172574
17 0.6456508 0.4543769 0.0262371 0.0172575
31 0.7124361 0.2058696 0.0262370 0.0172575
24 0.4452948 0.2058696 0.0262371 0.0172575
7 0.5788655 0.3922501 0.0262371 0.0172575
7 0.5788655 0.3301233 0.0262371 0.0172574
8 0.7792215 0.2674212 0.0262371 0.0161069
10 0.6456508 0.2058696 0.0262371 0.0172575
