30 0.4814088 0.4728249 0.0280462 0.0174774
24 0.6241895 0.5357436 0.0280462 0.0174774
32 0.4093811 0.4238880 0.5112056 0.5068459
33 0.4884204 0.1832819 0.0114735 0.0139819
26 0.6241895 0.3469872 0.0280462 0.0174775
30 0.2672379 0.5357436 0.0280462 0.0174774
30 0.1958476 0.3469872 0.0280462 0.0174775
20 0.3386282 0.5357436 0.0280462 0.0174774
18 0.4100185 0.4099060 0.0280462 0.0174774
21 0.3386282 0.4728249 0.0280462 0.0174774
25 0.1958476 0.5357436 0.0280462 0.0174774
19 0.1958476 0.4099060 0.0280462 0.0174774
26 0.3386282 0.4099060 0.0280462 0.0174774
18 0.1958476 0.4728249 0.0280462 0.0174774
23 0.5527991 0.5357436 0.0280462 0.0174774
29 0.5527991 0.3469872 0.0280462 0.0174775
6 0.2672379 0.3469872 0.0280462 0.0174775
26 0.2672379 0.4099060 0.0280462 0.0174774
26 0.4100185 0.3469872 0.0280462 0.0174775
26 0.4814088 0.4099060 0.0280462 0.0174774
16 0.4100185 0.2840685 0.0280462 0.0174775
23 0.2672379 0.4728249 0.0280462 0.0174774
26 0.5527991 0.2840685 0.0280462 0.0174775
29 0.4100185 0.4728249 0.0280462 0.0174774
18 0.4814088 0.5357436 0.0280462 0.0174774
5 0.4814088 0.3469872 0.0280462 0.0174775
28 0.5527991 0.4728249 0.0280462 0.0174774
17 0.3386282 0.2840685 0.0280462 0.0174775
25 0.4814088 0.2840685 0.0280462 0.0174775
17 0.2672379 0.2840685 0.0280462 0.0174775
2 0.6241895 0.2840685 0.0280462 0.0174775
7 0.5527991 0.4099060 0.0280462 0.0174774
29 0.1958476 0.2840685 0.0280462 0.0174775
15 0.4100185 0.5357436 0.0280462 0.0174774
2 0.3386282 0.3469872 0.0280462 0.0174775
20 0.6241895 0.4099060 0.0280462 0.0174774
31 0.6241895 0.4728249 0.0280462 0.0174774
