14 0.2956265 0.3303780 0.0269447 0.0168816
19 0.5699728 0.3303780 0.0269447 0.0168816
32 0.3642131 0.4806244 0.4948032 0.4996957
33 0.4395358 0.2425936 0.0110228 0.0146307
13 0.2270399 0.3303780 0.0269447 0.0168816
19 0.1584533 0.3911518 0.0269447 0.0168816
3 0.2270399 0.3911518 0.0269447 0.0168816
22 0.1584533 0.4519256 0.0269447 0.0168816
27 0.3642131 0.4519256 0.0269447 0.0168816
3 0.3642131 0.3303780 0.0269447 0.0168816
8 0.3642131 0.5126994 0.0269447 0.0168816
17 0.3642131 0.5734732 0.0269447 0.0168816
2 0.4327997 0.5734732 0.0269447 0.0168816
18 0.2270399 0.5734732 0.0269447 0.0168816
14 0.5699728 0.5126994 0.0269447 0.0168816
26 0.2956265 0.3911518 0.0269447 0.0168816
1 0.4327997 0.3911518 0.0269447 0.0168816
21 0.4327997 0.5126994 0.0269447 0.0168816
13 0.5013862 0.5126994 0.0269447 0.0168816
21 0.5699728 0.3911518 0.0269447 0.0168816
31 0.2956265 0.5734732 0.0269447 0.0168816
12 0.5013862 0.4519256 0.0269447 0.0168816
11 0.1584533 0.3303780 0.0269447 0.0168816
8 0.5699728 0.4519256 0.0269447 0.0168816
8 0.4327997 0.4519256 0.0269447 0.0168816
1 0.5699728 0.5734732 0.0269447 0.0168816
18 0.2270399 0.5126994 0.0269447 0.0168816
24 0.4327997 0.3303780 0.0269447 0.0168816
13 0.5013862 0.3911518 0.0269447 0.0168816
7 0.2270399 0.4519256 0.0269447 0.0168816
17 0.2956265 0.4519256 0.0269447 0.0168816
31 0.1584533 0.5126994 0.0269447 0.0168816
12 0.1584533 0.5734732 0.0269447 0.0168816
2 0.5013862 0.5734732 0.0269447 0.0168816
19 0.5013862 0.3303780 0.0269447 0.0168816
25 0.2956265 0.5126994 0.0269447 0.0168816
19 0.3642131 0.3911518 0.0269447 0.0168816
