13 0.3565152 0.4367030 0.0237114 0.0160192
9 0.4125603 0.4367030 0.0237114 0.0160192
32 0.5187228 0.3423046 0.3890827 0.3924684
33 0.7008695 0.1603732 0.0097001 0.0148749
21 0.6917083 0.2576321 0.0237114 0.0171634
31 0.5801569 0.4950584 0.0226336 0.0160192
7 0.3565152 0.3772034 0.0237114 0.0160191
19 0.6917083 0.4950584 0.0237114 0.0160192
6 0.3565152 0.2576321 0.0237114 0.0171634
21 0.5241117 0.4950584 0.0226336 0.0160192
6 0.4125603 0.2576321 0.0237114 0.0171634
8 0.4125603 0.4950584 0.0237114 0.0160192
30 0.4675277 0.3772034 0.0237114 0.0160191
11 0.3565152 0.3171317 0.0237114 0.0171633
25 0.5801569 0.4367030 0.0226336 0.0160192
24 0.5241117 0.4367030 0.0226336 0.0160192
7 0.4675277 0.3171317 0.0237114 0.0171633
12 0.4675277 0.4950584 0.0237114 0.0160192
22 0.6917083 0.3171317 0.0237114 0.0171633
7 0.5801569 0.2576321 0.0226336 0.0171634
5 0.5241117 0.3171317 0.0226336 0.0171633
28 0.5241117 0.3772034 0.0226336 0.0160191
18 0.5801569 0.3772034 0.0226336 0.0160191
3 0.6367410 0.4367030 0.0237114 0.0160192
2 0.3565152 0.4950584 0.0237114 0.0160192
17 0.4675277 0.4367030 0.0237114 0.0160192
1 0.6367410 0.3772034 0.0237114 0.0160191
5 0.6917083 0.3772034 0.0237114 0.0160191
10 0.4125603 0.3171317 0.0237114 0.0171633
2 0.5801569 0.3171317 0.0226336 0.0171633
27 0.4675277 0.2576321 0.0237114 0.0171634
4 0.6367410 0.4950584 0.0237114 0.0160192
28 0.6367410 0.2576321 0.0237114 0.0171634
17 0.6367410 0.3171317 0.0237114 0.0171633
20 0.6917083 0.4367030 0.0237114 0.0160192
13 0.4125603 0.3772034 0.0237114 0.0160191
28 0.5241117 0.2576321 0.0226336 0.0171634
