22 0.5936581 0.5486494 0.0271717 0.0163378
20 0.3861651 0.5486494 0.0271717 0.0163378
32 0.3855476 0.4647817 0.4952659 0.4825117
33 0.4615048 0.2371407 0.0123508 0.0141595
30 0.5244938 0.3722005 0.0271717 0.0163379
11 0.5244938 0.5486494 0.0271717 0.0163378
12 0.3170008 0.4898331 0.0271717 0.0163378
14 0.3170008 0.3722005 0.0271717 0.0163379
10 0.3861651 0.6074657 0.0271717 0.0163378
6 0.4553294 0.4310168 0.0271717 0.0163379
17 0.2478365 0.6074657 0.0271717 0.0163378
25 0.3170008 0.4310168 0.0271717 0.0163379
5 0.5936581 0.4898331 0.0271717 0.0163378
30 0.3861651 0.4310168 0.0271717 0.0163379
18 0.5936581 0.4310168 0.0271717 0.0163379
7 0.5244938 0.6074657 0.0271717 0.0163378
15 0.3170008 0.5486494 0.0271717 0.0163378
26 0.5936581 0.3722005 0.0271717 0.0163379
3 0.2478365 0.5486494 0.0271717 0.0163378
8 0.5244938 0.4898331 0.0271717 0.0163378
24 0.3861651 0.4898331 0.0271717 0.0163378
4 0.1786721 0.6074657 0.0271717 0.0163378
18 0.1786721 0.3722005 0.0271717 0.0163379
11 0.1786721 0.4898331 0.0271717 0.0163378
5 0.3861651 0.3722005 0.0271717 0.0163379
6 0.2478365 0.3722005 0.0271717 0.0163379
30 0.4553294 0.5486494 0.0271717 0.0163378
10 0.4553294 0.4898331 0.0271717 0.0163378
5 0.1786721 0.5486494 0.0271717 0.0163378
3 0.5936581 0.6074657 0.0271717 0.0163378
14 0.2478365 0.4310168 0.0271717 0.0163379
5 0.1786721 0.4310168 0.0271717 0.0163379
17 0.4553294 0.3722005 0.0271717 0.0163379
19 0.3170008 0.6074657 0.0271717 0.0163378
30 0.4553294 0.6074657 0.0271717 0.0163378
19 0.2478365 0.4898331 0.0271717 0.0163378
13 0.5244938 0.4310168 0.0271717 0.0163379
