26 0.2423744 0.4511263 0.0236786 0.0152621
17 0.4953053 0.4990929 0.0236787 0.0152621
32 0.3995145 0.4206021 0.4068421 0.3641105
33 0.5674176 0.2826980 0.0086105 0.0141720
12 0.4447192 0.5476046 0.0236786 0.0163523
30 0.5469678 0.4031596 0.0236787 0.0152621
15 0.5469678 0.4990929 0.0236787 0.0152621
8 0.3440849 0.4511263 0.0226023 0.0152621
22 0.4447192 0.3562831 0.0236786 0.0152621
27 0.3946711 0.4990929 0.0226023 0.0152621
6 0.2940369 0.4511263 0.0236786 0.0152621
13 0.4447192 0.4990929 0.0236786 0.0152621
10 0.3946711 0.4031596 0.0226023 0.0152621
19 0.4953053 0.5476046 0.0236787 0.0163523
27 0.4953053 0.4511263 0.0236787 0.0152621
24 0.5469678 0.4511263 0.0236787 0.0152621
19 0.4953053 0.3562831 0.0236787 0.0152621
27 0.2423744 0.4990929 0.0236786 0.0152621
29 0.3440849 0.3562831 0.0226023 0.0152621
25 0.3440849 0.4990929 0.0226023 0.0152621
27 0.5469678 0.3562831 0.0236787 0.0152621
10 0.3440849 0.4031596 0.0226023 0.0152621
18 0.3946711 0.4511263 0.0226023 0.0152621
20 0.4447192 0.4511263 0.0236786 0.0152621
12 0.2940369 0.4031596 0.0236786 0.0152621
15 0.2423744 0.4031596 0.0236786 0.0152621
10 0.2940369 0.5476046 0.0236786 0.0163523
23 0.2423744 0.5476046 0.0236786 0.0163523
6 0.2940369 0.3562831 0.0236786 0.0152621
21 0.5469678 0.5476046 0.0236787 0.0163523
6 0.3946711 0.3562831 0.0226023 0.0152621
2 0.2940369 0.4990929 0.0236786 0.0152621
20 0.4447192 0.4031596 0.0236786 0.0152621
17 0.3946711 0.5476046 0.0226023 0.0163523
16 0.2423744 0.3562831 0.0236786 0.0152621
20 0.3440849 0.5476046 0.0226023 0.0163523
27 0.4953053 0.4031596 0.0236787 0.0152621
