28 0.7179281 0.3418208 0.0251002 0.0165150
25 0.3950490 0.1959390 0.0251001 0.0154139
32 0.5587703 0.1965136 0.4255613 0.3908051
33 0.7396054 0.0247342 0.0091273 0.0121109
35 0.4498130 0.1474952 0.0456366 0.0440398
16 0.4498130 0.1474952 0.0251001 0.0154139
5 0.5028655 0.1474952 0.0239592 0.0154139
22 0.6095410 0.1474952 0.0251002 0.0154139
13 0.5028655 0.3418208 0.0239592 0.0165150
16 0.6631641 0.2933771 0.0251001 0.0165149
14 0.4498130 0.1001524 0.0251001 0.0154139
14 0.7179281 0.1959390 0.0251002 0.0154139
17 0.5028655 0.2443828 0.0239592 0.0154140
18 0.6095410 0.2933771 0.0251002 0.0165149
13 0.7179281 0.1474952 0.0251002 0.0154139
13 0.3950490 0.1474952 0.0251001 0.0154139
25 0.5564885 0.1001524 0.0239592 0.0154139
11 0.5564885 0.2933771 0.0239592 0.0165149
12 0.6095410 0.2443828 0.0251002 0.0154140
22 0.6095410 0.3418208 0.0251002 0.0165150
9 0.6631641 0.1001524 0.0251001 0.0154139
27 0.5564885 0.1474952 0.0239592 0.0154139
4 0.6631641 0.1959390 0.0251001 0.0154139
27 0.4498130 0.1959390 0.0251001 0.0154139
30 0.5564885 0.3418208 0.0239592 0.0165150
7 0.6095410 0.1001524 0.0251002 0.0154139
16 0.3950490 0.2933771 0.0251001 0.0165149
10 0.3950490 0.2443828 0.0251001 0.0154140
11 0.3950490 0.1001524 0.0251001 0.0154139
27 0.5028655 0.1001524 0.0239592 0.0154139
8 0.6631641 0.3418208 0.0251001 0.0165150
18 0.6631641 0.2443828 0.0251001 0.0154140
5 0.5564885 0.1959390 0.0239592 0.0154139
11 0.7179281 0.2933771 0.0251002 0.0165149
26 0.5564885 0.2443828 0.0239592 0.0154140
17 0.7179281 0.2443828 0.0251002 0.0154140
26 0.3950490 0.3418208 0.0251001 0.0165150
15 0.4498130 0.3418208 0.0251001 0.0165150
18 0.6095410 0.1959390 0.0251002 0.0154139
10 0.4498130 0.2933771 0.0251001 0.0165149
15 0.4498130 0.2443828 0.0251001 0.0154140
20 0.6631641 0.1474952 0.0251001 0.0154139
12 0.5028655 0.2933771 0.0239592 0.0165149
19 0.5028655 0.1959390 0.0239592 0.0154139
15 0.7179281 0.1001524 0.0251002 0.0154139
