2 0.5220704 0.5502678 0.0270738 0.0160238
30 0.6599007 0.4925821 0.0270737 0.0160238
32 0.5220704 0.5198226 0.4971735 0.4743046
33 0.5977540 0.2938869 0.0110756 0.0138873
34 0.3153250 0.5508019 0.0639926 0.0576857
1 0.3153250 0.5502678 0.0270738 0.0160238
3 0.3153250 0.6079536 0.0270738 0.0160238
7 0.6599007 0.6079536 0.0270737 0.0160238
28 0.7288158 0.6656392 0.0270738 0.0160238
29 0.3153250 0.3772107 0.0270738 0.0160238
28 0.4531553 0.5502678 0.0270738 0.0160238
5 0.3842401 0.5502678 0.0270738 0.0160238
12 0.5909856 0.4348964 0.0270738 0.0160238
6 0.3842401 0.6656392 0.0270738 0.0160238
6 0.7288158 0.4925821 0.0270738 0.0160238
31 0.3153250 0.4348964 0.0270738 0.0160238
2 0.7288158 0.4348964 0.0270738 0.0160238
19 0.4531553 0.4348964 0.0270738 0.0160238
9 0.3842401 0.4348964 0.0270738 0.0160238
2 0.5909856 0.6079536 0.0270738 0.0160238
19 0.5220704 0.6079536 0.0270738 0.0160238
10 0.7288158 0.5502678 0.0270738 0.0160238
22 0.3842401 0.3772107 0.0270738 0.0160238
12 0.5220704 0.4348964 0.0270738 0.0160238
29 0.5220704 0.3772107 0.0270738 0.0160238
8 0.3842401 0.6079536 0.0270738 0.0160238
7 0.5909856 0.6656392 0.0270738 0.0160238
26 0.5909856 0.3772107 0.0270738 0.0160238
17 0.4531553 0.6656392 0.0270738 0.0160238
11 0.4531553 0.4925821 0.0270738 0.0160238
21 0.4531553 0.6079536 0.0270738 0.0160238
12 0.3842401 0.4925821 0.0270738 0.0160238
24 0.3153250 0.4925821 0.0270738 0.0160238
4 0.6599007 0.3772107 0.0270737 0.0160238
9 0.5220704 0.4925821 0.0270738 0.0160238
28 0.6599007 0.4348964 0.0270737 0.0160238
25 0.4531553 0.3772107 0.0270738 0.0160238
27 0.7288158 0.6079536 0.0270738 0.0160238
15 0.5909856 0.4925821 0.0270738 0.0160238
2 0.6599007 0.6656392 0.0270737 0.0160238
7 0.3153250 0.6656392 0.0270738 0.0160238
25 0.5220704 0.6656392 0.0270738 0.0160238
15 0.6599007 0.5502678 0.0270737 0.0160238
29 0.5909856 0.5502678 0.0270738 0.0160238
6 0.7288158 0.3772107 0.0270738 0.0160238
