18 0.3338787 0.4432926 0.0284265 0.0171891
13 0.6233124 0.4432926 0.0284265 0.0171891
32 0.4779495 0.3550553 0.5181380 0.5076508
33 0.5574146 0.1155542 0.0129211 0.0148972
34 0.6233124 0.2582235 0.0671899 0.0618807
10 0.6233124 0.2576505 0.0284265 0.0171891
23 0.6233124 0.3195312 0.0284265 0.0171891
25 0.2615202 0.4432926 0.0284265 0.0171891
31 0.4062371 0.5051732 0.0284265 0.0171891
10 0.4062371 0.3814119 0.0284265 0.0171891
19 0.5509540 0.5051732 0.0284265 0.0171891
28 0.6956709 0.4432926 0.0284265 0.0171891
22 0.4785955 0.2576505 0.0284266 0.0171891
18 0.4062371 0.5670539 0.0284265 0.0171891
9 0.3338787 0.3814119 0.0284265 0.0171891
13 0.5509540 0.3814119 0.0284265 0.0171891
3 0.5509540 0.3195312 0.0284265 0.0171891
4 0.2615202 0.3814119 0.0284265 0.0171891
20 0.4785955 0.5051732 0.0284266 0.0171891
1 0.6956709 0.5051732 0.0284265 0.0171891
30 0.6956709 0.3814119 0.0284265 0.0171891
13 0.4785955 0.3195312 0.0284266 0.0171891
22 0.6233124 0.5670539 0.0284265 0.0171891
14 0.4785955 0.3814119 0.0284266 0.0171891
29 0.4062371 0.4432926 0.0284265 0.0171891
12 0.4785955 0.5670539 0.0284266 0.0171891
3 0.6233124 0.3814119 0.0284265 0.0171891
13 0.2615202 0.3195312 0.0284265 0.0171891
25 0.2615202 0.5670539 0.0284265 0.0171891
26 0.4062371 0.3195312 0.0284265 0.0171891
18 0.2615202 0.2576505 0.0284265 0.0171891
22 0.3338787 0.3195312 0.0284265 0.0171891
6 0.6233124 0.5051732 0.0284265 0.0171891
30 0.6956709 0.2576505 0.0284265 0.0171891
10 0.4785955 0.4432926 0.0284266 0.0171891
20 0.3338787 0.5051732 0.0284265 0.0171891
13 0.5509540 0.2576505 0.0284265 0.0171891
25 0.3338787 0.2576505 0.0284265 0.0171891
25 0.5509540 0.4432926 0.0284265 0.0171891
7 0.4062371 0.2576505 0.0284265 0.0171891
25 0.3338787 0.5670539 0.0284265 0.0171891
9 0.5509540 0.5670539 0.0284265 0.0171891
11 0.6956709 0.5670539 0.0284265 0.0171891
14 0.6956709 0.3195312 0.0284265 0.0171891
4 0.2615202 0.5051732 0.0284265 0.0171891
