29 0.4713863 0.4673912 0.0265239 0.0161281
27 0.3363557 0.3512693 0.0265239 0.0161280
32 0.4707834 0.4802936 0.4834576 0.4677135
33 0.5455325 0.2582641 0.0108506 0.0129025
31 0.4038710 0.4093302 0.0265239 0.0161280
2 0.6064168 0.5254522 0.0265238 0.0161281
1 0.3363557 0.4673912 0.0265239 0.0161281
5 0.3363557 0.5835132 0.0265239 0.0161281
4 0.4713863 0.3512693 0.0265239 0.0161280
2 0.2688404 0.4673912 0.0265239 0.0161281
17 0.5389015 0.5254522 0.0265239 0.0161281
30 0.6739320 0.5254522 0.0265238 0.0161281
16 0.6064168 0.4093302 0.0265238 0.0161280
17 0.4713863 0.5835132 0.0265239 0.0161281
5 0.2688404 0.5835132 0.0265239 0.0161281
5 0.4713863 0.4093302 0.0265239 0.0161280
5 0.6739320 0.4093302 0.0265238 0.0161280
28 0.4038710 0.5835132 0.0265239 0.0161281
27 0.4038710 0.4673912 0.0265239 0.0161281
15 0.2688404 0.5254522 0.0265239 0.0161281
24 0.6739320 0.5835132 0.0265238 0.0161281
15 0.4713863 0.5254522 0.0265239 0.0161281
28 0.6064168 0.5835132 0.0265238 0.0161281
13 0.5389015 0.3512693 0.0265239 0.0161280
3 0.5389015 0.4673912 0.0265239 0.0161281
20 0.3363557 0.5254522 0.0265239 0.0161281
26 0.2688404 0.4093302 0.0265239 0.0161280
6 0.5389015 0.5835132 0.0265239 0.0161281
3 0.4038710 0.5254522 0.0265239 0.0161281
6 0.5389015 0.4093302 0.0265239 0.0161280
1 0.6739320 0.3512693 0.0265238 0.0161280
15 0.3363557 0.4093302 0.0265239 0.0161280
24 0.6064168 0.3512693 0.0265238 0.0161280
18 0.6739320 0.4673912 0.0265238 0.0161281
24 0.4038710 0.3512693 0.0265239 0.0161280
28 0.6064168 0.4673912 0.0265238 0.0161281
31 0.2688404 0.3512693 0.0265239 0.0161280
