9 0.1848952 0.6304260 0.0283395 0.0167740
1 0.4013062 0.5096537 0.0283395 0.0167740
32 0.4013062 0.5985555 0.5204170 0.4965082
33 0.4805281 0.3620432 0.0115934 0.0145374
16 0.2570322 0.4492676 0.0283395 0.0167739
8 0.4734432 0.5700398 0.0283396 0.0167739
7 0.4734432 0.6908121 0.0283396 0.0167740
9 0.2570322 0.5700398 0.0283395 0.0167739
27 0.2570322 0.6908121 0.0283395 0.0167740
12 0.4013062 0.5700398 0.0283395 0.0167739
24 0.1848952 0.5096537 0.0283395 0.0167740
3 0.4734432 0.4492676 0.0283396 0.0167739
13 0.5455803 0.4492676 0.0283395 0.0167739
30 0.2570322 0.5096537 0.0283395 0.0167740
2 0.6177173 0.5096537 0.0283395 0.0167740
4 0.1848952 0.6908121 0.0283395 0.0167740
22 0.6177173 0.6908121 0.0283395 0.0167740
15 0.5455803 0.5096537 0.0283395 0.0167740
23 0.1848952 0.4492676 0.0283395 0.0167739
26 0.4734432 0.5096537 0.0283396 0.0167740
14 0.6177173 0.5700398 0.0283395 0.0167739
12 0.4013062 0.4492676 0.0283395 0.0167739
5 0.3291692 0.6304260 0.0283396 0.0167740
21 0.3291692 0.5096537 0.0283396 0.0167740
20 0.5455803 0.6908121 0.0283395 0.0167740
23 0.2570322 0.6304260 0.0283395 0.0167740
3 0.6177173 0.6304260 0.0283395 0.0167740
23 0.4013062 0.6908121 0.0283395 0.0167740
17 0.1848952 0.5700398 0.0283395 0.0167739
18 0.3291692 0.4492676 0.0283396 0.0167739
31 0.6177173 0.4492676 0.0283395 0.0167739
31 0.5455803 0.5700398 0.0283395 0.0167739
14 0.3291692 0.5700398 0.0283396 0.0167739
18 0.4734432 0.6304260 0.0283396 0.0167740
20 0.3291692 0.6908121 0.0283396 0.0167740
26 0.5455803 0.6304260 0.0283395 0.0167740
10 0.4013062 0.6304260 0.0283395 0.0167740
