23 0.2319647 0.5924128 0.0272362 0.0173910
26 0.3706218 0.5924128 0.0272362 0.0173910
32 0.3012932 0.5593697 0.5001561 0.5147758
33 0.3774309 0.3141556 0.0111421 0.0150723
16 0.3012932 0.4671970 0.0272362 0.0173911
34 0.1626361 0.5303846 0.0643765 0.0626078
5 0.1626361 0.5298049 0.0272362 0.0173911
20 0.4399503 0.6550206 0.0272362 0.0173911
22 0.1626361 0.4045892 0.0272362 0.0173911
1 0.4399503 0.5298049 0.0272362 0.0173911
19 0.3706218 0.7176285 0.0272362 0.0173911
6 0.3706218 0.6550206 0.0272362 0.0173911
23 0.5092789 0.7176285 0.0272362 0.0173911
19 0.5092789 0.4045892 0.0272362 0.0173911
5 0.0933076 0.6550206 0.0272362 0.0173911
20 0.1626361 0.7176285 0.0272362 0.0173911
3 0.0933076 0.4671970 0.0272362 0.0173911
20 0.3012932 0.7176285 0.0272362 0.0173911
8 0.5092789 0.5298049 0.0272362 0.0173911
25 0.5092789 0.4671970 0.0272362 0.0173911
20 0.2319647 0.7176285 0.0272362 0.0173911
24 0.5092789 0.5924128 0.0272362 0.0173910
15 0.2319647 0.4045892 0.0272362 0.0173911
29 0.4399503 0.7176285 0.0272362 0.0173911
15 0.4399503 0.4045892 0.0272362 0.0173911
24 0.5092789 0.6550206 0.0272362 0.0173911
14 0.2319647 0.4671970 0.0272362 0.0173911
3 0.0933076 0.7176285 0.0272362 0.0173911
15 0.3012932 0.6550206 0.0272362 0.0173911
23 0.1626361 0.5924128 0.0272362 0.0173910
31 0.3012932 0.5924128 0.0272362 0.0173910
14 0.3012932 0.4045892 0.0272362 0.0173911
5 0.3706218 0.5298049 0.0272362 0.0173911
19 0.0933076 0.4045892 0.0272362 0.0173911
7 0.2319647 0.5298049 0.0272362 0.0173911
29 0.0933076 0.5924128 0.0272362 0.0173910
6 0.4399503 0.4671970 0.0272362 0.0173911
23 0.3706218 0.4671970 0.0272362 0.0173911
29 0.4399503 0.5924128 0.0272362 0.0173910
13 0.3012932 0.5298049 0.0272362 0.0173911
23 0.0933076 0.5298049 0.0272362 0.0173911
27 0.3706218 0.4045892 0.0272362 0.0173911
24 0.1626361 0.6550206 0.0272362 0.0173911
29 0.2319647 0.6550206 0.0272362 0.0173911
1 0.1626361 0.4671970 0.0272362 0.0173911
