27 0.7818002 0.3749977 0.0277917 0.0163075
9 0.3573445 0.2575833 0.0277917 0.0163076
32 0.5689407 0.3499927 0.5065677 0.4816162
33 0.6466313 0.1227743 0.0126327 0.0141332
18 0.4988297 0.4337048 0.0277917 0.0163075
2 0.3573445 0.4924120 0.0277917 0.0163076
34 0.4280872 0.5516628 0.0656896 0.0587072
7 0.4280872 0.5511192 0.0277917 0.0163075
18 0.6403149 0.3749977 0.0277917 0.0163075
5 0.4280872 0.2575833 0.0277917 0.0163076
14 0.7818002 0.4924120 0.0277917 0.0163076
13 0.7818002 0.5511192 0.0277917 0.0163075
15 0.7110576 0.3749977 0.0277917 0.0163075
21 0.6403149 0.4337048 0.0277917 0.0163075
16 0.3573445 0.5511192 0.0277917 0.0163075
31 0.3573445 0.3749977 0.0277917 0.0163075
13 0.6403149 0.3162905 0.0277917 0.0163075
3 0.7110576 0.4924120 0.0277917 0.0163076
7 0.6403149 0.2575833 0.0277917 0.0163076
23 0.7110576 0.4337048 0.0277917 0.0163075
24 0.7818002 0.2575833 0.0277917 0.0163076
26 0.4280872 0.4924120 0.0277917 0.0163076
6 0.7818002 0.4337048 0.0277917 0.0163075
25 0.4988297 0.4924120 0.0277917 0.0163076
17 0.5695724 0.4924120 0.0277917 0.0163076
9 0.6403149 0.4924120 0.0277917 0.0163076
5 0.4988297 0.3749977 0.0277917 0.0163075
3 0.7818002 0.3162905 0.0277917 0.0163075
28 0.5695724 0.3162905 0.0277917 0.0163075
18 0.3573445 0.4337048 0.0277917 0.0163075
12 0.7110576 0.5511192 0.0277917 0.0163075
3 0.6403149 0.5511192 0.0277917 0.0163075
23 0.5695724 0.4337048 0.0277917 0.0163075
3 0.4280872 0.4337048 0.0277917 0.0163075
11 0.4988297 0.2575833 0.0277917 0.0163076
31 0.7110576 0.2575833 0.0277917 0.0163076
12 0.5695724 0.3749977 0.0277917 0.0163075
14 0.7110576 0.3162905 0.0277917 0.0163075
8 0.5695724 0.5511192 0.0277917 0.0163075
15 0.5695724 0.2575833 0.0277917 0.0163076
15 0.3573445 0.3162905 0.0277917 0.0163075
18 0.4280872 0.3749977 0.0277917 0.0163075
28 0.4280872 0.3162905 0.0277917 0.0163075
13 0.4988297 0.3162905 0.0277917 0.0163075
3 0.4988297 0.5511192 0.0277917 0.0163075
