11 0.4944885 0.5268789 0.0281652 0.0161973
4 0.4227953 0.5851892 0.0281652 0.0161974
32 0.4234354 0.5214798 0.5184957 0.4762006
33 0.4996095 0.3098351 0.0102419 0.0118780
25 0.2794088 0.5268789 0.0281652 0.0161973
16 0.3511021 0.5268789 0.0281652 0.0161973
21 0.6378750 0.5851892 0.0281652 0.0161974
14 0.6378750 0.5268789 0.0281652 0.0161973
28 0.5661818 0.6434995 0.0281652 0.0161974
5 0.3511021 0.4680287 0.0281652 0.0151175
18 0.2077156 0.4102584 0.0281652 0.0161973
28 0.4227953 0.5268789 0.0281652 0.0161973
31 0.4227953 0.4680287 0.0281652 0.0151175
6 0.2077156 0.5268789 0.0281652 0.0161973
15 0.5661818 0.4680287 0.0281652 0.0151175
12 0.6378750 0.4680287 0.0281652 0.0151175
1 0.4944885 0.4680287 0.0281652 0.0151175
26 0.2077156 0.5851892 0.0281652 0.0161974
20 0.3511021 0.6434995 0.0281652 0.0161974
10 0.3511021 0.5851892 0.0281652 0.0161974
11 0.5661818 0.5268789 0.0281652 0.0161973
22 0.5661818 0.4102584 0.0281652 0.0161973
16 0.2794088 0.4102584 0.0281652 0.0161973
25 0.2794088 0.6434995 0.0281652 0.0161974
5 0.4227953 0.4102584 0.0281652 0.0161973
27 0.4944885 0.4102584 0.0281652 0.0161973
2 0.4944885 0.5851892 0.0281652 0.0161974
9 0.2794088 0.5851892 0.0281652 0.0161974
22 0.2794088 0.4680287 0.0281652 0.0151175
21 0.4944885 0.6434995 0.0281652 0.0161974
22 0.4227953 0.6434995 0.0281652 0.0161974
31 0.6378750 0.6434995 0.0281652 0.0161974
21 0.3511021 0.4102584 0.0281652 0.0161973
7 0.2077156 0.4680287 0.0281652 0.0151175
12 0.2077156 0.6434995 0.0281652 0.0161974
1 0.6378750 0.4102584 0.0281652 0.0161973
22 0.5661818 0.5851892 0.0281652 0.0161974
