24 0.4653338 0.2169907 0.0275754 0.0167470
23 0.6057179 0.3978585 0.0275755 0.0167470
32 0.4647071 0.3509669 0.5026251 0.4856635
33 0.5424197 0.1204163 0.0112809 0.0133976
5 0.3249497 0.4581478 0.0275755 0.0167470
2 0.6759099 0.3375693 0.0275755 0.0167470
19 0.3249497 0.2169907 0.0275755 0.0167470
7 0.6057179 0.4581478 0.0275755 0.0167470
24 0.3951418 0.2169907 0.0275754 0.0167470
15 0.4653338 0.3978585 0.0275754 0.0167470
13 0.6759099 0.2772800 0.0275755 0.0167470
21 0.5355259 0.2169907 0.0275755 0.0167470
3 0.2547577 0.3375693 0.0275755 0.0167470
1 0.6759099 0.3978585 0.0275755 0.0167470
6 0.3249497 0.3375693 0.0275755 0.0167470
5 0.5355259 0.4581478 0.0275755 0.0167470
31 0.2547577 0.2169907 0.0275755 0.0167470
14 0.6057179 0.2772800 0.0275755 0.0167470
7 0.2547577 0.2772800 0.0275755 0.0167470
1 0.6057179 0.3375693 0.0275755 0.0167470
27 0.4653338 0.2772800 0.0275754 0.0167470
30 0.4653338 0.4581478 0.0275754 0.0167470
14 0.5355259 0.3375693 0.0275755 0.0167470
7 0.5355259 0.2772800 0.0275755 0.0167470
7 0.6759099 0.4581478 0.0275755 0.0167470
26 0.3951418 0.2772800 0.0275754 0.0167470
7 0.3951418 0.3978585 0.0275754 0.0167470
16 0.3249497 0.3978585 0.0275755 0.0167470
1 0.6759099 0.2169907 0.0275755 0.0167470
28 0.3951418 0.3375693 0.0275754 0.0167470
21 0.2547577 0.3978585 0.0275755 0.0167470
13 0.6057179 0.2169907 0.0275755 0.0167470
3 0.4653338 0.3375693 0.0275754 0.0167470
7 0.3249497 0.2772800 0.0275755 0.0167470
3 0.3951418 0.4581478 0.0275754 0.0167470
20 0.2547577 0.4581478 0.0275755 0.0167470
5 0.5355259 0.3978585 0.0275755 0.0167470
