30 0.6021990 0.3374103 0.0288667 0.0159940
6 0.7491569 0.2222535 0.0288667 0.0159940
32 0.6021991 0.3070217 0.5300977 0.4734225
33 0.6828946 0.0815062 0.0118091 0.0138615
18 0.8226357 0.3374103 0.0288667 0.0159940
10 0.5287202 0.2798319 0.0288667 0.0159940
17 0.5287202 0.1646751 0.0288667 0.0159940
15 0.3817624 0.2222535 0.0288667 0.0159940
26 0.8226357 0.1646751 0.0288667 0.0159940
6 0.7491569 0.2798319 0.0288667 0.0159940
30 0.4552412 0.3374103 0.0288667 0.0159940
4 0.6756779 0.2798319 0.0288667 0.0159940
13 0.3817624 0.1646751 0.0288667 0.0159940
11 0.7491569 0.3374103 0.0288667 0.0159940
10 0.6021990 0.3949887 0.0288667 0.0159941
7 0.6756779 0.2222535 0.0288667 0.0159940
21 0.7491569 0.1646751 0.0288667 0.0159940
21 0.6021990 0.1646751 0.0288667 0.0159940
11 0.4552412 0.1646751 0.0288667 0.0159940
30 0.5287202 0.2222535 0.0288667 0.0159940
23 0.8226357 0.2798319 0.0288667 0.0159940
2 0.3817624 0.3949887 0.0288667 0.0159941
18 0.5287202 0.3949887 0.0288667 0.0159941
2 0.4552412 0.2222535 0.0288667 0.0159940
13 0.7491569 0.3949887 0.0288667 0.0159941
8 0.3817624 0.3374103 0.0288667 0.0159940
24 0.3817624 0.2798319 0.0288667 0.0159940
23 0.6756779 0.1646751 0.0288667 0.0159940
8 0.6021990 0.2222535 0.0288667 0.0159940
27 0.4552412 0.3949887 0.0288667 0.0159941
4 0.8226357 0.3949887 0.0288667 0.0159941
4 0.5287202 0.3374103 0.0288667 0.0159940
3 0.6756779 0.3374103 0.0288667 0.0159940
16 0.6021990 0.2798319 0.0288667 0.0159940
3 0.8226357 0.2222535 0.0288667 0.0159940
18 0.4552412 0.2798319 0.0288667 0.0159940
12 0.6756779 0.3949887 0.0288667 0.0159941
