4 0.7366591 0.3667577 0.0271518 0.0164618
10 0.5984315 0.3667577 0.0271519 0.0164618
32 0.5978144 0.4600410 0.4949042 0.4861706
33 0.6737162 0.2306739 0.0123418 0.0142669
18 0.3910901 0.3667577 0.0271518 0.0164618
34 0.5293177 0.5450935 0.0641771 0.0592624
22 0.5293177 0.5445447 0.0271518 0.0164617
10 0.8057729 0.6038071 0.0271519 0.0164618
3 0.6675453 0.6630694 0.0271519 0.0164617
9 0.8057729 0.4260201 0.0271519 0.0164618
15 0.5293177 0.6630694 0.0271518 0.0164617
19 0.4602039 0.5445447 0.0271519 0.0164617
5 0.4602039 0.6630694 0.0271519 0.0164617
4 0.5293177 0.3667577 0.0271518 0.0164618
5 0.5293177 0.4852824 0.0271518 0.0164618
11 0.5293177 0.6038071 0.0271518 0.0164618
29 0.8057729 0.5445447 0.0271519 0.0164617
21 0.3910901 0.6630694 0.0271518 0.0164617
27 0.7366591 0.6038071 0.0271518 0.0164618
12 0.6675453 0.5445447 0.0271519 0.0164617
16 0.8057729 0.6630694 0.0271519 0.0164617
1 0.7366591 0.5445447 0.0271518 0.0164617
17 0.4602039 0.3667577 0.0271519 0.0164618
22 0.4602039 0.4852824 0.0271519 0.0164618
31 0.5984315 0.5445447 0.0271519 0.0164617
26 0.3910901 0.4260201 0.0271518 0.0164618
22 0.4602039 0.4260201 0.0271519 0.0164618
19 0.3910901 0.4852824 0.0271518 0.0164618
7 0.3910901 0.5445447 0.0271518 0.0164617
11 0.7366591 0.6630694 0.0271518 0.0164617
18 0.5984315 0.4260201 0.0271519 0.0164618
13 0.6675453 0.4852824 0.0271519 0.0164618
23 0.7366591 0.4260201 0.0271518 0.0164618
23 0.6675453 0.3667577 0.0271519 0.0164618
18 0.6675453 0.4260201 0.0271519 0.0164618
27 0.5293177 0.4260201 0.0271518 0.0164618
14 0.8057729 0.4852824 0.0271519 0.0164618
26 0.8057729 0.3667577 0.0271519 0.0164618
12 0.5984315 0.6038071 0.0271519 0.0164618
31 0.5984315 0.6630694 0.0271519 0.0164617
15 0.3910901 0.6038071 0.0271518 0.0164618
4 0.5984315 0.4852824 0.0271519 0.0164618
28 0.4602039 0.6038071 0.0271519 0.0164618
20 0.6675453 0.6038071 0.0271519 0.0164618
27 0.7366591 0.4852824 0.0271518 0.0164618
