19 0.6315356 0.6736203 0.0272957 0.0162659
1 0.3536147 0.6150633 0.0272958 0.0162658
32 0.4224746 0.4730084 0.4975279 0.4803840
33 0.4987788 0.2463713 0.0124072 0.0140971
34 0.3536147 0.4984916 0.0645173 0.0585570
23 0.3536147 0.4979494 0.0272958 0.0162658
9 0.5620554 0.5565063 0.0272958 0.0162658
6 0.4230949 0.6736203 0.0272958 0.0162659
20 0.2841346 0.4979494 0.0272958 0.0162658
16 0.4925751 0.4979494 0.0272958 0.0162658
4 0.3536147 0.5565063 0.0272958 0.0162658
21 0.5620554 0.4979494 0.0272958 0.0162658
21 0.4925751 0.5565063 0.0272958 0.0162658
21 0.3536147 0.4393924 0.0272958 0.0162658
6 0.3536147 0.6736203 0.0272958 0.0162659
29 0.2146544 0.6736203 0.0272958 0.0162659
2 0.6315356 0.6150633 0.0272957 0.0162658
1 0.5620554 0.3808354 0.0272958 0.0162658
20 0.4230949 0.3808354 0.0272958 0.0162658
28 0.6315356 0.3808354 0.0272957 0.0162658
19 0.4230949 0.4393924 0.0272958 0.0162658
23 0.6315356 0.4979494 0.0272957 0.0162658
11 0.6315356 0.4393924 0.0272957 0.0162658
21 0.4230949 0.5565063 0.0272958 0.0162658
2 0.2841346 0.5565063 0.0272958 0.0162658
16 0.4925751 0.3808354 0.0272958 0.0162658
11 0.4230949 0.4979494 0.0272958 0.0162658
28 0.6315356 0.5565063 0.0272957 0.0162658
12 0.2841346 0.3808354 0.0272958 0.0162658
7 0.4230949 0.6150633 0.0272958 0.0162658
19 0.4925751 0.4393924 0.0272958 0.0162658
20 0.5620554 0.6150633 0.0272958 0.0162658
15 0.5620554 0.4393924 0.0272958 0.0162658
29 0.2146544 0.3808354 0.0272958 0.0162658
23 0.4925751 0.6150633 0.0272958 0.0162658
21 0.4925751 0.6736203 0.0272958 0.0162659
28 0.2146544 0.6150633 0.0272958 0.0162658
11 0.2146544 0.4979494 0.0272958 0.0162658
5 0.2146544 0.5565063 0.0272958 0.0162658
12 0.2841346 0.6736203 0.0272958 0.0162659
11 0.2841346 0.4393924 0.0272958 0.0162658
25 0.2841346 0.6150633 0.0272958 0.0162658
11 0.3536147 0.3808354 0.0272958 0.0162658
25 0.5620554 0.6736203 0.0272958 0.0162659
29 0.2146544 0.4393924 0.0272958 0.0162658
