26 0.8469693 0.4577743 0.0263415 0.0150970
2 0.6458165 0.6330075 0.0263414 0.0161753
32 0.6464151 0.5111530 0.4849220 0.4755562
33 0.7176568 0.2997947 0.0095787 0.0118619
8 0.5117146 0.5747762 0.0263414 0.0161754
27 0.6458165 0.5747762 0.0263414 0.0161754
31 0.5787656 0.5165448 0.0263414 0.0161754
25 0.7128674 0.5165448 0.0263415 0.0161754
28 0.4446637 0.4000821 0.0263414 0.0161754
9 0.7128674 0.4577743 0.0263415 0.0150970
28 0.5117146 0.6330075 0.0263414 0.0161753
26 0.7799184 0.5747762 0.0263415 0.0161754
29 0.8469693 0.6330075 0.0263415 0.0161753
19 0.5117146 0.5165448 0.0263414 0.0161754
15 0.7128674 0.4000821 0.0263415 0.0161754
20 0.7799184 0.6330075 0.0263415 0.0161753
27 0.6458165 0.5165448 0.0263414 0.0161754
15 0.6458165 0.4000821 0.0263414 0.0161754
25 0.5117146 0.4000821 0.0263414 0.0161754
21 0.8469693 0.5747762 0.0263415 0.0161754
7 0.8469693 0.4000821 0.0263415 0.0161754
20 0.8469693 0.5165448 0.0263415 0.0161754
10 0.6458165 0.4577743 0.0263414 0.0150970
14 0.5787656 0.6330075 0.0263414 0.0161753
11 0.4446637 0.5747762 0.0263414 0.0161754
28 0.4446637 0.4577743 0.0263414 0.0150970
14 0.7128674 0.6330075 0.0263415 0.0161753
30 0.7128674 0.5747762 0.0263415 0.0161754
15 0.5787656 0.4000821 0.0263414 0.0161754
12 0.7799184 0.5165448 0.0263415 0.0161754
31 0.7799184 0.4577743 0.0263415 0.0150970
26 0.4446637 0.6330075 0.0263414 0.0161753
20 0.5787656 0.5747762 0.0263414 0.0161754
10 0.7799184 0.4000821 0.0263415 0.0161754
2 0.4446637 0.5165448 0.0263414 0.0161754
30 0.5787656 0.4577743 0.0263414 0.0150970
11 0.5117146 0.4577743 0.0263414 0.0150970
