3 0.5521352 0.5208052 0.0256490 0.0158710
11 0.8552601 0.5797547 0.0256491 0.0158710
32 0.7275979 0.4862290 0.4208773 0.3888401
33 0.9246292 0.3059795 0.0104928 0.0147374
2 0.6127602 0.6375705 0.0256490 0.0158710
12 0.7334273 0.4023393 0.0244831 0.0170047
24 0.6722194 0.5797547 0.0256491 0.0158710
2 0.7334273 0.6375705 0.0244831 0.0158710
23 0.9147193 0.4612889 0.0256490 0.0170047
1 0.8552601 0.6375705 0.0256491 0.0158710
7 0.5521352 0.6375705 0.0256490 0.0158710
7 0.6722194 0.4612889 0.0256491 0.0170047
15 0.8552601 0.5208052 0.0256491 0.0158710
2 0.7940522 0.6375705 0.0244832 0.0158710
17 0.5521352 0.4612889 0.0256490 0.0170047
4 0.8552601 0.4612889 0.0256491 0.0170047
5 0.7334273 0.5797547 0.0244831 0.0158710
16 0.5521352 0.5797547 0.0256490 0.0158710
20 0.6127602 0.5797547 0.0256490 0.0158710
5 0.6722194 0.5208052 0.0256491 0.0158710
26 0.7334273 0.4612889 0.0244831 0.0170047
10 0.9147193 0.5208052 0.0256490 0.0158710
15 0.9147193 0.5797547 0.0256490 0.0158710
30 0.9147193 0.6375705 0.0256490 0.0158710
6 0.7940522 0.5208052 0.0244832 0.0158710
27 0.5521352 0.4023393 0.0256490 0.0170047
19 0.7940522 0.4023393 0.0244832 0.0170047
7 0.6127602 0.4612889 0.0256490 0.0170047
21 0.6722194 0.6375705 0.0256491 0.0158710
27 0.7940522 0.5797547 0.0244832 0.0158710
14 0.7940522 0.4612889 0.0244832 0.0170047
9 0.7334273 0.5208052 0.0244831 0.0158710
30 0.6127602 0.5208052 0.0256490 0.0158710
10 0.9147193 0.4023393 0.0256490 0.0170047
22 0.6127602 0.4023393 0.0256490 0.0170047
22 0.8552601 0.4023393 0.0256491 0.0170047
6 0.6722194 0.4023393 0.0256491 0.0170047
