12 0.7594977 0.5625671 0.0265995 0.0167609
29 0.5563742 0.3815495 0.0265995 0.0167609
32 0.5563742 0.5307214 0.4884638 0.4961223
33 0.6307319 0.2943928 0.0108817 0.0145261
10 0.6240820 0.5625671 0.0265995 0.0167609
9 0.4886663 0.4418887 0.0265995 0.0167609
15 0.6240820 0.5022279 0.0265995 0.0167609
10 0.5563742 0.6229063 0.0265995 0.0167609
10 0.4886663 0.6229063 0.0265995 0.0167609
6 0.6917899 0.4418887 0.0265995 0.0167609
25 0.6917899 0.6229063 0.0265995 0.0167609
11 0.3532506 0.5625671 0.0265995 0.0167609
10 0.6917899 0.5022279 0.0265995 0.0167609
12 0.6917899 0.3815495 0.0265995 0.0167609
17 0.6240820 0.6229063 0.0265995 0.0167609
12 0.6917899 0.5625671 0.0265995 0.0167609
20 0.4209585 0.6229063 0.0265995 0.0167609
10 0.7594977 0.4418887 0.0265995 0.0167609
4 0.5563742 0.5022279 0.0265995 0.0167609
10 0.3532506 0.3815495 0.0265995 0.0167609
20 0.3532506 0.5022279 0.0265995 0.0167609
9 0.7594977 0.3815495 0.0265995 0.0167609
26 0.4209585 0.3815495 0.0265995 0.0167609
11 0.5563742 0.5625671 0.0265995 0.0167609
24 0.6240820 0.3815495 0.0265995 0.0167609
19 0.4209585 0.4418887 0.0265995 0.0167609
4 0.3532506 0.6229063 0.0265995 0.0167609
10 0.3532506 0.4418887 0.0265995 0.0167609
9 0.4886663 0.3815495 0.0265995 0.0167609
1 0.6240820 0.4418887 0.0265995 0.0167609
30 0.5563742 0.4418887 0.0265995 0.0167609
17 0.4886663 0.5022279 0.0265995 0.0167609
19 0.7594977 0.5022279 0.0265995 0.0167609
11 0.7594977 0.6229063 0.0265995 0.0167609
13 0.4209585 0.5625671 0.0265995 0.0167609
6 0.4886663 0.5625671 0.0265995 0.0167609
22 0.4209585 0.5022279 0.0265995 0.0167609
