3 0.0971722 0.3015613 0.0262635 0.0173527
8 0.1640247 0.4889705 0.0262635 0.0173527
32 0.2983265 0.4207165 0.4834865 0.5101694
33 0.3693572 0.1939746 0.0095504 0.0127253
27 0.3645820 0.5514402 0.0262635 0.0173527
22 0.1640247 0.4265007 0.0262635 0.0173527
5 0.2308771 0.5514402 0.0262635 0.0173527
26 0.2308771 0.3015613 0.0262635 0.0173527
19 0.2977296 0.4889705 0.0262635 0.0173527
6 0.4314345 0.3015613 0.0262635 0.0173527
13 0.2977296 0.5514402 0.0262635 0.0173527
28 0.4982870 0.5514402 0.0262635 0.0173527
8 0.1640247 0.5514402 0.0262635 0.0173527
11 0.4982870 0.3015613 0.0262635 0.0173527
15 0.4982870 0.4889705 0.0262635 0.0173527
6 0.0971722 0.4265007 0.0262635 0.0173527
17 0.3645820 0.4889705 0.0262635 0.0173527
7 0.2308771 0.4265007 0.0262635 0.0173527
17 0.4314345 0.4889705 0.0262635 0.0173527
5 0.4982870 0.4265007 0.0262635 0.0173527
8 0.2977296 0.3634526 0.0262635 0.0161958
13 0.2977296 0.4265007 0.0262635 0.0173527
10 0.3645820 0.3634526 0.0262635 0.0161958
1 0.4314345 0.5514402 0.0262635 0.0173527
20 0.0971722 0.5514402 0.0262635 0.0173527
18 0.1640247 0.3634526 0.0262635 0.0161958
5 0.2977296 0.3015613 0.0262635 0.0173527
28 0.2308771 0.3634526 0.0262635 0.0161958
16 0.4314345 0.3634526 0.0262635 0.0161958
24 0.4314345 0.4265007 0.0262635 0.0173527
14 0.0971722 0.3634526 0.0262635 0.0161958
26 0.4982870 0.3634526 0.0262635 0.0161958
12 0.3645820 0.3015613 0.0262635 0.0173527
9 0.3645820 0.4265007 0.0262635 0.0173527
4 0.2308771 0.4889705 0.0262635 0.0173527
29 0.1640247 0.3015613 0.0262635 0.0173527
15 0.0971722 0.4889705 0.0262635 0.0173527
