1 0.4189520 0.3837483 0.0285445 0.0163365
17 0.2009755 0.4425599 0.0285445 0.0163365
32 0.2736344 0.3527089 0.5241816 0.4835615
33 0.3534293 0.1223637 0.0116773 0.0141583
18 0.4916109 0.2073137 0.0285445 0.0163366
34 0.0556579 0.4431044 0.0674689 0.0588115
3 0.0556579 0.4425599 0.0285445 0.0163365
12 0.3462932 0.4425599 0.0285445 0.0163365
30 0.2009755 0.3249368 0.0285445 0.0163365
3 0.4916109 0.5013714 0.0285445 0.0163365
17 0.0556579 0.2661253 0.0285445 0.0163365
13 0.2736344 0.2661253 0.0285445 0.0163365
25 0.1283167 0.3837483 0.0285445 0.0163365
26 0.2736344 0.5013714 0.0285445 0.0163365
26 0.3462932 0.3837483 0.0285445 0.0163365
16 0.2009755 0.5013714 0.0285445 0.0163365
11 0.4916109 0.3249368 0.0285445 0.0163365
12 0.1283167 0.5013714 0.0285445 0.0163365
23 0.2736344 0.3249368 0.0285445 0.0163365
17 0.4189520 0.4425599 0.0285445 0.0163365
14 0.2736344 0.2073137 0.0285445 0.0163366
1 0.1283167 0.4425599 0.0285445 0.0163365
23 0.0556579 0.3837483 0.0285445 0.0163365
12 0.4916109 0.3837483 0.0285445 0.0163365
16 0.1283167 0.3249368 0.0285445 0.0163365
5 0.0556579 0.2073137 0.0285445 0.0163366
11 0.2736344 0.4425599 0.0285445 0.0163365
15 0.2009755 0.3837483 0.0285445 0.0163365
25 0.2009755 0.2073137 0.0285445 0.0163366
25 0.1283167 0.2073137 0.0285445 0.0163366
12 0.0556579 0.5013714 0.0285445 0.0163365
2 0.2736344 0.3837483 0.0285445 0.0163365
22 0.4916109 0.4425599 0.0285445 0.0163365
18 0.0556579 0.3249368 0.0285445 0.0163365
29 0.2009755 0.2661253 0.0285445 0.0163365
1 0.4189520 0.2661253 0.0285445 0.0163365
27 0.3462932 0.2661253 0.0285445 0.0163365
13 0.4916109 0.2661253 0.0285445 0.0163365
30 0.3462932 0.5013714 0.0285445 0.0163365
15 0.3462932 0.3249368 0.0285445 0.0163365
8 0.4189520 0.2073137 0.0285445 0.0163366
23 0.1283167 0.2661253 0.0285445 0.0163365
30 0.4189520 0.5013714 0.0285445 0.0163365
3 0.4189520 0.3249368 0.0285445 0.0163365
10 0.3462932 0.2073137 0.0285445 0.0163366
