15 0.6835695 0.5728880 0.0239077 0.0152920
29 0.6835695 0.4603827 0.0239077 0.0152920
32 0.8254840 0.4270681 0.3490320 0.3746535
2 0.7955011 0.5728880 0.0239077 0.0152920
8 0.9661154 0.4030378 0.0239077 0.0163842
7 0.7955011 0.4030378 0.0239077 0.0163842
24 0.7400787 0.5728880 0.0239077 0.0152920
2 0.6835695 0.5171815 0.0239077 0.0152920
13 0.9090628 0.3462390 0.0228210 0.0163843
15 0.7400787 0.3462390 0.0239077 0.0163843
21 0.7400787 0.4030378 0.0239077 0.0163842
3 0.8525536 0.4030378 0.0228210 0.0163842
29 0.8525536 0.3462390 0.0228210 0.0163843
25 0.9661154 0.5728880 0.0239077 0.0152920
6 0.6835695 0.4030378 0.0239077 0.0163842
13 0.8525536 0.5728880 0.0228210 0.0152920
11 0.9661154 0.5171815 0.0239077 0.0152920
10 0.7955011 0.5171815 0.0239077 0.0152920
15 0.7400787 0.4603827 0.0239077 0.0152920
8 0.9090628 0.4603827 0.0228210 0.0152920
2 0.9090628 0.5171815 0.0228210 0.0152920
21 0.6835695 0.3462390 0.0239077 0.0163843
12 0.7400787 0.5171815 0.0239077 0.0152920
22 0.7955011 0.4603827 0.0239077 0.0152920
23 0.9661154 0.4603827 0.0239077 0.0152920
4 0.9090628 0.5728880 0.0228210 0.0152920
14 0.9090628 0.4030378 0.0228210 0.0163842
10 0.7955011 0.3462390 0.0239077 0.0163843
3 0.8525536 0.5171815 0.0228210 0.0152920
26 0.9661154 0.3462390 0.0239077 0.0163843
31 0.8525536 0.4603827 0.0228210 0.0152920
