5 0.7140218 0.3068577 0.0269827 0.0160533
4 0.6453386 0.4224412 0.0269827 0.0160533
32 0.5073589 0.3978262 0.4918208 0.4741067
33 0.5827878 0.1741506 0.0122649 0.0139128
34 0.3706058 0.3073928 0.0637772 0.0577918
17 0.3706058 0.3068577 0.0269827 0.0160533
6 0.3019226 0.4802331 0.0269827 0.0160533
27 0.6453386 0.4802331 0.0269827 0.0160533
23 0.6453386 0.3646495 0.0269827 0.0160533
4 0.3706058 0.5958167 0.0269827 0.0160533
8 0.7140218 0.5958167 0.0269827 0.0160533
18 0.5766553 0.4802331 0.0269827 0.0160533
13 0.5079722 0.4802331 0.0269827 0.0160533
3 0.5079722 0.3068577 0.0269827 0.0160533
24 0.7140218 0.5380248 0.0269827 0.0160533
10 0.4392890 0.4802331 0.0269827 0.0160533
27 0.7140218 0.4224412 0.0269827 0.0160533
20 0.6453386 0.3068577 0.0269827 0.0160533
23 0.3706058 0.4224412 0.0269827 0.0160533
29 0.6453386 0.5380248 0.0269827 0.0160533
29 0.4392890 0.4224412 0.0269827 0.0160533
9 0.3019226 0.5380248 0.0269827 0.0160533
26 0.5766553 0.5380248 0.0269827 0.0160533
9 0.5079722 0.4224412 0.0269827 0.0160533
5 0.3706058 0.4802331 0.0269827 0.0160533
23 0.5766553 0.4224412 0.0269827 0.0160533
8 0.6453386 0.5958167 0.0269827 0.0160533
10 0.3019226 0.4224412 0.0269827 0.0160533
27 0.5079722 0.5380248 0.0269827 0.0160533
17 0.5766553 0.5958167 0.0269827 0.0160533
20 0.3019226 0.3068577 0.0269827 0.0160533
12 0.3019226 0.3646495 0.0269827 0.0160533
24 0.4392890 0.5380248 0.0269827 0.0160533
4 0.7140218 0.4802331 0.0269827 0.0160533
18 0.5079722 0.3646495 0.0269827 0.0160533
12 0.4392890 0.3646495 0.0269827 0.0160533
23 0.3706058 0.3646495 0.0269827 0.0160533
4 0.7140218 0.3646495 0.0269827 0.0160533
13 0.4392890 0.3068577 0.0269827 0.0160533
1 0.4392890 0.5958167 0.0269827 0.0160533
19 0.5766553 0.3068577 0.0269827 0.0160533
1 0.3706058 0.5380248 0.0269827 0.0160533
11 0.5766553 0.3646495 0.0269827 0.0160533
23 0.5079722 0.5958167 0.0269827 0.0160533
29 0.3019226 0.5958167 0.0269827 0.0160533
