16 0.8465353 0.7070192 0.0268105 0.0172338
27 0.5053119 0.5829365 0.0268104 0.0172336
32 0.6424106 0.5771919 0.4935553 0.5066714
33 0.7149205 0.3520046 0.0097492 0.0126380
2 0.8465353 0.5829365 0.0268105 0.0172336
9 0.6418012 0.5829365 0.0268105 0.0172336
11 0.4370672 0.7070192 0.0268104 0.0172338
7 0.5735565 0.5203206 0.0268104 0.0160848
17 0.8465353 0.6449778 0.0268105 0.0172338
21 0.7782906 0.5829365 0.0268104 0.0172336
8 0.8465353 0.5203206 0.0268105 0.0160848
26 0.7782906 0.6449778 0.0268104 0.0172338
4 0.5735565 0.5829365 0.0268104 0.0172336
26 0.5053119 0.6449778 0.0268104 0.0172338
11 0.6418012 0.5203206 0.0268105 0.0160848
21 0.8465353 0.4588537 0.0268105 0.0172337
3 0.5735565 0.4588537 0.0268104 0.0172337
7 0.7782906 0.7070192 0.0268104 0.0172338
5 0.7100459 0.5829365 0.0268104 0.0172336
30 0.7100459 0.7070192 0.0268104 0.0172338
4 0.6418012 0.7070192 0.0268105 0.0172338
6 0.4370672 0.6449778 0.0268104 0.0172338
19 0.6418012 0.6449778 0.0268105 0.0172338
18 0.5735565 0.7070192 0.0268104 0.0172338
19 0.7782906 0.5203206 0.0268104 0.0160848
15 0.5053119 0.7070192 0.0268104 0.0172338
30 0.5053119 0.4588537 0.0268104 0.0172337
25 0.5053119 0.5203206 0.0268104 0.0160848
27 0.4370672 0.5829365 0.0268104 0.0172336
31 0.6418012 0.4588537 0.0268105 0.0172337
20 0.4370672 0.5203206 0.0268104 0.0160848
13 0.7782906 0.4588537 0.0268104 0.0172337
5 0.5735565 0.6449778 0.0268104 0.0172338
11 0.4370672 0.4588537 0.0268104 0.0172337
16 0.7100459 0.6449778 0.0268104 0.0172338
21 0.7100459 0.5203206 0.0268104 0.0160848
2 0.7100459 0.4588537 0.0268104 0.0172337
