21 0.4298127 0.5258809 0.0284418 0.0170212
27 0.4298127 0.4033285 0.0284418 0.0170211
32 0.2843715 0.4997818 0.5184171 0.5026919
33 0.3638794 0.2626201 0.0129281 0.0147517
5 0.2850179 0.6484333 0.0284418 0.0170211
23 0.1402231 0.5258809 0.0284418 0.0170212
16 0.2126205 0.5871571 0.0284418 0.0170211
28 0.2126205 0.5258809 0.0284418 0.0170212
23 0.2126205 0.4033285 0.0284418 0.0170211
13 0.2850179 0.5258809 0.0284418 0.0170212
16 0.1402231 0.4646047 0.0284418 0.0170212
17 0.5022101 0.5871571 0.0284418 0.0170211
28 0.0678257 0.4646047 0.0284418 0.0170212
25 0.2126205 0.4646047 0.0284418 0.0170212
13 0.3574153 0.4033285 0.0284418 0.0170211
31 0.1402231 0.4033285 0.0284418 0.0170211
14 0.5022101 0.4033285 0.0284418 0.0170211
16 0.4298127 0.4646047 0.0284418 0.0170212
20 0.2850179 0.4646047 0.0284418 0.0170212
26 0.4298127 0.5871571 0.0284418 0.0170211
5 0.0678257 0.5871571 0.0284418 0.0170211
28 0.2850179 0.5871571 0.0284418 0.0170211
19 0.5022101 0.6484333 0.0284418 0.0170211
31 0.1402231 0.6484333 0.0284418 0.0170211
1 0.0678257 0.4033285 0.0284418 0.0170211
19 0.3574153 0.5871571 0.0284418 0.0170211
11 0.3574153 0.5258809 0.0284418 0.0170212
15 0.3574153 0.4646047 0.0284418 0.0170212
24 0.5022101 0.4646047 0.0284418 0.0170212
18 0.3574153 0.6484333 0.0284418 0.0170211
1 0.2126205 0.6484333 0.0284418 0.0170211
29 0.4298127 0.6484333 0.0284418 0.0170211
23 0.2850179 0.4033285 0.0284418 0.0170211
25 0.1402231 0.5871571 0.0284418 0.0170211
5 0.0678257 0.5258809 0.0284418 0.0170212
16 0.0678257 0.6484333 0.0284418 0.0170211
5 0.5022101 0.5258809 0.0284418 0.0170212
