21 0.5123081 0.3438249 0.0237380 0.0157947
2 0.4098033 0.3934655 0.0237380 0.0157947
32 0.3644854 0.3122354 0.4078613 0.3768173
33 0.5328091 0.1695187 0.0086320 0.0146666
5 0.4098033 0.4436702 0.0237380 0.0169229
11 0.5123081 0.2456719 0.0237380 0.0157947
15 0.2587436 0.3438249 0.0237380 0.0157947
3 0.2587436 0.3934655 0.0237380 0.0157947
18 0.3596299 0.2941843 0.0226590 0.0157947
11 0.4605162 0.4436702 0.0237380 0.0169229
31 0.3596299 0.4436702 0.0226590 0.0169229
4 0.4605162 0.2941843 0.0237380 0.0157947
10 0.2587436 0.4436702 0.0237380 0.0169229
30 0.2069517 0.4436702 0.0237380 0.0169229
27 0.3089170 0.3438249 0.0226590 0.0157947
10 0.4098033 0.3438249 0.0237380 0.0157947
18 0.4605162 0.3438249 0.0237380 0.0157947
4 0.2069517 0.3934655 0.0237380 0.0157947
31 0.5123081 0.3934655 0.0237380 0.0157947
3 0.3596299 0.3438249 0.0226590 0.0157947
31 0.4098033 0.2941843 0.0237380 0.0157947
28 0.2069517 0.2456719 0.0237380 0.0157947
3 0.5123081 0.4436702 0.0237380 0.0169229
16 0.3596299 0.3934655 0.0226590 0.0157947
20 0.2069517 0.3438249 0.0237380 0.0157947
7 0.5123081 0.2941843 0.0237380 0.0157947
11 0.3596299 0.2456719 0.0226590 0.0157947
18 0.3089170 0.2456719 0.0226590 0.0157947
15 0.4098033 0.2456719 0.0237380 0.0157947
18 0.4605162 0.3934655 0.0237380 0.0157947
29 0.4605162 0.2456719 0.0237380 0.0157947
20 0.3089170 0.3934655 0.0226590 0.0157947
21 0.3089170 0.4436702 0.0226590 0.0169229
30 0.3089170 0.2941843 0.0226590 0.0157947
3 0.2587436 0.2941843 0.0237380 0.0157947
17 0.2069517 0.2941843 0.0237380 0.0157947
23 0.2587436 0.2456719 0.0237380 0.0157947
