31 0.6830877 0.7730349 0.0249916 0.0172352
5 0.3877323 0.7127120 0.0249916 0.0160862
32 0.5632415 0.5794269 0.4100896 0.4389215
33 0.7489746 0.3777758 0.0113599 0.0172351
30 0.3877323 0.4742925 0.0249916 0.0172351
34 0.5638095 0.4737181 0.0499832 0.0505564
24 0.5643775 0.4742925 0.0238557 0.0172351
23 0.4468033 0.7127120 0.0249916 0.0160862
23 0.5643775 0.5340410 0.0238557 0.0172351
11 0.6234486 0.6541125 0.0238557 0.0160862
10 0.6830877 0.5340410 0.0249916 0.0172351
19 0.3877323 0.6541125 0.0249916 0.0160862
12 0.6234486 0.4742925 0.0238557 0.0172351
25 0.4468033 0.5340410 0.0249916 0.0172351
15 0.4468033 0.5943640 0.0249916 0.0160862
20 0.6234486 0.7730349 0.0238557 0.0172352
16 0.6234486 0.5943640 0.0238557 0.0160862
24 0.5047384 0.5340410 0.0249916 0.0172351
7 0.3877323 0.5340410 0.0249916 0.0172351
23 0.5047384 0.7127120 0.0249916 0.0160862
17 0.4468033 0.7730349 0.0249916 0.0172352
5 0.5047384 0.4742925 0.0249916 0.0172351
28 0.4468033 0.4742925 0.0249916 0.0172351
23 0.7410227 0.7127120 0.0249917 0.0160862
21 0.5643775 0.6541125 0.0238557 0.0160862
14 0.4468033 0.6541125 0.0249916 0.0160862
22 0.6830877 0.4742925 0.0249916 0.0172351
28 0.6830877 0.7127120 0.0249916 0.0160862
19 0.5643775 0.5943640 0.0238557 0.0160862
12 0.5047384 0.5943640 0.0249916 0.0160862
24 0.7410227 0.5943640 0.0249917 0.0160862
20 0.5643775 0.7730349 0.0238557 0.0172352
24 0.6234486 0.7127120 0.0238557 0.0160862
8 0.5643775 0.7127120 0.0238557 0.0160862
23 0.5047384 0.6541125 0.0249916 0.0160862
25 0.6830877 0.6541125 0.0249916 0.0160862
13 0.6830877 0.5943640 0.0249916 0.0160862
14 0.7410227 0.7730349 0.0249917 0.0172352
20 0.3877323 0.5943640 0.0249916 0.0160862
31 0.7410227 0.4742925 0.0249917 0.0172351
16 0.3877323 0.7730349 0.0249916 0.0172352
4 0.7410227 0.5340410 0.0249917 0.0172351
10 0.7410227 0.6541125 0.0249917 0.0160862
6 0.5047384 0.7730349 0.0249916 0.0172352
7 0.6234486 0.5340410 0.0238557 0.0172351
