15 0.5062223 0.1926590 0.0240368 0.0167024
27 0.3001925 0.3351859 0.0240368 0.0167024
32 0.4449857 0.2800681 0.3914568 0.4877091
33 0.5800498 0.0902178 0.0137353 0.0189293
28 0.3516999 0.1926590 0.0240368 0.0167024
3 0.5577298 0.3351859 0.0240369 0.0167024
16 0.5577298 0.2639224 0.0240369 0.0167024
6 0.5062223 0.2639224 0.0240368 0.0167024
17 0.6092373 0.4058926 0.0240369 0.0155889
4 0.6092373 0.1926590 0.0240369 0.0167024
4 0.5062223 0.3351859 0.0240368 0.0167024
2 0.4032074 0.3351859 0.0240368 0.0167024
25 0.4032074 0.1926590 0.0240368 0.0167024
22 0.4547149 0.3351859 0.0240368 0.0167024
11 0.6092373 0.2639224 0.0240369 0.0167024
18 0.3001925 0.2639224 0.0240368 0.0167024
6 0.4547149 0.4058926 0.0240368 0.0155889
6 0.5062223 0.4771560 0.0240368 0.0155889
27 0.3001925 0.1926590 0.0240368 0.0167024
10 0.6092373 0.3351859 0.0240369 0.0167024
27 0.5577298 0.1926590 0.0240369 0.0167024
7 0.3001925 0.4058926 0.0240368 0.0155889
20 0.3516999 0.4771560 0.0240368 0.0155889
15 0.3516999 0.3351859 0.0240368 0.0167024
9 0.4547149 0.1926590 0.0240368 0.0167024
3 0.4032074 0.2639224 0.0240368 0.0167024
14 0.4032074 0.4058926 0.0240368 0.0155889
7 0.4032074 0.4771560 0.0240368 0.0155889
27 0.3516999 0.2639224 0.0240368 0.0167024
11 0.5577298 0.4771560 0.0240369 0.0155889
7 0.6092373 0.4771560 0.0240369 0.0155889
17 0.5062223 0.4058926 0.0240368 0.0155889
31 0.4547149 0.2639224 0.0240368 0.0167024
9 0.4547149 0.4771560 0.0240368 0.0155889
6 0.3516999 0.4058926 0.0240368 0.0155889
12 0.3001925 0.4771560 0.0240368 0.0155889
29 0.5577298 0.4058926 0.0240369 0.0155889
