28 0.4270274 0.0747884 0.0235600 0.0156248
4 0.3210072 0.2706566 0.0246819 0.0167409
32 0.4848056 0.1640643 0.4240806 0.3259064
33 0.6598229 0.0039100 0.0089753 0.0055978
10 0.3748587 0.2706566 0.0246819 0.0167409
5 0.4797570 0.0747884 0.0235600 0.0156248
21 0.3210072 0.0747884 0.0246819 0.0156248
19 0.3210072 0.2209920 0.0246819 0.0156248
14 0.3748587 0.0747884 0.0246819 0.0156248
21 0.4270274 0.1718854 0.0235600 0.0156248
31 0.5846552 0.2209920 0.0246819 0.0156248
24 0.6385067 0.2706566 0.0246819 0.0167409
2 0.6385067 0.1718854 0.0246819 0.0156248
20 0.5319256 0.2706566 0.0246819 0.0167409
6 0.5319256 0.1227789 0.0246819 0.0156248
24 0.4797570 0.1227789 0.0235600 0.0156248
11 0.4270274 0.2209920 0.0235600 0.0156248
19 0.4270274 0.1227789 0.0235600 0.0156248
31 0.5846552 0.1227789 0.0246819 0.0156248
13 0.3210072 0.1227789 0.0246819 0.0156248
14 0.4797570 0.1718854 0.0235600 0.0156248
18 0.6385067 0.1227789 0.0246819 0.0156248
23 0.3210072 0.1718854 0.0246819 0.0156248
6 0.5846552 0.2706566 0.0246819 0.0167409
1 0.5846552 0.1718854 0.0246819 0.0156248
17 0.3748587 0.1718854 0.0246819 0.0156248
11 0.3748587 0.2209920 0.0246819 0.0156248
29 0.6385067 0.2209920 0.0246819 0.0156248
31 0.5319256 0.0747884 0.0246819 0.0156248
30 0.4797570 0.2209920 0.0235600 0.0156248
7 0.5846552 0.0747884 0.0246819 0.0156248
27 0.3748587 0.1227789 0.0246819 0.0156248
12 0.4797570 0.2706566 0.0235600 0.0167409
13 0.6385067 0.0747884 0.0246819 0.0156248
16 0.4270274 0.2706566 0.0235600 0.0167409
14 0.5319256 0.1718854 0.0246819 0.0156248
18 0.5319256 0.2209920 0.0246819 0.0156248
