10 0.5831272 0.4790227 0.0240862 0.0173741
30 0.3766739 0.4048933 0.0240862 0.0173741
32 0.4185380 0.4216882 0.3922613 0.5073229
33 0.5538796 0.2242029 0.0137636 0.0196906
3 0.3766739 0.4790227 0.0240862 0.0173741
13 0.3250605 0.4790227 0.0240862 0.0173741
25 0.2734472 0.4048933 0.0240862 0.0173741
16 0.4282872 0.6267023 0.0240862 0.0162158
6 0.4799005 0.4048933 0.0240862 0.0173741
2 0.5315138 0.6267023 0.0240862 0.0162158
17 0.3250605 0.3307639 0.0240862 0.0173741
13 0.5315138 0.4790227 0.0240862 0.0173741
22 0.3766739 0.5525729 0.0240862 0.0162158
27 0.2734472 0.4790227 0.0240862 0.0173741
11 0.4799005 0.6267023 0.0240862 0.0162158
30 0.3766739 0.3307639 0.0240862 0.0173741
19 0.4282872 0.4790227 0.0240862 0.0173741
14 0.4282872 0.3307639 0.0240862 0.0173741
2 0.3766739 0.6267023 0.0240862 0.0162158
13 0.5315138 0.4048933 0.0240862 0.0173741
10 0.4282872 0.5525729 0.0240862 0.0162158
18 0.2734472 0.6267023 0.0240862 0.0162158
21 0.3250605 0.4048933 0.0240862 0.0173741
2 0.5315138 0.3307639 0.0240862 0.0173741
11 0.4799005 0.3307639 0.0240862 0.0173741
6 0.5831272 0.3307639 0.0240862 0.0173741
23 0.4799005 0.4790227 0.0240862 0.0173741
16 0.4282872 0.4048933 0.0240862 0.0173741
1 0.3250605 0.5525729 0.0240862 0.0162158
19 0.3250605 0.6267023 0.0240862 0.0162158
16 0.5831272 0.6267023 0.0240862 0.0162158
5 0.2734472 0.5525729 0.0240862 0.0162158
23 0.5831272 0.4048933 0.0240862 0.0173741
27 0.4799005 0.5525729 0.0240862 0.0162158
14 0.2734472 0.3307639 0.0240862 0.0173741
9 0.5831272 0.5525729 0.0240862 0.0162158
9 0.5315138 0.5525729 0.0240862 0.0162158
