19 0.6630086 0.4278537 0.0229108 0.0162515
2 0.4175359 0.2798486 0.0229108 0.0174124
32 0.5064516 0.2388597 0.3731185 0.4754972
33 0.6351883 0.0244673 0.0130918 0.0197340
5 0.4666304 0.1312631 0.0229108 0.0174124
15 0.4666304 0.3535609 0.0229108 0.0162516
17 0.4175359 0.2055558 0.0229108 0.0174124
20 0.5157250 0.2798486 0.0229108 0.0174124
27 0.4666304 0.4278537 0.0229108 0.0162515
10 0.6139140 0.3535609 0.0229108 0.0162516
16 0.3684414 0.1312631 0.0229108 0.0174124
28 0.5648195 0.2055558 0.0229108 0.0174124
3 0.3684414 0.3535609 0.0229108 0.0162516
2 0.5157250 0.3535609 0.0229108 0.0162516
13 0.6139140 0.2798486 0.0229108 0.0174124
26 0.5157250 0.1312631 0.0229108 0.0174124
3 0.5648195 0.3535609 0.0229108 0.0162516
11 0.5157250 0.4278537 0.0229108 0.0162515
22 0.5648195 0.1312631 0.0229108 0.0174124
20 0.6139140 0.1312631 0.0229108 0.0174124
25 0.4175359 0.4278537 0.0229108 0.0162515
9 0.4666304 0.2055558 0.0229108 0.0174124
26 0.6630086 0.2055558 0.0229108 0.0174124
21 0.3684414 0.2798486 0.0229108 0.0174124
20 0.5157250 0.2055558 0.0229108 0.0174124
18 0.4175359 0.3535609 0.0229108 0.0162516
19 0.6139140 0.2055558 0.0229108 0.0174124
5 0.3684414 0.2055558 0.0229108 0.0174124
27 0.6630086 0.1312631 0.0229108 0.0174124
31 0.6139140 0.4278537 0.0229108 0.0162515
21 0.6630086 0.2798486 0.0229108 0.0174124
31 0.5648195 0.4278537 0.0229108 0.0162515
13 0.4666304 0.2798486 0.0229108 0.0174124
9 0.5648195 0.2798486 0.0229108 0.0174124
19 0.4175359 0.1312631 0.0229108 0.0174124
21 0.6630086 0.3535609 0.0229108 0.0162516
21 0.3684414 0.4278537 0.0229108 0.0162515
