23 0.5225134 0.5405986 0.0244086 0.0148370
4 0.7840340 0.5405986 0.0244086 0.0148370
32 0.6695461 0.4208430 0.3975115 0.4641851
33 0.8066992 0.2401500 0.0139478 0.0180163
9 0.5748175 0.4733023 0.0244086 0.0158967
26 0.8363382 0.5405986 0.0244086 0.0148370
18 0.7317299 0.3376501 0.0244086 0.0158967
26 0.7317299 0.6084248 0.0244086 0.0148369
12 0.6271216 0.4054762 0.0244086 0.0158967
30 0.5225134 0.6084248 0.0244086 0.0148369
19 0.5225134 0.4733023 0.0244086 0.0158967
30 0.8363382 0.4054762 0.0244086 0.0158967
15 0.6271216 0.4733023 0.0244086 0.0158967
14 0.7317299 0.4733023 0.0244086 0.0158967
10 0.7840340 0.6084248 0.0244086 0.0148369
9 0.5748175 0.4054762 0.0244086 0.0158967
28 0.6794258 0.3376501 0.0244085 0.0158967
28 0.7840340 0.3376501 0.0244086 0.0158967
17 0.5225134 0.3376501 0.0244086 0.0158967
24 0.7840340 0.4054762 0.0244086 0.0158967
7 0.6271216 0.3376501 0.0244086 0.0158967
25 0.8363382 0.3376501 0.0244086 0.0158967
12 0.6794258 0.6084248 0.0244085 0.0148369
19 0.6794258 0.4054762 0.0244085 0.0158967
25 0.5748175 0.5405986 0.0244086 0.0148370
27 0.8363382 0.6084248 0.0244086 0.0148369
26 0.6794258 0.4733023 0.0244085 0.0158967
9 0.5748175 0.6084248 0.0244086 0.0148369
6 0.5225134 0.4054762 0.0244086 0.0158967
24 0.6271216 0.5405986 0.0244086 0.0148370
16 0.6794258 0.5405986 0.0244085 0.0148370
25 0.6271216 0.6084248 0.0244086 0.0148369
11 0.7840340 0.4733023 0.0244086 0.0158967
3 0.8363382 0.4733023 0.0244086 0.0158967
20 0.7317299 0.4054762 0.0244086 0.0158967
13 0.7317299 0.5405986 0.0244086 0.0148370
12 0.5748175 0.3376501 0.0244086 0.0158967
