29 0.6147836 0.5550517 0.0286900 0.0159953
29 0.3226672 0.4969354 0.0286900 0.0149290
32 0.3963484 0.5497199 0.5281568 0.4702620
33 0.4739418 0.3407146 0.0104327 0.0117299
15 0.3956963 0.5550517 0.0286900 0.0159953
25 0.5417545 0.5550517 0.0286900 0.0159953
29 0.2496382 0.5550517 0.0286900 0.0159953
3 0.1766091 0.6702179 0.0286900 0.0159953
7 0.3956963 0.4969354 0.0286900 0.0149290
17 0.2496382 0.6126348 0.0286900 0.0159953
20 0.1766091 0.4969354 0.0286900 0.0149290
26 0.4687254 0.6126348 0.0286900 0.0159953
28 0.2496382 0.6702179 0.0286900 0.0159953
27 0.4687254 0.4969354 0.0286900 0.0149290
20 0.3226672 0.6126348 0.0286900 0.0159953
30 0.3226672 0.4398855 0.0286900 0.0159953
5 0.5417545 0.4969354 0.0286900 0.0149290
9 0.4687254 0.4398855 0.0286900 0.0159953
12 0.3226672 0.5550517 0.0286900 0.0159953
17 0.1766091 0.6126348 0.0286900 0.0159953
20 0.5417545 0.6126348 0.0286900 0.0159953
25 0.2496382 0.4969354 0.0286900 0.0149290
22 0.6147836 0.6702179 0.0286900 0.0159953
22 0.4687254 0.6702179 0.0286900 0.0159953
29 0.3226672 0.6702179 0.0286900 0.0159953
20 0.3956963 0.4398855 0.0286900 0.0159953
22 0.1766091 0.4398855 0.0286900 0.0159953
2 0.6147836 0.6126348 0.0286900 0.0159953
16 0.1766091 0.5550517 0.0286900 0.0159953
17 0.2496382 0.4398855 0.0286900 0.0159953
4 0.6147836 0.4969354 0.0286900 0.0149290
1 0.3956963 0.6702179 0.0286900 0.0159953
8 0.5417545 0.4398855 0.0286900 0.0159953
31 0.3956963 0.6126348 0.0286900 0.0159953
25 0.5417545 0.6702179 0.0286900 0.0159953
24 0.6147836 0.4398855 0.0286900 0.0159953
21 0.4687254 0.5550517 0.0286900 0.0159953
