14 0.3191701 0.1591292 0.0253665 0.0155395
29 0.5901308 0.3539279 0.0253666 0.0166494
32 0.4846291 0.2451514 0.4300780 0.4162366
33 0.6673834 0.0830967 0.0092242 0.0122096
15 0.5359387 0.1591292 0.0253665 0.0155395
35 0.5359387 0.2068577 0.0461210 0.0443986
23 0.5359387 0.2068577 0.0253665 0.0155395
7 0.5359387 0.3045345 0.0253665 0.0155395
20 0.6454759 0.4027664 0.0253665 0.0166495
24 0.4823231 0.3539279 0.0242135 0.0166494
10 0.5359387 0.4027664 0.0253665 0.0166495
15 0.5901308 0.3045345 0.0253666 0.0155395
21 0.6454759 0.2068577 0.0253665 0.0155395
18 0.4823231 0.4027664 0.0242135 0.0166495
27 0.3745153 0.4027664 0.0253665 0.0166495
31 0.3191701 0.4027664 0.0253665 0.0166495
11 0.4281309 0.4027664 0.0242135 0.0166495
13 0.3191701 0.3045345 0.0253665 0.0155395
12 0.5359387 0.3539279 0.0253665 0.0166494
19 0.4281309 0.3045345 0.0242135 0.0155395
20 0.3191701 0.3539279 0.0253665 0.0166494
31 0.4823231 0.2068577 0.0242135 0.0155395
25 0.5901308 0.1591292 0.0253666 0.0155395
30 0.4823231 0.1591292 0.0242135 0.0155395
21 0.4281309 0.1591292 0.0242135 0.0155395
7 0.4281309 0.2556961 0.0242135 0.0155395
11 0.3191701 0.2556961 0.0253665 0.0155395
31 0.4281309 0.3539279 0.0242135 0.0166494
3 0.5901308 0.4027664 0.0253666 0.0166495
7 0.3191701 0.2068577 0.0253665 0.0155395
31 0.6454759 0.1591292 0.0253665 0.0155395
15 0.3745153 0.1591292 0.0253665 0.0155395
25 0.4281309 0.2068577 0.0242135 0.0155395
26 0.5359387 0.2556961 0.0253665 0.0155395
2 0.6454759 0.3045345 0.0253665 0.0155395
4 0.3745153 0.3539279 0.0253665 0.0166494
26 0.6454759 0.2556961 0.0253665 0.0155395
9 0.3745153 0.2068577 0.0253665 0.0155395
8 0.3745153 0.2556961 0.0253665 0.0155395
11 0.4823231 0.3045345 0.0242135 0.0155395
21 0.4823231 0.2556961 0.0242135 0.0155395
22 0.5901308 0.2068577 0.0253666 0.0155395
1 0.3745153 0.3045345 0.0253665 0.0155395
17 0.6454759 0.3539279 0.0253665 0.0166494
23 0.5901308 0.2556961 0.0253666 0.0155395
