18 0.6547875 0.0834754 0.0251704 0.0150877
3 0.6547875 0.2726096 0.0251704 0.0161653
32 0.4980449 0.1640720 0.4324724 0.3259217
33 0.6765256 0.0107315 0.0091528 0.0140099
20 0.4928965 0.2246525 0.0240263 0.0150877
13 0.4391234 0.1772342 0.0240262 0.0150876
8 0.3859224 0.0834754 0.0251704 0.0150877
3 0.5460974 0.1772342 0.0251704 0.0150876
28 0.4928965 0.1298160 0.0240263 0.0150877
22 0.4391234 0.0834754 0.0240262 0.0150877
26 0.6547875 0.2246525 0.0251704 0.0150877
10 0.5460974 0.1298160 0.0251704 0.0150877
15 0.4391234 0.1298160 0.0240262 0.0150877
21 0.5998704 0.1298160 0.0251704 0.0150877
13 0.3859224 0.2726096 0.0251704 0.0161653
11 0.5460974 0.0834754 0.0251704 0.0150877
29 0.3859224 0.2246525 0.0251704 0.0150877
16 0.3859224 0.1298160 0.0251704 0.0150877
16 0.3310053 0.2726096 0.0251703 0.0161653
19 0.4391234 0.2726096 0.0240262 0.0161653
21 0.3310053 0.1298160 0.0251703 0.0150877
4 0.4928965 0.1772342 0.0240263 0.0150876
20 0.5998704 0.1772342 0.0251704 0.0150876
21 0.6547875 0.1298160 0.0251704 0.0150877
5 0.4928965 0.0834754 0.0240263 0.0150877
29 0.5998704 0.2726096 0.0251704 0.0161653
16 0.3310053 0.0834754 0.0251703 0.0150877
26 0.4391234 0.2246525 0.0240262 0.0150877
6 0.3310053 0.2246525 0.0251703 0.0150877
20 0.5460974 0.2726096 0.0251704 0.0161653
24 0.5998704 0.0834754 0.0251704 0.0150877
11 0.5998704 0.2246525 0.0251704 0.0150877
3 0.3859224 0.1772342 0.0251704 0.0150876
25 0.6547875 0.1772342 0.0251704 0.0150876
15 0.4928965 0.2726096 0.0240263 0.0161653
9 0.5460974 0.2246525 0.0251704 0.0150877
8 0.3310053 0.1772342 0.0251703 0.0150876
