22 0.4222231 0.3853464 0.0283558 0.0171025
24 0.5665797 0.5084839 0.0283558 0.0171024
32 0.4944014 0.3528518 0.5207151 0.5062321
33 0.5736687 0.1117074 0.0116001 0.0148221
15 0.4944014 0.2006401 0.0283558 0.0171024
3 0.7109364 0.2622088 0.0283558 0.0171024
34 0.4222231 0.5090540 0.0670227 0.0615687
24 0.4222231 0.5084839 0.0283558 0.0171024
27 0.6387580 0.3853464 0.0283558 0.0171025
8 0.6387580 0.2622088 0.0283558 0.0171024
1 0.6387580 0.4469151 0.0283558 0.0171025
3 0.2778664 0.3853464 0.0283558 0.0171025
14 0.2778664 0.5084839 0.0283558 0.0171024
25 0.4944014 0.5084839 0.0283558 0.0171024
29 0.6387580 0.2006401 0.0283558 0.0171024
1 0.4944014 0.3237776 0.0283558 0.0171025
30 0.4222231 0.4469151 0.0283558 0.0171025
31 0.7109364 0.5084839 0.0283558 0.0171024
5 0.4944014 0.3853464 0.0283558 0.0171025
20 0.3500447 0.2006401 0.0283558 0.0171024
28 0.3500447 0.5084839 0.0283558 0.0171024
26 0.6387580 0.5084839 0.0283558 0.0171024
30 0.2778664 0.2622088 0.0283558 0.0171024
9 0.5665797 0.2622088 0.0283558 0.0171024
2 0.4222231 0.2622088 0.0283558 0.0171024
15 0.7109364 0.2006401 0.0283558 0.0171024
2 0.5665797 0.4469151 0.0283558 0.0171025
31 0.2778664 0.4469151 0.0283558 0.0171025
22 0.6387580 0.3237776 0.0283558 0.0171025
30 0.3500447 0.2622088 0.0283558 0.0171024
18 0.3500447 0.3853464 0.0283558 0.0171025
9 0.5665797 0.3853464 0.0283558 0.0171025
22 0.5665797 0.3237776 0.0283558 0.0171025
15 0.7109364 0.4469151 0.0283558 0.0171025
30 0.3500447 0.3237776 0.0283558 0.0171025
13 0.7109364 0.3853464 0.0283558 0.0171025
20 0.4944014 0.4469151 0.0283558 0.0171025
4 0.4944014 0.2622088 0.0283558 0.0171024
15 0.3500447 0.4469151 0.0283558 0.0171025
8 0.4222231 0.2006401 0.0283558 0.0171024
29 0.5665797 0.2006401 0.0283558 0.0171024
12 0.2778664 0.3237776 0.0283558 0.0171025
5 0.4222231 0.3237776 0.0283558 0.0171025
17 0.7109364 0.3237776 0.0283558 0.0171025
16 0.2778664 0.2006401 0.0283558 0.0171024
