2 0.5992537 0.2200604 0.0252872 0.0164752
20 0.7182186 0.3348376 0.0241378 0.0153768
32 0.7170692 0.3205591 0.4149403 0.4195680
33 0.9049992 0.1277994 0.0114942 0.0164752
7 0.8969533 0.2200604 0.0252872 0.0164752
34 0.8383329 0.4479672 0.0505745 0.0483272
5 0.8383329 0.4479672 0.0252872 0.0153769
10 0.5394839 0.5056303 0.0252872 0.0164752
18 0.5394839 0.2200604 0.0252872 0.0164752
7 0.8383329 0.2771744 0.0252872 0.0164752
27 0.8383329 0.5056303 0.0252872 0.0164752
17 0.7779884 0.3348376 0.0241378 0.0153768
5 0.7779884 0.2200604 0.0241378 0.0164752
30 0.8969533 0.5056303 0.0252872 0.0164752
3 0.6578741 0.2771744 0.0252873 0.0164752
15 0.8969533 0.3919515 0.0252872 0.0153769
16 0.8969533 0.2771744 0.0252872 0.0164752
6 0.5394839 0.2771744 0.0252872 0.0164752
24 0.6578741 0.3919515 0.0252873 0.0153769
26 0.5992537 0.2771744 0.0252872 0.0164752
29 0.8969533 0.4479672 0.0252872 0.0153769
1 0.6578741 0.3348376 0.0252873 0.0153768
20 0.7779884 0.3919515 0.0241378 0.0153769
5 0.6578741 0.4479672 0.0252873 0.0153769
14 0.7779884 0.5056303 0.0241378 0.0164752
9 0.7779884 0.4479672 0.0241378 0.0153769
27 0.7182186 0.4479672 0.0241378 0.0153769
7 0.8969533 0.3348376 0.0252872 0.0153768
19 0.8383329 0.2200604 0.0252872 0.0164752
25 0.7779884 0.2771744 0.0241378 0.0164752
23 0.7182186 0.3919515 0.0241378 0.0153769
2 0.8383329 0.3919515 0.0252872 0.0153769
17 0.7182186 0.2771744 0.0241378 0.0164752
24 0.5992537 0.3919515 0.0252872 0.0153769
18 0.6578741 0.2200604 0.0252873 0.0164752
18 0.7182186 0.5056303 0.0241378 0.0164752
20 0.5394839 0.3919515 0.0252872 0.0153769
13 0.5992537 0.3348376 0.0252872 0.0153768
24 0.6578741 0.5056303 0.0252873 0.0164752
8 0.5992537 0.5056303 0.0252872 0.0164752
1 0.5394839 0.4479672 0.0252872 0.0153769
16 0.5992537 0.4479672 0.0252872 0.0153769
23 0.5394839 0.3348376 0.0252872 0.0153768
18 0.8383329 0.3348376 0.0252872 0.0153768
4 0.7182186 0.2200604 0.0241378 0.0164752
