2 0.4415382 0.4241083 0.0286330 0.0166435
8 0.2957698 0.4241083 0.0286331 0.0166435
32 0.4408874 0.3386719 0.5219028 0.4915364
33 0.5209299 0.1067732 0.0130151 0.0144243
12 0.2228856 0.2443590 0.0286331 0.0166434
3 0.5144224 0.4241083 0.0286331 0.0166435
6 0.6601907 0.2443590 0.0286330 0.0166434
16 0.2957698 0.2443590 0.0286331 0.0166434
4 0.5873066 0.4840247 0.0286331 0.0166435
6 0.3686540 0.3042754 0.0286331 0.0166434
7 0.5873066 0.2443590 0.0286331 0.0166434
31 0.2228856 0.3042754 0.0286331 0.0166434
25 0.4415382 0.3042754 0.0286330 0.0166434
8 0.6601907 0.3042754 0.0286330 0.0166434
21 0.4415382 0.3641919 0.0286330 0.0166434
7 0.6601907 0.4241083 0.0286330 0.0166435
20 0.2228856 0.3641919 0.0286331 0.0166434
26 0.4415382 0.4840247 0.0286330 0.0166435
16 0.5144224 0.2443590 0.0286331 0.0166434
15 0.3686540 0.2443590 0.0286331 0.0166434
11 0.6601907 0.4840247 0.0286330 0.0166435
14 0.2228856 0.4840247 0.0286331 0.0166435
13 0.5873066 0.3641919 0.0286331 0.0166434
14 0.3686540 0.4241083 0.0286331 0.0166435
16 0.2957698 0.3042754 0.0286331 0.0166434
6 0.5144224 0.4840247 0.0286331 0.0166435
17 0.3686540 0.4840247 0.0286331 0.0166435
21 0.6601907 0.3641919 0.0286330 0.0166434
18 0.3686540 0.3641919 0.0286331 0.0166434
2 0.2957698 0.4840247 0.0286331 0.0166435
10 0.2228856 0.4241083 0.0286331 0.0166435
25 0.4415382 0.2443590 0.0286330 0.0166434
10 0.5144224 0.3641919 0.0286331 0.0166434
2 0.5873066 0.3042754 0.0286331 0.0166434
1 0.5873066 0.4241083 0.0286331 0.0166435
26 0.5144224 0.3042754 0.0286331 0.0166434
2 0.2957698 0.3641919 0.0286331 0.0166434
