14 0.0837639 0.2081495 0.0246545 0.0152880
29 0.0837639 0.2567436 0.0246545 0.0163800
32 0.2473804 0.1565004 0.4236097 0.3107785
22 0.1896664 0.1120534 0.0235339 0.0152880
17 0.2423374 0.2081495 0.0235339 0.0152880
15 0.1896664 0.0650973 0.0235339 0.0152880
2 0.4009109 0.2567436 0.0246545 0.0163800
19 0.3471192 0.2567436 0.0246545 0.0163800
27 0.2944481 0.0650973 0.0246545 0.0152880
23 0.1375557 0.2567436 0.0246545 0.0163800
31 0.3471192 0.2081495 0.0246545 0.0152880
9 0.3471192 0.1601015 0.0246545 0.0152880
23 0.2423374 0.1120534 0.0235339 0.0152880
18 0.4009109 0.0650973 0.0246545 0.0152880
25 0.2423374 0.0650973 0.0235339 0.0152880
17 0.4009109 0.1601015 0.0246545 0.0152880
13 0.2944481 0.2567436 0.0246545 0.0163800
2 0.1896664 0.2567436 0.0235339 0.0163800
20 0.3471192 0.1120534 0.0246545 0.0152880
7 0.2423374 0.2567436 0.0235339 0.0163800
4 0.1375557 0.2081495 0.0246545 0.0152880
20 0.4009109 0.2081495 0.0246545 0.0152880
22 0.4009109 0.1120534 0.0246545 0.0152880
8 0.2944481 0.2081495 0.0246545 0.0152880
26 0.1375557 0.1601015 0.0246545 0.0152880
24 0.1375557 0.1120534 0.0246545 0.0152880
23 0.1896664 0.2081495 0.0235339 0.0152880
10 0.2944481 0.1120534 0.0246545 0.0152880
21 0.1896664 0.1601015 0.0235339 0.0152880
5 0.0837639 0.0650973 0.0246545 0.0152880
16 0.2423374 0.1601015 0.0235339 0.0152880
7 0.1375557 0.0650973 0.0246545 0.0152880
15 0.3471192 0.0650973 0.0246545 0.0152880
23 0.0837639 0.1601015 0.0246545 0.0152880
2 0.2944481 0.1601015 0.0246545 0.0152880
20 0.0837639 0.1120534 0.0246545 0.0152880
