26 0.8789548 0.4957327 0.0236288 0.0160510
19 0.7667181 0.4361147 0.0225547 0.0160510
32 0.7656441 0.4212102 0.3877271 0.4379632
33 0.9412489 0.2199993 0.0107404 0.0171975
31 0.5997055 0.4361147 0.0236287 0.0160510
34 0.8231050 0.4957327 0.0472576 0.0504460
6 0.8225680 0.4957327 0.0225547 0.0160510
21 0.8225680 0.5542042 0.0225547 0.0160510
30 0.7667181 0.3163054 0.0225547 0.0171975
17 0.7103312 0.6143955 0.0236288 0.0171975
18 0.5997055 0.4957327 0.0236287 0.0160510
17 0.7103312 0.3163054 0.0236288 0.0171975
2 0.6555554 0.6143955 0.0236287 0.0171975
7 0.6555554 0.4957327 0.0236287 0.0160510
31 0.7667181 0.5542042 0.0225547 0.0160510
10 0.8789548 0.5542042 0.0236288 0.0160510
14 0.9337307 0.4957327 0.0236288 0.0160510
25 0.5997055 0.5542042 0.0236287 0.0160510
14 0.6555554 0.4361147 0.0236287 0.0160510
18 0.6555554 0.3759234 0.0236287 0.0171975
14 0.9337307 0.3163054 0.0236288 0.0171975
25 0.7103312 0.5542042 0.0236288 0.0160510
21 0.7667181 0.4957327 0.0225547 0.0160510
13 0.7103312 0.4361147 0.0236288 0.0160510
12 0.8789548 0.3759234 0.0236288 0.0171975
10 0.7103312 0.4957327 0.0236288 0.0160510
22 0.9337307 0.6143955 0.0236288 0.0171975
5 0.8789548 0.6143955 0.0236288 0.0171975
13 0.5997055 0.6143955 0.0236287 0.0171975
24 0.9337307 0.4361147 0.0236288 0.0160510
20 0.5997055 0.3759234 0.0236287 0.0171975
14 0.8225680 0.3759234 0.0225547 0.0171975
29 0.7667181 0.3759234 0.0225547 0.0171975
20 0.8225680 0.3163054 0.0225547 0.0171975
26 0.9337307 0.5542042 0.0236288 0.0160510
2 0.6555554 0.5542042 0.0236287 0.0160510
20 0.8789548 0.3163054 0.0236288 0.0171975
22 0.7667181 0.6143955 0.0225547 0.0171975
6 0.8225680 0.4361147 0.0225547 0.0160510
17 0.5997055 0.3163054 0.0236287 0.0171975
16 0.8225680 0.6143955 0.0225547 0.0171975
23 0.9337307 0.3759234 0.0236288 0.0171975
9 0.8789548 0.4361147 0.0236288 0.0160510
20 0.6555554 0.3163054 0.0236287 0.0171975
3 0.7103312 0.3759234 0.0236288 0.0171975
