24 0.5881536 0.2545840 0.0267670 0.0170122
1 0.6562877 0.2545840 0.0267669 0.0170122
32 0.5194112 0.3294377 0.4878884 0.4933533
33 0.5948454 0.0952366 0.0109502 0.0136098
16 0.3837515 0.1933402 0.0267669 0.0170122
25 0.5200196 0.2545840 0.0267669 0.0170122
34 0.5200196 0.3163950 0.0632673 0.0612439
17 0.5200196 0.3158279 0.0267669 0.0170121
17 0.5200196 0.1933402 0.0267669 0.0170122
14 0.3837515 0.3158279 0.0267669 0.0170121
3 0.5200196 0.3770718 0.0267669 0.0170122
1 0.3156174 0.2545840 0.0267669 0.0170122
2 0.6562877 0.3158279 0.0267669 0.0170121
2 0.4518855 0.4995595 0.0267670 0.0170122
30 0.4518855 0.1933402 0.0267670 0.0170122
5 0.6562877 0.3770718 0.0267669 0.0170122
21 0.3156174 0.1933402 0.0267669 0.0170122
29 0.4518855 0.3158279 0.0267670 0.0170121
7 0.3837515 0.3770718 0.0267669 0.0170122
25 0.7244217 0.4995595 0.0267670 0.0170122
31 0.7244217 0.2545840 0.0267670 0.0170122
30 0.3156174 0.3770718 0.0267669 0.0170122
27 0.4518855 0.2545840 0.0267670 0.0170122
25 0.5200196 0.4383156 0.0267669 0.0170121
18 0.5881536 0.4383156 0.0267670 0.0170121
28 0.7244217 0.3770718 0.0267670 0.0170122
29 0.5881536 0.4995595 0.0267670 0.0170122
13 0.3156174 0.4383156 0.0267669 0.0170121
13 0.5881536 0.1933402 0.0267670 0.0170122
2 0.5200196 0.4995595 0.0267669 0.0170122
26 0.4518855 0.4383156 0.0267670 0.0170121
20 0.3156174 0.4995595 0.0267669 0.0170122
19 0.5881536 0.3770718 0.0267670 0.0170122
6 0.3837515 0.2545840 0.0267669 0.0170122
1 0.6562877 0.1933402 0.0267669 0.0170122
17 0.7244217 0.4383156 0.0267670 0.0170121
27 0.3156174 0.3158279 0.0267669 0.0170121
5 0.7244217 0.1933402 0.0267670 0.0170122
25 0.5881536 0.3158279 0.0267670 0.0170121
30 0.3837515 0.4383156 0.0267669 0.0170121
13 0.3837515 0.4995595 0.0267669 0.0170122
3 0.6562877 0.4383156 0.0267669 0.0170121
15 0.7244217 0.3158279 0.0267670 0.0170121
6 0.4518855 0.3770718 0.0267670 0.0170122
20 0.6562877 0.4995595 0.0267669 0.0170122
