18 0.5385739 0.3511301 0.0223737 0.0171556
28 0.5385739 0.2047358 0.0223737 0.0171556
32 0.3856870 0.2945167 0.3643716 0.5009430
33 0.5114058 0.0995149 0.0127850 0.0194430
28 0.2988557 0.4237554 0.0223737 0.0160118
8 0.3947430 0.2047358 0.0223737 0.0171556
28 0.2509121 0.2047358 0.0223737 0.0171556
22 0.5385739 0.2779330 0.0223737 0.0171556
18 0.3947430 0.2779330 0.0223737 0.0171556
8 0.3467994 0.4969525 0.0223737 0.0160119
27 0.4426866 0.2047358 0.0223737 0.0171556
23 0.3467994 0.4237554 0.0223737 0.0160118
10 0.3947430 0.3511301 0.0223737 0.0171556
15 0.5385739 0.4237554 0.0223737 0.0160118
7 0.4906303 0.2779330 0.0223737 0.0171556
10 0.3467994 0.2047358 0.0223737 0.0171556
20 0.2509121 0.4969525 0.0223737 0.0160119
6 0.2988557 0.2047358 0.0223737 0.0171556
14 0.3467994 0.3511301 0.0223737 0.0171556
16 0.4906303 0.3511301 0.0223737 0.0171556
24 0.2509121 0.2779330 0.0223737 0.0171556
20 0.2988557 0.4969525 0.0223737 0.0160119
10 0.3467994 0.2779330 0.0223737 0.0171556
12 0.3947430 0.4969525 0.0223737 0.0160119
19 0.4426866 0.3511301 0.0223737 0.0171556
1 0.4906303 0.2047358 0.0223737 0.0171556
9 0.5385739 0.4969525 0.0223737 0.0160119
22 0.4906303 0.4237554 0.0223737 0.0160118
25 0.2988557 0.2779330 0.0223737 0.0171556
16 0.4426866 0.2779330 0.0223737 0.0171556
4 0.4426866 0.4237554 0.0223737 0.0160118
24 0.4426866 0.4969525 0.0223737 0.0160119
26 0.4906303 0.4969525 0.0223737 0.0160119
11 0.2509121 0.3511301 0.0223737 0.0171556
26 0.3947430 0.4237554 0.0223737 0.0160118
19 0.2509121 0.4237554 0.0223737 0.0160118
24 0.2988557 0.3511301 0.0223737 0.0171556
