29 0.5040651 0.3795774 0.0232512 0.0163709
17 0.6699942 0.3795774 0.0232512 0.0163709
32 0.5584940 0.4794400 0.3815314 0.4169127
33 0.7312929 0.2879003 0.0105687 0.0163709
34 0.7238947 0.4363299 0.0465025 0.0491128
3 0.7238947 0.4363299 0.0232512 0.0163709
7 0.5595509 0.6633400 0.0221943 0.0163709
22 0.5595509 0.3795774 0.0221943 0.0163709
16 0.4501645 0.3795774 0.0232512 0.0163709
31 0.6699942 0.6060417 0.0232512 0.0152795
5 0.4501645 0.4363299 0.0232512 0.0163709
8 0.6145083 0.3795774 0.0221943 0.0163709
13 0.5040651 0.4936281 0.0232512 0.0152795
14 0.5040651 0.6060417 0.0232512 0.0152795
18 0.6699942 0.6633400 0.0232512 0.0163709
5 0.3952071 0.5503807 0.0232512 0.0152795
13 0.6145083 0.4363299 0.0221943 0.0163709
29 0.4501645 0.5503807 0.0232512 0.0152795
14 0.3952071 0.4363299 0.0232512 0.0163709
19 0.7238947 0.6060417 0.0232512 0.0152795
24 0.5040651 0.5503807 0.0232512 0.0152795
4 0.5595509 0.4936281 0.0221943 0.0152795
21 0.4501645 0.6633400 0.0232512 0.0163709
27 0.7238947 0.3795774 0.0232512 0.0163709
5 0.6699942 0.5503807 0.0232512 0.0152795
25 0.4501645 0.4936281 0.0232512 0.0152795
4 0.6699942 0.4936281 0.0232512 0.0152795
1 0.6145083 0.6060417 0.0221943 0.0152795
24 0.6699942 0.4363299 0.0232512 0.0163709
23 0.5595509 0.4363299 0.0221943 0.0163709
13 0.5595509 0.6060417 0.0221943 0.0152795
7 0.6145083 0.4936281 0.0221943 0.0152795
20 0.3952071 0.6633400 0.0232512 0.0163709
14 0.5595509 0.5503807 0.0221943 0.0152795
7 0.5040651 0.4363299 0.0232512 0.0163709
17 0.3952071 0.6060417 0.0232512 0.0152795
10 0.7238947 0.5503807 0.0232512 0.0152795
23 0.7238947 0.6633400 0.0232512 0.0163709
29 0.6145083 0.5503807 0.0221943 0.0152795
9 0.4501645 0.6060417 0.0232512 0.0152795
8 0.7238947 0.4936281 0.0232512 0.0152795
14 0.3952071 0.3795774 0.0232512 0.0163709
29 0.5040651 0.6633400 0.0232512 0.0163709
1 0.3952071 0.4936281 0.0232512 0.0152795
20 0.6145083 0.6633400 0.0221943 0.0163709
