29 0.5285771 0.3181403 0.0255633 0.0155637
17 0.5843515 0.4637723 0.0255633 0.0155637
32 0.4251619 0.3837303 0.4392241 0.3713058
33 0.6064289 0.2431010 0.0092957 0.0144520
14 0.4739645 0.3181403 0.0255633 0.0155637
27 0.3653205 0.3659432 0.0244013 0.0155637
28 0.3112890 0.3659432 0.0255633 0.0155637
18 0.2555145 0.5132427 0.0255633 0.0166754
28 0.3112890 0.4637723 0.0255633 0.0155637
28 0.4739645 0.3659432 0.0255633 0.0155637
26 0.5843515 0.3181403 0.0255633 0.0155637
22 0.4739645 0.4637723 0.0255633 0.0155637
14 0.5843515 0.4148577 0.0255633 0.0155637
26 0.4199330 0.3659432 0.0244013 0.0155637
15 0.5843515 0.3659432 0.0255633 0.0155637
13 0.5843515 0.5132427 0.0255633 0.0166754
5 0.3653205 0.3181403 0.0244013 0.0155637
17 0.5285771 0.5132427 0.0255633 0.0166754
31 0.4199330 0.5132427 0.0244013 0.0166754
15 0.3653205 0.4637723 0.0244013 0.0155637
4 0.3653205 0.5132427 0.0244013 0.0166754
10 0.4199330 0.4637723 0.0244013 0.0155637
2 0.4739645 0.5132427 0.0255633 0.0166754
17 0.5285771 0.4148577 0.0255633 0.0155637
6 0.4199330 0.4148577 0.0244013 0.0155637
20 0.4199330 0.3181403 0.0244013 0.0155637
4 0.2555145 0.3181403 0.0255633 0.0155637
5 0.2555145 0.4148577 0.0255633 0.0155637
30 0.5285771 0.4637723 0.0255633 0.0155637
13 0.2555145 0.3659432 0.0255633 0.0155637
28 0.3653205 0.4148577 0.0244013 0.0155637
3 0.3112890 0.3181403 0.0255633 0.0155637
13 0.3112890 0.5132427 0.0255633 0.0166754
2 0.5285771 0.3659432 0.0255633 0.0155637
11 0.3112890 0.4148577 0.0255633 0.0155637
22 0.2555145 0.4637723 0.0255633 0.0155637
16 0.4739645 0.4148577 0.0255633 0.0155637
