5 0.5044923 0.7641149 0.0272905 0.0172506
29 0.2960924 0.7020127 0.0272905 0.0172507
32 0.4350256 0.6071342 0.5011520 0.5106185
33 0.5113148 0.3639004 0.0111642 0.0149505
34 0.3655590 0.5162809 0.0645047 0.0621023
12 0.3655590 0.5157059 0.0272905 0.0172506
19 0.5044923 0.6399104 0.0272905 0.0172506
29 0.5739589 0.5778082 0.0272904 0.0172507
20 0.5044923 0.5157059 0.0272905 0.0172506
10 0.6434254 0.7020127 0.0272904 0.0172507
16 0.5739589 0.7641149 0.0272904 0.0172506
30 0.5044923 0.4536037 0.0272905 0.0172506
11 0.2960924 0.7641149 0.0272905 0.0172506
16 0.2960924 0.6399104 0.0272905 0.0172506
7 0.4350256 0.5778082 0.0272905 0.0172507
30 0.2960924 0.5157059 0.0272905 0.0172506
3 0.2266258 0.6399104 0.0272904 0.0172506
20 0.6434254 0.6399104 0.0272904 0.0172506
14 0.5739589 0.5157059 0.0272904 0.0172506
22 0.2266258 0.4536037 0.0272904 0.0172506
1 0.2266258 0.7020127 0.0272904 0.0172507
18 0.6434254 0.7641149 0.0272904 0.0172506
14 0.5739589 0.4536037 0.0272904 0.0172506
3 0.2266258 0.7641149 0.0272904 0.0172506
15 0.2960924 0.4536037 0.0272905 0.0172506
18 0.3655590 0.5778082 0.0272905 0.0172507
9 0.4350256 0.7020127 0.0272905 0.0172507
13 0.3655590 0.6399104 0.0272905 0.0172506
26 0.6434254 0.5157059 0.0272904 0.0172506
18 0.4350256 0.5157059 0.0272905 0.0172506
22 0.5044923 0.7020127 0.0272905 0.0172507
1 0.4350256 0.7641149 0.0272905 0.0172506
19 0.3655590 0.7020127 0.0272905 0.0172507
26 0.2266258 0.5157059 0.0272904 0.0172506
12 0.5739589 0.6399104 0.0272904 0.0172506
31 0.2960924 0.5778082 0.0272905 0.0172507
14 0.6434254 0.4536037 0.0272904 0.0172506
10 0.2266258 0.5778082 0.0272904 0.0172507
8 0.6434254 0.5778082 0.0272904 0.0172507
7 0.3655590 0.4536037 0.0272905 0.0172506
20 0.4350256 0.6399104 0.0272905 0.0172506
17 0.4350256 0.4536037 0.0272905 0.0172506
9 0.5739589 0.7020127 0.0272904 0.0172507
15 0.3655590 0.7641149 0.0272905 0.0172506
24 0.5044923 0.5778082 0.0272905 0.0172507
