7 0.3154838 0.5767942 0.0279131 0.0159002
13 0.5996902 0.7479867 0.0279131 0.0148402
32 0.4582214 0.5714941 0.5138554 0.4674669
33 0.5337137 0.3637310 0.0101502 0.0116602
29 0.4575870 0.6340350 0.0279131 0.0159003
34 0.3154838 0.6907458 0.0659765 0.0572409
29 0.3154838 0.6912758 0.0279131 0.0159002
30 0.3865354 0.4623125 0.0279131 0.0159002
31 0.4575870 0.6912758 0.0279131 0.0159002
24 0.5996902 0.4623125 0.0279131 0.0159002
6 0.2444322 0.7479867 0.0279131 0.0148402
7 0.5286386 0.6340350 0.0279132 0.0159003
9 0.3865354 0.5767942 0.0279131 0.0159002
15 0.5996902 0.6340350 0.0279131 0.0159003
30 0.5996902 0.5767942 0.0279131 0.0159002
17 0.5286386 0.4623125 0.0279132 0.0159002
28 0.6707419 0.7479867 0.0279131 0.0148402
13 0.3865354 0.7479867 0.0279131 0.0148402
19 0.4575870 0.5767942 0.0279131 0.0159002
19 0.2444322 0.4623125 0.0279131 0.0159002
15 0.6707419 0.5767942 0.0279131 0.0159002
21 0.2444322 0.6912758 0.0279131 0.0159002
29 0.6707419 0.6340350 0.0279131 0.0159003
16 0.5286386 0.6912758 0.0279132 0.0159002
28 0.2444322 0.5767942 0.0279131 0.0159002
26 0.6707419 0.5190233 0.0279131 0.0148402
26 0.5996902 0.5190233 0.0279131 0.0148402
4 0.2444322 0.5190233 0.0279131 0.0148402
17 0.5286386 0.5190233 0.0279132 0.0148402
24 0.4575870 0.4623125 0.0279131 0.0159002
8 0.3154838 0.5190233 0.0279131 0.0148402
18 0.6707419 0.6912758 0.0279131 0.0159002
17 0.4575870 0.7479867 0.0279131 0.0148402
21 0.3865354 0.6340350 0.0279131 0.0159003
14 0.3154838 0.6340350 0.0279131 0.0159003
2 0.3865354 0.6912758 0.0279131 0.0159002
24 0.3865354 0.5190233 0.0279131 0.0148402
6 0.5996902 0.6912758 0.0279131 0.0159002
19 0.4575870 0.5190233 0.0279131 0.0148402
8 0.5286386 0.5767942 0.0279132 0.0159002
5 0.3154838 0.4623125 0.0279131 0.0159002
4 0.5286386 0.7479867 0.0279132 0.0148402
15 0.3154838 0.7479867 0.0279131 0.0148402
13 0.2444322 0.6340350 0.0279131 0.0159003
15 0.6707419 0.4623125 0.0279131 0.0159002
