19 0.5954722 0.6541113 0.0277037 0.0169113
28 0.4544355 0.4105894 0.0277036 0.0169112
32 0.4538058 0.5064198 0.5049619 0.4994456
33 0.5312501 0.2707897 0.0125926 0.0146564
25 0.5249538 0.4714699 0.0277036 0.0169112
20 0.2428804 0.5323504 0.0277036 0.0169113
26 0.5249538 0.5932309 0.0277036 0.0169112
28 0.3839171 0.5932309 0.0277036 0.0169112
3 0.4544355 0.5932309 0.0277036 0.0169112
25 0.2428804 0.6541113 0.0277036 0.0169113
28 0.6659905 0.5323504 0.0277037 0.0169113
16 0.4544355 0.5323504 0.0277036 0.0169113
9 0.5249538 0.6541113 0.0277036 0.0169113
17 0.6659905 0.6541113 0.0277037 0.0169113
17 0.3839171 0.4105894 0.0277036 0.0169112
9 0.5249538 0.4105894 0.0277036 0.0169112
14 0.5249538 0.5323504 0.0277036 0.0169113
14 0.5954722 0.4105894 0.0277037 0.0169112
25 0.4544355 0.4714699 0.0277036 0.0169112
13 0.3839171 0.4714699 0.0277036 0.0169112
9 0.3839171 0.5323504 0.0277036 0.0169113
8 0.2428804 0.4105894 0.0277036 0.0169112
22 0.2428804 0.4714699 0.0277036 0.0169112
14 0.3839171 0.6541113 0.0277036 0.0169113
1 0.5954722 0.4714699 0.0277037 0.0169112
19 0.3133988 0.4105894 0.0277037 0.0169112
12 0.6659905 0.5932309 0.0277037 0.0169112
31 0.3133988 0.5323504 0.0277037 0.0169113
3 0.2428804 0.5932309 0.0277036 0.0169112
28 0.3133988 0.4714699 0.0277037 0.0169112
21 0.5954722 0.5323504 0.0277037 0.0169113
31 0.6659905 0.4714699 0.0277037 0.0169112
16 0.6659905 0.4105894 0.0277037 0.0169112
11 0.4544355 0.6541113 0.0277036 0.0169113
24 0.5954722 0.5932309 0.0277037 0.0169112
11 0.3133988 0.5932309 0.0277037 0.0169112
18 0.3133988 0.6541113 0.0277037 0.0169113
