31 0.4968966 0.1559370 0.0242883 0.0166688
7 0.5489429 0.4398620 0.0242883 0.0155575
32 0.4350194 0.2438228 0.3955516 0.4854234
33 0.5714962 0.0537018 0.0138790 0.0188913
17 0.4448504 0.2981773 0.0242882 0.0166688
12 0.3407579 0.2981773 0.0242883 0.0166688
3 0.5489429 0.1559370 0.0242883 0.0166688
18 0.5489429 0.3687418 0.0242883 0.0155575
14 0.3928041 0.3687418 0.0242883 0.0155575
19 0.2887116 0.2270572 0.0242883 0.0166688
9 0.4448504 0.4398620 0.0242882 0.0155575
1 0.3407579 0.1559370 0.0242883 0.0166688
13 0.4968966 0.2981773 0.0242883 0.0166688
20 0.6009892 0.2270572 0.0242882 0.0166688
2 0.6009892 0.2981773 0.0242882 0.0166688
16 0.2887116 0.4398620 0.0242883 0.0155575
19 0.3928041 0.2981773 0.0242883 0.0166688
8 0.3928041 0.4398620 0.0242883 0.0155575
4 0.4448504 0.2270572 0.0242882 0.0166688
11 0.2887116 0.2981773 0.0242883 0.0166688
29 0.3928041 0.1559370 0.0242883 0.0166688
12 0.6009892 0.3687418 0.0242882 0.0155575
4 0.3928041 0.2270572 0.0242883 0.0166688
3 0.2887116 0.1559370 0.0242883 0.0166688
26 0.3407579 0.3687418 0.0242883 0.0155575
1 0.5489429 0.2981773 0.0242883 0.0166688
22 0.4968966 0.2270572 0.0242883 0.0166688
26 0.3407579 0.4398620 0.0242883 0.0155575
25 0.3407579 0.2270572 0.0242883 0.0166688
1 0.4968966 0.3687418 0.0242883 0.0155575
27 0.4448504 0.1559370 0.0242882 0.0166688
7 0.4968966 0.4398620 0.0242883 0.0155575
31 0.4448504 0.3687418 0.0242882 0.0155575
21 0.2887116 0.3687418 0.0242883 0.0155575
22 0.6009892 0.4398620 0.0242882 0.0155575
28 0.5489429 0.2270572 0.0242883 0.0166688
27 0.6009892 0.1559370 0.0242882 0.0166688
