28 0.5930856 0.4219719 0.0278778 0.0163240
6 0.1673147 0.3626614 0.0278779 0.0152357
32 0.3808337 0.4165306 0.5132060 0.4799256
33 0.4562306 0.2032304 0.0101374 0.0119709
25 0.5221237 0.5395047 0.0278778 0.0163241
31 0.4511620 0.3626614 0.0278778 0.0152357
1 0.5221237 0.4219719 0.0278778 0.0163240
13 0.5221237 0.4807384 0.0278778 0.0163240
31 0.3802001 0.5395047 0.0278778 0.0163241
21 0.4511620 0.3044392 0.0278778 0.0163240
1 0.1673147 0.5395047 0.0278779 0.0163241
18 0.3802001 0.3626614 0.0278778 0.0152357
6 0.5930856 0.3626614 0.0278778 0.0152357
28 0.2382765 0.5395047 0.0278778 0.0163241
29 0.3802001 0.4807384 0.0278778 0.0163240
10 0.3802001 0.4219719 0.0278778 0.0163240
26 0.5930856 0.5395047 0.0278778 0.0163241
18 0.5221237 0.3044392 0.0278778 0.0163240
22 0.5930856 0.3044392 0.0278778 0.0163240
12 0.4511620 0.4219719 0.0278778 0.0163240
20 0.3092383 0.3626614 0.0278779 0.0152357
25 0.1673147 0.3044392 0.0278779 0.0163240
7 0.2382765 0.4807384 0.0278778 0.0163240
6 0.5221237 0.3626614 0.0278778 0.0152357
28 0.3092383 0.4807384 0.0278779 0.0163240
6 0.1673147 0.4807384 0.0278779 0.0163240
15 0.3092383 0.3044392 0.0278779 0.0163240
10 0.4511620 0.5395047 0.0278778 0.0163241
17 0.5930856 0.4807384 0.0278778 0.0163240
27 0.2382765 0.3626614 0.0278778 0.0152357
13 0.4511620 0.4807384 0.0278778 0.0163240
6 0.3092383 0.4219719 0.0278779 0.0163240
17 0.1673147 0.4219719 0.0278779 0.0163240
13 0.3092383 0.5395047 0.0278779 0.0163241
31 0.3802001 0.3044392 0.0278778 0.0163240
21 0.2382765 0.4219719 0.0278778 0.0163240
24 0.2382765 0.3044392 0.0278778 0.0163240
