6 0.6719727 0.3605569 0.0244432 0.0156904
19 0.8464084 0.1851611 0.0244432 0.0168111
32 0.7247479 0.2680958 0.4010909 0.3844138
33 0.9125161 0.0898982 0.0099995 0.0145696
14 0.9030722 0.3022784 0.0244432 0.0156903
1 0.6719727 0.4177146 0.0244432 0.0156904
1 0.7303031 0.3605569 0.0233322 0.0156904
15 0.6153089 0.1851611 0.0244432 0.0168111
6 0.7303031 0.3022784 0.0233322 0.0156903
21 0.9030722 0.1851611 0.0244432 0.0168111
1 0.7303031 0.2434396 0.0233322 0.0168111
30 0.6153089 0.4177146 0.0244432 0.0156904
18 0.7303031 0.1851611 0.0233322 0.0168111
12 0.9030722 0.2434396 0.0244432 0.0168111
30 0.5575340 0.4177146 0.0244432 0.0156904
24 0.7303031 0.4177146 0.0233322 0.0156904
19 0.6153089 0.3022784 0.0244432 0.0156903
23 0.8464084 0.3605569 0.0244432 0.0156904
4 0.5575340 0.1851611 0.0244432 0.0168111
7 0.7880780 0.3605569 0.0233321 0.0156904
26 0.6719727 0.3022784 0.0244432 0.0156903
4 0.6719727 0.2434396 0.0244432 0.0168111
1 0.5575340 0.2434396 0.0244432 0.0168111
31 0.6153089 0.3605569 0.0244432 0.0156904
18 0.5575340 0.3022784 0.0244432 0.0156903
12 0.7880780 0.2434396 0.0233321 0.0168111
26 0.7880780 0.1851611 0.0233321 0.0168111
11 0.8464084 0.4177146 0.0244432 0.0156904
8 0.9030722 0.3605569 0.0244432 0.0156904
2 0.7880780 0.3022784 0.0233321 0.0156903
29 0.8464084 0.3022784 0.0244432 0.0156903
22 0.5575340 0.3605569 0.0244432 0.0156904
16 0.8464084 0.2434396 0.0244432 0.0168111
8 0.6153089 0.2434396 0.0244432 0.0168111
19 0.7880780 0.4177146 0.0233321 0.0156904
29 0.9030722 0.4177146 0.0244432 0.0156904
5 0.6719727 0.1851611 0.0244432 0.0168111
