22 0.8172186 0.5334722 0.0261691 0.0167802
2 0.7506062 0.5334722 0.0261692 0.0167802
32 0.6179760 0.4674700 0.4817509 0.4933389
33 0.6887517 0.2482082 0.0095161 0.0123055
34 0.4841563 0.4725040 0.0618544 0.0604089
31 0.4841563 0.4730634 0.0261692 0.0167803
3 0.4175438 0.5334722 0.0261692 0.0167802
18 0.7506062 0.5938810 0.0261692 0.0167803
10 0.7506062 0.6537306 0.0261692 0.0156616
24 0.6173812 0.6537306 0.0261692 0.0156616
11 0.6173812 0.4730634 0.0261692 0.0167803
6 0.6839937 0.6537306 0.0261691 0.0156616
30 0.7506062 0.3522457 0.0261692 0.0167802
25 0.8172186 0.5938810 0.0261691 0.0167803
7 0.4841563 0.3522457 0.0261692 0.0167802
3 0.6839937 0.5938810 0.0261691 0.0167803
31 0.5507687 0.6537306 0.0261692 0.0156616
31 0.4175438 0.5938810 0.0261692 0.0167803
13 0.4841563 0.5334722 0.0261692 0.0167802
31 0.8172186 0.3522457 0.0261691 0.0167802
16 0.5507687 0.5938810 0.0261692 0.0167803
25 0.6839937 0.3522457 0.0261691 0.0167802
3 0.4175438 0.4730634 0.0261692 0.0167803
12 0.4175438 0.4120952 0.0261692 0.0156616
28 0.6839937 0.4730634 0.0261691 0.0167803
16 0.5507687 0.3522457 0.0261692 0.0167802
13 0.6839937 0.5334722 0.0261691 0.0167802
6 0.4841563 0.6537306 0.0261692 0.0156616
25 0.5507687 0.5334722 0.0261692 0.0167802
27 0.6173812 0.5938810 0.0261692 0.0167803
6 0.4841563 0.5938810 0.0261692 0.0167803
7 0.4175438 0.3522457 0.0261692 0.0167802
1 0.6173812 0.5334722 0.0261692 0.0167802
1 0.6173812 0.4120952 0.0261692 0.0156616
29 0.4841563 0.4120952 0.0261692 0.0156616
10 0.7506062 0.4120952 0.0261692 0.0156616
6 0.8172186 0.4120952 0.0261691 0.0156616
10 0.6173812 0.3522457 0.0261692 0.0167802
14 0.5507687 0.4120952 0.0261692 0.0156616
13 0.5507687 0.4730634 0.0261692 0.0167803
25 0.8172186 0.6537306 0.0261691 0.0156616
13 0.6839937 0.4120952 0.0261691 0.0156616
4 0.4175438 0.6537306 0.0261692 0.0156616
6 0.7506062 0.4730634 0.0261692 0.0167803
16 0.8172186 0.4730634 0.0261691 0.0167803
