30 0.3385048 0.3897866 0.0272238 0.0160921
6 0.3385048 0.4471816 0.0272238 0.0150193
32 0.4777173 0.5002855 0.5011649 0.4731070
33 0.5513452 0.2900157 0.0098996 0.0118008
6 0.4078017 0.3897866 0.0272237 0.0160921
3 0.6849892 0.5635810 0.0272237 0.0160921
5 0.6849892 0.6215125 0.0272237 0.0160921
5 0.4770986 0.3897866 0.0272237 0.0160921
25 0.6849892 0.4471816 0.0272237 0.0150193
2 0.2692079 0.4471816 0.0272238 0.0150193
12 0.2692079 0.6215125 0.0272238 0.0160921
6 0.4078017 0.5056495 0.0272237 0.0160921
29 0.5463955 0.4471816 0.0272237 0.0150193
25 0.3385048 0.5056495 0.0272238 0.0160921
11 0.6156923 0.4471816 0.0272237 0.0150193
16 0.2692079 0.5635810 0.0272238 0.0160921
21 0.4078017 0.4471816 0.0272237 0.0150193
11 0.4770986 0.4471816 0.0272237 0.0150193
10 0.6156923 0.5056495 0.0272237 0.0160921
30 0.6156923 0.3897866 0.0272237 0.0160921
10 0.5463955 0.5635810 0.0272237 0.0160921
22 0.3385048 0.6215125 0.0272238 0.0160921
11 0.4078017 0.6215125 0.0272237 0.0160921
24 0.3385048 0.5635810 0.0272238 0.0160921
8 0.6849892 0.5056495 0.0272237 0.0160921
8 0.4770986 0.5635810 0.0272237 0.0160921
2 0.6849892 0.3897866 0.0272237 0.0160921
6 0.2692079 0.5056495 0.0272238 0.0160921
7 0.2692079 0.3897866 0.0272238 0.0160921
16 0.5463955 0.6215125 0.0272237 0.0160921
6 0.5463955 0.3897866 0.0272237 0.0160921
26 0.4078017 0.5635810 0.0272237 0.0160921
14 0.6156923 0.5635810 0.0272237 0.0160921
20 0.6156923 0.6215125 0.0272237 0.0160921
4 0.5463955 0.5056495 0.0272237 0.0160921
31 0.4770986 0.5056495 0.0272237 0.0160921
13 0.4770986 0.6215125 0.0272237 0.0160921
