14 0.9649139 0.3767469 0.0235779 0.0171700
5 0.8529184 0.3767469 0.0225062 0.0171700
32 0.8292000 0.4814838 0.3415999 0.4372626
34 0.8523825 0.4963645 0.0471560 0.0503653
23 0.8529184 0.4963645 0.0225062 0.0160253
30 0.9086483 0.5558872 0.0225062 0.0160254
2 0.7966528 0.6743601 0.0235779 0.0171700
30 0.9086483 0.4362695 0.0225062 0.0171700
11 0.7419948 0.6142651 0.0235779 0.0160253
4 0.6862649 0.6142651 0.0235780 0.0160253
7 0.9649139 0.4362695 0.0235779 0.0171700
28 0.8529184 0.6743601 0.0225062 0.0171700
1 0.6862649 0.4362695 0.0235780 0.0171700
13 0.7419948 0.4963645 0.0235779 0.0160253
8 0.7419948 0.5558872 0.0235779 0.0160254
13 0.6862649 0.3767469 0.0235780 0.0171700
14 0.6862649 0.4963645 0.0235780 0.0160253
3 0.9086483 0.4963645 0.0225062 0.0160253
18 0.7419948 0.6743601 0.0235779 0.0171700
2 0.6862649 0.5558872 0.0235780 0.0160254
11 0.7419948 0.3767469 0.0235779 0.0171700
13 0.7966528 0.3767469 0.0235779 0.0171700
29 0.7966528 0.6142651 0.0235779 0.0160253
13 0.9649139 0.6743601 0.0235779 0.0171700
6 0.8529184 0.6142651 0.0225062 0.0160253
25 0.9649139 0.6142651 0.0235779 0.0160253
25 0.7419948 0.4362695 0.0235779 0.0171700
4 0.9086483 0.6142651 0.0225062 0.0160253
5 0.9086483 0.6743601 0.0225062 0.0171700
29 0.7966528 0.5558872 0.0235779 0.0160254
7 0.8529184 0.5558872 0.0225062 0.0160254
8 0.9649139 0.4963645 0.0235779 0.0160253
23 0.8529184 0.4362695 0.0225062 0.0171700
25 0.7966528 0.4362695 0.0235779 0.0171700
2 0.7966528 0.4963645 0.0235779 0.0160253
15 0.9086483 0.3767469 0.0225062 0.0171700
22 0.6862649 0.6743601 0.0235780 0.0171700
29 0.9649139 0.5558872 0.0235779 0.0160254
