1 0.4259996 0.4148068 0.0287806 0.0169746
20 0.4992593 0.5370241 0.0287806 0.0169746
32 0.2801342 0.5313659 0.5298251 0.4990539
33 0.3579726 0.3095641 0.0104657 0.0124481
9 0.3527398 0.4148068 0.0287806 0.0169746
24 0.0597007 0.4148068 0.0287806 0.0169746
15 0.2062203 0.5370241 0.0287806 0.0169746
12 0.2794801 0.4753496 0.0287806 0.0158430
10 0.2062203 0.4753496 0.0287806 0.0158430
15 0.1329605 0.6592414 0.0287806 0.0169746
13 0.4259996 0.5981327 0.0287806 0.0169746
4 0.3527398 0.4753496 0.0287806 0.0158430
15 0.2062203 0.5981327 0.0287806 0.0169746
11 0.0597007 0.6592414 0.0287806 0.0169746
7 0.4259996 0.4753496 0.0287806 0.0158430
20 0.4992593 0.4753496 0.0287806 0.0158430
3 0.4992593 0.4148068 0.0287806 0.0169746
20 0.2794801 0.5981327 0.0287806 0.0169746
24 0.3527398 0.5370241 0.0287806 0.0169746
19 0.0597007 0.5981327 0.0287806 0.0169746
8 0.2794801 0.6592414 0.0287806 0.0169746
10 0.0597007 0.5370241 0.0287806 0.0169746
5 0.1329605 0.5370241 0.0287806 0.0169746
24 0.2794801 0.4148068 0.0287806 0.0169746
22 0.4992593 0.5981327 0.0287806 0.0169746
5 0.2062203 0.4148068 0.0287806 0.0169746
13 0.3527398 0.5981327 0.0287806 0.0169746
26 0.4259996 0.5370241 0.0287806 0.0169746
20 0.2062203 0.6592414 0.0287806 0.0169746
3 0.1329605 0.4753496 0.0287806 0.0158430
9 0.3527398 0.6592414 0.0287806 0.0169746
28 0.2794801 0.5370241 0.0287806 0.0169746
30 0.1329605 0.5981327 0.0287806 0.0169746
22 0.0597007 0.4753496 0.0287806 0.0158430
26 0.4992593 0.6592414 0.0287806 0.0169746
2 0.1329605 0.4148068 0.0287806 0.0169746
4 0.4259996 0.6592414 0.0287806 0.0169746
