7 0.5373182 0.4086132 0.0224549 0.0168516
5 0.6335536 0.3367131 0.0224549 0.0168516
32 0.6244647 0.3530030 0.3656946 0.4920669
33 0.7506401 0.1614564 0.0128314 0.0190985
29 0.4892005 0.5518519 0.0224549 0.0157282
20 0.4892005 0.4799517 0.0224549 0.0157281
14 0.5373182 0.5518519 0.0224549 0.0157282
3 0.5373182 0.2648129 0.0224549 0.0168516
5 0.6816714 0.4086132 0.0224549 0.0168516
17 0.5854359 0.4086132 0.0224550 0.0168516
23 0.5854359 0.3367131 0.0224550 0.0168516
18 0.7779068 0.3367131 0.0224550 0.0168516
27 0.4892005 0.4086132 0.0224549 0.0168516
21 0.5854359 0.5518519 0.0224550 0.0157282
10 0.6335536 0.4799517 0.0224549 0.0157281
26 0.7297891 0.3367131 0.0224550 0.0168516
27 0.6816714 0.5518519 0.0224549 0.0157282
28 0.7779068 0.4799517 0.0224550 0.0157281
4 0.6816714 0.2648129 0.0224549 0.0168516
30 0.7297891 0.4086132 0.0224550 0.0168516
31 0.7779068 0.5518519 0.0224550 0.0157282
29 0.4892005 0.3367131 0.0224549 0.0168516
1 0.5854359 0.2648129 0.0224550 0.0168516
27 0.7297891 0.5518519 0.0224550 0.0157282
13 0.6335536 0.4086132 0.0224549 0.0168516
10 0.6335536 0.2648129 0.0224549 0.0168516
5 0.5373182 0.3367131 0.0224549 0.0168516
2 0.7297891 0.2648129 0.0224550 0.0168516
28 0.7297891 0.4799517 0.0224550 0.0157281
12 0.7779068 0.2648129 0.0224550 0.0168516
18 0.5854359 0.4799517 0.0224550 0.0157281
1 0.6335536 0.5518519 0.0224549 0.0157282
23 0.6816714 0.3367131 0.0224549 0.0168516
9 0.6816714 0.4799517 0.0224549 0.0157281
19 0.4892005 0.2648129 0.0224549 0.0168516
6 0.5373182 0.4799517 0.0224549 0.0157281
2 0.7779068 0.4086132 0.0224550 0.0168516
