5 0.5122382 0.6861825 0.0266335 0.0167617
15 0.3766493 0.4448145 0.0266335 0.0167617
32 0.3088549 0.5336513 0.4890886 0.4961453
33 0.3833077 0.2973119 0.0108955 0.0145268
6 0.1732660 0.5051565 0.0266335 0.0167617
34 0.1732660 0.6867413 0.0629520 0.0603420
5 0.1732660 0.6861825 0.0266335 0.0167617
21 0.2410604 0.4448145 0.0266335 0.0167617
15 0.1732660 0.6258405 0.0266335 0.0167617
4 0.2410604 0.6861825 0.0266335 0.0167617
2 0.5122382 0.6258405 0.0266335 0.0167617
17 0.3088549 0.5654985 0.0266335 0.0167617
2 0.4444438 0.5051565 0.0266335 0.0167617
9 0.4444438 0.6861825 0.0266335 0.0167617
12 0.3088549 0.3844725 0.0266335 0.0167617
24 0.2410604 0.5654985 0.0266335 0.0167617
13 0.3766493 0.6861825 0.0266335 0.0167617
7 0.2410604 0.6258405 0.0266335 0.0167617
5 0.5122382 0.4448145 0.0266335 0.0167617
19 0.2410604 0.5051565 0.0266335 0.0167617
28 0.4444438 0.5654985 0.0266335 0.0167617
22 0.5122382 0.3844725 0.0266335 0.0167617
14 0.4444438 0.4448145 0.0266335 0.0167617
27 0.1054715 0.3844725 0.0266335 0.0167617
23 0.3088549 0.5051565 0.0266335 0.0167617
31 0.3766493 0.5051565 0.0266335 0.0167617
18 0.4444438 0.6258405 0.0266335 0.0167617
26 0.5122382 0.5051565 0.0266335 0.0167617
11 0.3088549 0.6258405 0.0266335 0.0167617
1 0.1732660 0.3844725 0.0266335 0.0167617
29 0.3766493 0.3844725 0.0266335 0.0167617
17 0.1054715 0.6861825 0.0266335 0.0167617
24 0.3766493 0.6258405 0.0266335 0.0167617
24 0.2410604 0.3844725 0.0266335 0.0167617
13 0.3088549 0.6861825 0.0266335 0.0167617
11 0.5122382 0.5654985 0.0266335 0.0167617
22 0.1054715 0.5654985 0.0266335 0.0167617
24 0.3088549 0.4448145 0.0266335 0.0167617
14 0.1732660 0.5654985 0.0266335 0.0167617
30 0.3766493 0.5654985 0.0266335 0.0167617
25 0.1054715 0.5051565 0.0266335 0.0167617
16 0.1732660 0.4448145 0.0266335 0.0167617
4 0.1054715 0.4448145 0.0266335 0.0167617
20 0.1054715 0.6258405 0.0266335 0.0167617
15 0.4444438 0.3844725 0.0266335 0.0167617
