18 0.6451437 0.5509590 0.0281124 0.0166350
27 0.7167025 0.5509590 0.0281123 0.0166350
32 0.5013875 0.5043811 0.5124114 0.4824149
33 0.5806132 0.2753726 0.0115005 0.0133080
34 0.6451437 0.4916276 0.0664474 0.0598860
19 0.6451437 0.4910730 0.0281124 0.0166350
1 0.3589090 0.6108450 0.0281123 0.0166350
28 0.3589090 0.6707311 0.0281123 0.0166350
28 0.4304677 0.4311871 0.0281123 0.0166350
31 0.2873503 0.5509590 0.0281123 0.0166350
20 0.3589090 0.5509590 0.0281123 0.0166350
14 0.4304677 0.4910730 0.0281123 0.0166350
3 0.6451437 0.3713011 0.0281124 0.0166350
17 0.5735851 0.6707311 0.0281123 0.0166350
13 0.5735851 0.3713011 0.0281123 0.0166350
3 0.5735851 0.5509590 0.0281123 0.0166350
15 0.4304677 0.5509590 0.0281123 0.0166350
4 0.5735851 0.4311871 0.0281123 0.0166350
29 0.5020264 0.4311871 0.0281123 0.0166350
18 0.6451437 0.4311871 0.0281124 0.0166350
24 0.7167025 0.4910730 0.0281123 0.0166350
25 0.2873503 0.6108450 0.0281123 0.0166350
17 0.2873503 0.6707311 0.0281123 0.0166350
5 0.4304677 0.3713011 0.0281123 0.0166350
13 0.6451437 0.6108450 0.0281124 0.0166350
6 0.2873503 0.3713011 0.0281123 0.0166350
19 0.3589090 0.4311871 0.0281123 0.0166350
31 0.4304677 0.6108450 0.0281123 0.0166350
23 0.5020264 0.6707311 0.0281123 0.0166350
18 0.4304677 0.6707311 0.0281123 0.0166350
2 0.3589090 0.4910730 0.0281123 0.0166350
19 0.5020264 0.4910730 0.0281123 0.0166350
20 0.3589090 0.3713011 0.0281123 0.0166350
19 0.7167025 0.6108450 0.0281123 0.0166350
25 0.7167025 0.6707311 0.0281123 0.0166350
5 0.5020264 0.5509590 0.0281123 0.0166350
20 0.7167025 0.3713011 0.0281123 0.0166350
27 0.5735851 0.6108450 0.0281123 0.0166350
16 0.2873503 0.4311871 0.0281123 0.0166350
4 0.5020264 0.6108450 0.0281123 0.0166350
31 0.2873503 0.4910730 0.0281123 0.0166350
4 0.6451437 0.6707311 0.0281124 0.0166350
4 0.7167025 0.4311871 0.0281123 0.0166350
14 0.5020264 0.3713011 0.0281123 0.0166350
27 0.5735851 0.4910730 0.0281123 0.0166350
