19 0.3022567 0.3676600 0.0282816 0.0173128
1 0.5182255 0.4923117 0.0282816 0.0173127
32 0.3736036 0.3411138 0.5154968 0.5113029
33 0.4526636 0.0998896 0.0128553 0.0150044
24 0.3742463 0.3053341 0.0282816 0.0173127
34 0.3022567 0.4305629 0.0668475 0.0623258
28 0.3022567 0.4299859 0.0282816 0.0173128
24 0.1582776 0.3053341 0.0282816 0.0173127
11 0.5902151 0.4923117 0.0282816 0.0173127
7 0.3022567 0.4923117 0.0282816 0.0173127
23 0.5902151 0.3676600 0.0282816 0.0173128
26 0.5182255 0.3053341 0.0282816 0.0173127
28 0.2302672 0.4923117 0.0282816 0.0173127
22 0.4462359 0.5546376 0.0282816 0.0173128
16 0.4462359 0.3676600 0.0282816 0.0173128
15 0.2302672 0.3676600 0.0282816 0.0173128
18 0.5902151 0.2430083 0.0282816 0.0173128
5 0.1582776 0.5546376 0.0282816 0.0173128
16 0.1582776 0.3676600 0.0282816 0.0173128
14 0.5182255 0.5546376 0.0282816 0.0173128
24 0.5182255 0.2430083 0.0282816 0.0173128
12 0.2302672 0.2430083 0.0282816 0.0173128
25 0.4462359 0.3053341 0.0282816 0.0173127
30 0.2302672 0.4299859 0.0282816 0.0173128
4 0.5182255 0.4299859 0.0282816 0.0173128
29 0.3742463 0.5546376 0.0282816 0.0173128
29 0.3742463 0.4299859 0.0282816 0.0173128
18 0.4462359 0.2430083 0.0282816 0.0173128
28 0.1582776 0.2430083 0.0282816 0.0173128
29 0.1582776 0.4923117 0.0282816 0.0173127
22 0.2302672 0.3053341 0.0282816 0.0173127
16 0.1582776 0.4299859 0.0282816 0.0173128
27 0.3022567 0.5546376 0.0282816 0.0173128
4 0.2302672 0.5546376 0.0282816 0.0173128
7 0.4462359 0.4923117 0.0282816 0.0173127
6 0.5902151 0.5546376 0.0282816 0.0173128
27 0.5902151 0.3053341 0.0282816 0.0173127
3 0.3742463 0.3676600 0.0282816 0.0173128
20 0.5182255 0.3676600 0.0282816 0.0173128
5 0.4462359 0.4299859 0.0282816 0.0173128
8 0.3742463 0.2430083 0.0282816 0.0173128
2 0.5902151 0.4299859 0.0282816 0.0173128
21 0.3742463 0.4923117 0.0282816 0.0173127
7 0.3022567 0.2430083 0.0282816 0.0173128
12 0.3022567 0.3053341 0.0282816 0.0173127
