2 0.2193994 0.5244617 0.0240571 0.0171224
1 0.4771542 0.3783507 0.0240571 0.0171224
32 0.3643149 0.4679579 0.3917873 0.4999738
33 0.4994930 0.2733334 0.0137469 0.0194053
20 0.4256033 0.5244617 0.0240571 0.0171224
28 0.2709504 0.6700020 0.0240571 0.0159809
5 0.2709504 0.5244617 0.0240571 0.0171224
30 0.2193994 0.4514062 0.0240571 0.0171224
25 0.4256033 0.6700020 0.0240571 0.0159809
22 0.3225014 0.5969465 0.0240571 0.0159809
9 0.3740523 0.4514062 0.0240571 0.0171224
23 0.5287052 0.5969465 0.0240571 0.0159809
13 0.3740523 0.5244617 0.0240571 0.0171224
29 0.2709504 0.5969465 0.0240571 0.0159809
12 0.5287052 0.3783507 0.0240571 0.0171224
31 0.4771542 0.6700020 0.0240571 0.0159809
22 0.3740523 0.3783507 0.0240571 0.0171224
30 0.4256033 0.4514062 0.0240571 0.0171224
11 0.3740523 0.6700020 0.0240571 0.0159809
11 0.2193994 0.5969465 0.0240571 0.0159809
31 0.2709504 0.3783507 0.0240571 0.0171224
15 0.2193994 0.3783507 0.0240571 0.0171224
14 0.5287052 0.6700020 0.0240571 0.0159809
18 0.3225014 0.3783507 0.0240571 0.0171224
7 0.5287052 0.5244617 0.0240571 0.0171224
28 0.4771542 0.5244617 0.0240571 0.0171224
27 0.3225014 0.4514062 0.0240571 0.0171224
19 0.5287052 0.4514062 0.0240571 0.0171224
31 0.4256033 0.3783507 0.0240571 0.0171224
23 0.3740523 0.5969465 0.0240571 0.0159809
10 0.4771542 0.4514062 0.0240571 0.0171224
2 0.4256033 0.5969465 0.0240571 0.0159809
31 0.3225014 0.5244617 0.0240571 0.0171224
7 0.2709504 0.4514062 0.0240571 0.0171224
31 0.4771542 0.5969465 0.0240571 0.0159809
15 0.2193994 0.6700020 0.0240571 0.0159809
5 0.3225014 0.6700020 0.0240571 0.0159809
