29 0.4670167 0.4096089 0.0245611 0.0155557
11 0.5714014 0.3129416 0.0234447 0.0155557
32 0.5764252 0.3784976 0.4220046 0.3711138
33 0.7505859 0.2379410 0.0089313 0.0144446
18 0.6757861 0.5079430 0.0245611 0.0166668
20 0.7293740 0.3129416 0.0245611 0.0155557
2 0.4134288 0.3129416 0.0245611 0.0155557
30 0.4670167 0.4584982 0.0245611 0.0155557
26 0.6757861 0.4584982 0.0245611 0.0155557
12 0.6757861 0.3129416 0.0245611 0.0155557
11 0.6233146 0.4096089 0.0245611 0.0155557
12 0.7293740 0.3607197 0.0245611 0.0155557
14 0.5189299 0.3129416 0.0234447 0.0155557
11 0.6757861 0.4096089 0.0245611 0.0155557
11 0.5189299 0.4096089 0.0234447 0.0155557
25 0.4670167 0.3607197 0.0245611 0.0155557
11 0.4134288 0.4096089 0.0245611 0.0155557
6 0.4134288 0.4584982 0.0245611 0.0155557
11 0.5714014 0.5079430 0.0234447 0.0166668
10 0.4134288 0.5079430 0.0245611 0.0166668
3 0.5714014 0.4096089 0.0234447 0.0155557
17 0.4670167 0.5079430 0.0245611 0.0166668
21 0.7293740 0.4584982 0.0245611 0.0155557
3 0.4134288 0.3607197 0.0245611 0.0155557
31 0.5714014 0.4584982 0.0234447 0.0155557
9 0.6233146 0.5079430 0.0245611 0.0166668
31 0.6233146 0.3607197 0.0245611 0.0155557
13 0.5714014 0.3607197 0.0234447 0.0155557
10 0.6233146 0.3129416 0.0245611 0.0155557
27 0.6757861 0.3607197 0.0245611 0.0155557
27 0.7293740 0.5079430 0.0245611 0.0166668
5 0.7293740 0.4096089 0.0245611 0.0155557
24 0.5189299 0.4584982 0.0234447 0.0155557
11 0.4670167 0.3129416 0.0245611 0.0155557
22 0.5189299 0.5079430 0.0234447 0.0166668
16 0.6233146 0.4584982 0.0245611 0.0155557
19 0.5189299 0.3607197 0.0234447 0.0155557
