12 0.3763559 0.3075628 0.0277900 0.0172327
8 0.2348795 0.3696006 0.0277900 0.0172327
32 0.3056177 0.4609339 0.5103257 0.5100884
33 0.3833035 0.2179526 0.0113686 0.0149350
20 0.1641413 0.3075628 0.0277900 0.0172327
27 0.3763559 0.4316383 0.0277900 0.0172327
6 0.1641413 0.5557138 0.0277900 0.0172327
8 0.0934031 0.4316383 0.0277900 0.0172327
18 0.3056177 0.5557138 0.0277900 0.0172327
12 0.3056177 0.4936761 0.0277900 0.0172327
4 0.3763559 0.3696006 0.0277900 0.0172327
25 0.5178323 0.4936761 0.0277900 0.0172327
23 0.1641413 0.4316383 0.0277900 0.0172327
25 0.4470942 0.3696006 0.0277900 0.0172327
2 0.1641413 0.4936761 0.0277900 0.0172327
11 0.4470942 0.4936761 0.0277900 0.0172327
23 0.5178323 0.5557138 0.0277900 0.0172327
30 0.4470942 0.5557138 0.0277900 0.0172327
2 0.3763559 0.5557138 0.0277900 0.0172327
24 0.0934031 0.3696006 0.0277900 0.0172327
28 0.4470942 0.3075628 0.0277900 0.0172327
16 0.1641413 0.3696006 0.0277900 0.0172327
15 0.2348795 0.3075628 0.0277900 0.0172327
16 0.2348795 0.4316383 0.0277900 0.0172327
7 0.0934031 0.4936761 0.0277900 0.0172327
24 0.3056177 0.4316383 0.0277900 0.0172327
23 0.0934031 0.3075628 0.0277900 0.0172327
23 0.3056177 0.3075628 0.0277900 0.0172327
14 0.5178323 0.3696006 0.0277900 0.0172327
10 0.2348795 0.4936761 0.0277900 0.0172327
27 0.4470942 0.4316383 0.0277900 0.0172327
24 0.3056177 0.3696006 0.0277900 0.0172327
19 0.5178323 0.4316383 0.0277900 0.0172327
1 0.5178323 0.3075628 0.0277900 0.0172327
26 0.2348795 0.5557138 0.0277900 0.0172327
23 0.3763559 0.4936761 0.0277900 0.0172327
8 0.0934031 0.5557138 0.0277900 0.0172327
