27 0.5555080 0.1468453 0.0249995 0.0159575
24 0.4492604 0.3468834 0.0238631 0.0170973
32 0.5049410 0.2351812 0.4238544 0.4274319
33 0.6850507 0.0687678 0.0090907 0.0125380
18 0.4492604 0.2460095 0.0238631 0.0159575
35 0.6089160 0.3468834 0.0454536 0.0444529
18 0.6089160 0.3468834 0.0249995 0.0170973
14 0.3418764 0.3468834 0.0249995 0.0170973
3 0.3418764 0.2961615 0.0249995 0.0159575
10 0.6089160 0.1468453 0.0249995 0.0159575
9 0.6089160 0.3970355 0.0249995 0.0170973
14 0.3964206 0.3970355 0.0249995 0.0170973
14 0.4492604 0.1468453 0.0238631 0.0159575
14 0.6089160 0.1958575 0.0249995 0.0159575
17 0.6089160 0.2961615 0.0249995 0.0159575
2 0.3418764 0.2460095 0.0249995 0.0159575
7 0.6634603 0.3468834 0.0249995 0.0170973
2 0.3964206 0.2460095 0.0249995 0.0159575
9 0.6634603 0.1958575 0.0249995 0.0159575
25 0.3964206 0.2961615 0.0249995 0.0159575
5 0.5026683 0.2460095 0.0238631 0.0159575
23 0.5555080 0.3970355 0.0249995 0.0170973
16 0.3964206 0.1468453 0.0249995 0.0159575
16 0.5555080 0.1958575 0.0249995 0.0159575
26 0.6089160 0.2460095 0.0249995 0.0159575
3 0.6634603 0.2961615 0.0249995 0.0159575
23 0.4492604 0.2961615 0.0238631 0.0159575
2 0.3964206 0.3468834 0.0249995 0.0170973
22 0.3418764 0.1958575 0.0249995 0.0159575
12 0.5026683 0.3970355 0.0238631 0.0170973
21 0.5026683 0.1468453 0.0238631 0.0159575
7 0.5555080 0.3468834 0.0249995 0.0170973
20 0.3418764 0.3970355 0.0249995 0.0170973
22 0.5026683 0.2961615 0.0238631 0.0159575
26 0.6634603 0.2460095 0.0249995 0.0159575
18 0.5026683 0.1958575 0.0238631 0.0159575
3 0.5555080 0.2961615 0.0249995 0.0159575
31 0.6634603 0.3970355 0.0249995 0.0170973
15 0.5555080 0.2460095 0.0249995 0.0159575
6 0.3418764 0.1468453 0.0249995 0.0159575
17 0.6634603 0.1468453 0.0249995 0.0159575
28 0.4492604 0.3970355 0.0238631 0.0170973
18 0.5026683 0.3468834 0.0238631 0.0170973
29 0.4492604 0.1958575 0.0238631 0.0159575
9 0.3964206 0.1958575 0.0249995 0.0159575
