16 0.7694691 0.4038383 0.0275736 0.0171370
13 0.4887196 0.6506118 0.0275736 0.0171370
32 0.5589070 0.4946647 0.5063517 0.5072567
33 0.6359877 0.2530323 0.0112801 0.0148521
34 0.4887196 0.3427162 0.0651740 0.0616934
15 0.4887196 0.3421449 0.0275736 0.0171370
4 0.7694691 0.3421449 0.0275736 0.0171370
29 0.5589070 0.5272251 0.0275736 0.0171370
26 0.6992818 0.4038383 0.0275736 0.0171370
17 0.5589070 0.3421449 0.0275736 0.0171370
15 0.7694691 0.6506118 0.0275736 0.0171370
6 0.4185323 0.3421449 0.0275736 0.0171370
14 0.6992818 0.6506118 0.0275736 0.0171370
11 0.3483449 0.6506118 0.0275736 0.0171370
17 0.6290944 0.3421449 0.0275736 0.0171370
19 0.4185323 0.4038383 0.0275736 0.0171370
10 0.3483449 0.5889185 0.0275736 0.0171370
9 0.6290944 0.4038383 0.0275736 0.0171370
13 0.5589070 0.5889185 0.0275736 0.0171370
5 0.6992818 0.3421449 0.0275736 0.0171370
7 0.3483449 0.3421449 0.0275736 0.0171370
8 0.7694691 0.4655317 0.0275736 0.0171370
15 0.4887196 0.4038383 0.0275736 0.0171370
1 0.4185323 0.4655317 0.0275736 0.0171370
13 0.7694691 0.5272251 0.0275736 0.0171370
15 0.4887196 0.4655317 0.0275736 0.0171370
12 0.6992818 0.5272251 0.0275736 0.0171370
2 0.3483449 0.4038383 0.0275736 0.0171370
13 0.6290944 0.5889185 0.0275736 0.0171370
7 0.7694691 0.5889185 0.0275736 0.0171370
29 0.5589070 0.4655317 0.0275736 0.0171370
9 0.6290944 0.4655317 0.0275736 0.0171370
13 0.4185323 0.5272251 0.0275736 0.0171370
16 0.5589070 0.4038383 0.0275736 0.0171370
26 0.6290944 0.5272251 0.0275736 0.0171370
15 0.6290944 0.6506118 0.0275736 0.0171370
26 0.6992818 0.5889185 0.0275736 0.0171370
27 0.4185323 0.6506118 0.0275736 0.0171370
1 0.5589070 0.6506118 0.0275736 0.0171370
31 0.3483449 0.4655317 0.0275736 0.0171370
20 0.4887196 0.5889185 0.0275736 0.0171370
29 0.4887196 0.5272251 0.0275736 0.0171370
5 0.4185323 0.5889185 0.0275736 0.0171370
25 0.6992818 0.4655317 0.0275736 0.0171370
20 0.3483449 0.5272251 0.0275736 0.0171370
