27 0.6552586 0.5555792 0.0232556 0.0158908
24 0.5463803 0.6724902 0.0232556 0.0158908
32 0.7096978 0.5408234 0.3816027 0.4335921
33 0.8825290 0.3416208 0.0105707 0.0170259
25 0.6552586 0.4959887 0.0232556 0.0170259
34 0.7102263 0.7315131 0.0465111 0.0499426
9 0.7107549 0.7320808 0.0221985 0.0170259
11 0.8751294 0.4959887 0.0232555 0.0170259
6 0.8212188 0.7320808 0.0232556 0.0170259
13 0.8212188 0.6724902 0.0232556 0.0158908
3 0.8751294 0.4369657 0.0232555 0.0170259
22 0.6013479 0.6724902 0.0232555 0.0158908
6 0.7657226 0.4369657 0.0221985 0.0170259
21 0.6013479 0.5555792 0.0232555 0.0158908
14 0.5463803 0.5555792 0.0232556 0.0158908
8 0.5463803 0.7320808 0.0232556 0.0170259
12 0.8212188 0.5555792 0.0232556 0.0158908
6 0.7107549 0.5555792 0.0221985 0.0158908
27 0.7107549 0.6146022 0.0221985 0.0158908
24 0.8212188 0.4369657 0.0232556 0.0170259
19 0.7107549 0.6724902 0.0221985 0.0158908
5 0.5463803 0.4369657 0.0232556 0.0170259
13 0.6552586 0.7320808 0.0232556 0.0170259
26 0.6552586 0.4369657 0.0232556 0.0170259
6 0.8212188 0.6146022 0.0232556 0.0158908
13 0.7657226 0.5555792 0.0221985 0.0158908
11 0.8751294 0.6724902 0.0232555 0.0158908
4 0.8751294 0.6146022 0.0232555 0.0158908
12 0.8751294 0.5555792 0.0232555 0.0158908
14 0.7107549 0.4959887 0.0221985 0.0170259
28 0.6013479 0.7320808 0.0232555 0.0170259
26 0.8212188 0.4959887 0.0232556 0.0170259
18 0.6013479 0.6146022 0.0232555 0.0158908
1 0.7657226 0.6724902 0.0221985 0.0158908
12 0.5463803 0.4959887 0.0232556 0.0170259
3 0.7657226 0.7320808 0.0221985 0.0170259
9 0.7657226 0.4959887 0.0221985 0.0170259
7 0.5463803 0.6146022 0.0232556 0.0158908
13 0.8751294 0.7320808 0.0232555 0.0170259
17 0.7107549 0.4369657 0.0221985 0.0170259
5 0.6013479 0.4959887 0.0232555 0.0170259
10 0.6552586 0.6724902 0.0232556 0.0158908
16 0.7657226 0.6146022 0.0221985 0.0158908
18 0.6552586 0.6146022 0.0232556 0.0158908
27 0.6013479 0.4369657 0.0232555 0.0170259
