19 0.4430243 0.2674365 0.0285725 0.0166995
20 0.2975643 0.3275546 0.0285725 0.0166995
32 0.3696449 0.3409142 0.5207990 0.4842852
33 0.4501675 0.1110179 0.0116888 0.0133596
34 0.4430243 0.2078749 0.0675350 0.0601181
19 0.4430243 0.2073183 0.0285725 0.0166995
8 0.2975643 0.5079091 0.0285725 0.0166995
31 0.5884844 0.2073183 0.0285725 0.0166995
26 0.4430243 0.3876728 0.0285725 0.0166995
30 0.1521042 0.5079091 0.0285725 0.0166995
13 0.3702943 0.2073183 0.0285725 0.0166995
21 0.2975643 0.2073183 0.0285725 0.0166995
23 0.2975643 0.3876728 0.0285725 0.0166995
4 0.5884844 0.3876728 0.0285725 0.0166995
28 0.5884844 0.3275546 0.0285725 0.0166995
6 0.5884844 0.2674365 0.0285725 0.0166995
24 0.5157544 0.3876728 0.0285725 0.0166995
21 0.3702943 0.3876728 0.0285725 0.0166995
3 0.4430243 0.3275546 0.0285725 0.0166995
17 0.2975643 0.4477909 0.0285725 0.0166995
28 0.3702943 0.4477909 0.0285725 0.0166995
6 0.3702943 0.2674365 0.0285725 0.0166995
1 0.5157544 0.4477909 0.0285725 0.0166995
1 0.5157544 0.2073183 0.0285725 0.0166995
26 0.5157544 0.2674365 0.0285725 0.0166995
17 0.2248342 0.3275546 0.0285725 0.0166995
25 0.1521042 0.2674365 0.0285725 0.0166995
1 0.1521042 0.3275546 0.0285725 0.0166995
17 0.2248342 0.5079091 0.0285725 0.0166995
13 0.3702943 0.3275546 0.0285725 0.0166995
4 0.2248342 0.3876728 0.0285725 0.0166995
19 0.5884844 0.4477909 0.0285725 0.0166995
7 0.1521042 0.2073183 0.0285725 0.0166995
13 0.2248342 0.2674365 0.0285725 0.0166995
31 0.2248342 0.4477909 0.0285725 0.0166995
4 0.4430243 0.4477909 0.0285725 0.0166995
3 0.3702943 0.5079091 0.0285725 0.0166995
6 0.1521042 0.4477909 0.0285725 0.0166995
21 0.1521042 0.3876728 0.0285725 0.0166995
18 0.5157544 0.3275546 0.0285725 0.0166995
28 0.5884844 0.5079091 0.0285725 0.0166995
7 0.4430243 0.5079091 0.0285725 0.0166995
6 0.2248342 0.2073183 0.0285725 0.0166995
3 0.2975643 0.2674365 0.0285725 0.0166995
28 0.5157544 0.5079091 0.0285725 0.0166995
