3 0.6941432 0.4370814 0.0233821 0.0154069
15 0.4937249 0.5075129 0.0233821 0.0154069
32 0.5844698 0.3127259 0.3807946 0.4820153
33 0.7158552 0.1250920 0.0133612 0.0187084
20 0.6941432 0.3672002 0.0233821 0.0165074
3 0.7442477 0.4370814 0.0233822 0.0154069
6 0.5939341 0.4370814 0.0233822 0.0154069
29 0.4436204 0.3672002 0.0233821 0.0165074
26 0.6941432 0.2967687 0.0233821 0.0165074
29 0.6440386 0.2967687 0.0233821 0.0165074
1 0.5939341 0.3672002 0.0233822 0.0165074
16 0.5438295 0.2967687 0.0233822 0.0165074
2 0.5939341 0.5075129 0.0233822 0.0154069
26 0.4937249 0.2263373 0.0233821 0.0165074
28 0.6941432 0.5075129 0.0233821 0.0154069
28 0.4937249 0.2967687 0.0233821 0.0165074
19 0.4436204 0.2967687 0.0233821 0.0165074
31 0.5438295 0.4370814 0.0233822 0.0154069
16 0.4436204 0.5075129 0.0233821 0.0154069
15 0.5939341 0.2263373 0.0233822 0.0165074
6 0.7442477 0.2263373 0.0233822 0.0165074
11 0.4937249 0.3672002 0.0233821 0.0165074
31 0.4436204 0.4370814 0.0233821 0.0154069
10 0.7442477 0.3672002 0.0233822 0.0165074
15 0.5438295 0.2263373 0.0233822 0.0165074
15 0.7442477 0.2967687 0.0233822 0.0165074
24 0.6440386 0.4370814 0.0233821 0.0154069
7 0.5438295 0.5075129 0.0233822 0.0154069
29 0.6440386 0.2263373 0.0233821 0.0165074
24 0.4937249 0.4370814 0.0233821 0.0154069
26 0.6440386 0.3672002 0.0233821 0.0165074
9 0.6941432 0.2263373 0.0233821 0.0165074
29 0.5939341 0.2967687 0.0233822 0.0165074
8 0.6440386 0.5075129 0.0233821 0.0154069
6 0.7442477 0.5075129 0.0233822 0.0154069
13 0.5438295 0.3672002 0.0233822 0.0165074
20 0.4436204 0.2263373 0.0233821 0.0165074
