15 0.3470138 0.4429192 0.0252080 0.0157165
21 0.0777467 0.4429192 0.0252080 0.0157165
32 0.2421715 0.4322544 0.4273898 0.4209777
33 0.4237835 0.2683537 0.0091665 0.0123487
35 0.1865994 0.3935244 0.0458327 0.0449043
4 0.1860264 0.3935244 0.0240622 0.0157165
12 0.2398798 0.4923139 0.0240622 0.0157165
24 0.1860264 0.5916646 0.0240622 0.0168391
31 0.3470138 0.3935244 0.0252080 0.0157165
2 0.1860264 0.4429192 0.0240622 0.0157165
29 0.1860264 0.5422699 0.0240622 0.0168391
17 0.1327460 0.5422699 0.0252080 0.0168391
19 0.2931603 0.5422699 0.0252080 0.0168391
28 0.2931603 0.5916646 0.0252080 0.0168391
19 0.3470138 0.5916646 0.0252080 0.0168391
20 0.0777467 0.5422699 0.0252080 0.0168391
11 0.0777467 0.3452523 0.0252080 0.0157165
13 0.2398798 0.4429192 0.0240622 0.0157165
2 0.1860264 0.4923139 0.0240622 0.0157165
13 0.1327460 0.3935244 0.0252080 0.0157165
19 0.1327460 0.4923139 0.0252080 0.0157165
23 0.1327460 0.5916646 0.0252080 0.0168391
11 0.4020129 0.5422699 0.0252080 0.0168391
18 0.2398798 0.5422699 0.0240622 0.0168391
10 0.2931603 0.3935244 0.0252080 0.0157165
13 0.2398798 0.3935244 0.0240622 0.0157165
13 0.2931603 0.4429192 0.0252080 0.0157165
29 0.4020129 0.5916646 0.0252080 0.0168391
5 0.3470138 0.4923139 0.0252080 0.0157165
17 0.0777467 0.4923139 0.0252080 0.0157165
2 0.0777467 0.3935244 0.0252080 0.0157165
13 0.1860264 0.3452523 0.0240622 0.0157165
25 0.3470138 0.3452523 0.0252080 0.0157165
16 0.2398798 0.3452523 0.0240622 0.0157165
5 0.4020129 0.4923139 0.0252080 0.0157165
16 0.4020129 0.3935244 0.0252080 0.0157165
5 0.4020129 0.4429192 0.0252080 0.0157165
17 0.1327460 0.4429192 0.0252080 0.0157165
13 0.2931603 0.3452523 0.0252080 0.0157165
18 0.0777467 0.5916646 0.0252080 0.0168391
19 0.2398798 0.5916646 0.0240622 0.0168391
13 0.3470138 0.5422699 0.0252080 0.0168391
11 0.2931603 0.4923139 0.0252080 0.0157165
7 0.1327460 0.3452523 0.0252080 0.0157165
12 0.4020129 0.3452523 0.0252080 0.0157165
