8 0.7780796 0.4157347 0.0232558 0.0151830
4 0.8279131 0.2080525 0.0232557 0.0162675
32 0.6689993 0.2931859 0.3787356 0.4750121
33 0.7996741 0.1082782 0.0132890 0.0184366
18 0.5289115 0.4851429 0.0232557 0.0151830
2 0.8279131 0.4851429 0.0232557 0.0151830
30 0.5289115 0.2774606 0.0232557 0.0162675
1 0.5787451 0.2080525 0.0232557 0.0162675
17 0.7780796 0.3468688 0.0232558 0.0162675
16 0.5787451 0.3468688 0.0232557 0.0162675
23 0.6784123 0.4157347 0.0232557 0.0151830
26 0.7780796 0.4851429 0.0232558 0.0151830
10 0.6285787 0.2080525 0.0232558 0.0162675
9 0.8279131 0.2774606 0.0232557 0.0162675
21 0.5787451 0.4851429 0.0232557 0.0151830
1 0.8279131 0.3468688 0.0232557 0.0162675
8 0.6784123 0.2080525 0.0232557 0.0162675
7 0.8279131 0.4157347 0.0232557 0.0151830
16 0.6285787 0.2774606 0.0232558 0.0162675
17 0.7282460 0.4157347 0.0232557 0.0151830
19 0.7780796 0.2080525 0.0232558 0.0162675
22 0.6285787 0.4851429 0.0232558 0.0151830
20 0.5289115 0.3468688 0.0232557 0.0162675
20 0.7282460 0.2080525 0.0232557 0.0162675
28 0.6784123 0.2774606 0.0232557 0.0162675
11 0.7282460 0.2774606 0.0232557 0.0162675
15 0.6285787 0.4157347 0.0232558 0.0151830
2 0.6784123 0.4851429 0.0232557 0.0151830
19 0.6784123 0.3468688 0.0232557 0.0162675
12 0.5787451 0.4157347 0.0232557 0.0151830
30 0.7282460 0.4851429 0.0232557 0.0151830
28 0.5289115 0.2080525 0.0232557 0.0162675
19 0.6285787 0.3468688 0.0232558 0.0162675
14 0.5289115 0.4157347 0.0232557 0.0151830
10 0.7780796 0.2774606 0.0232558 0.0162675
15 0.5787451 0.2774606 0.0232557 0.0162675
12 0.7282460 0.3468688 0.0232557 0.0162675
