4 0.5501377 0.5294022 0.0237898 0.0153145
28 0.5501377 0.4599402 0.0237898 0.0164084
32 0.4895302 0.4057926 0.3874348 0.4791239
33 0.6232065 0.2192844 0.0135943 0.0185961
9 0.3972030 0.4599402 0.0237898 0.0164084
6 0.3462247 0.3899312 0.0237899 0.0164084
22 0.6520942 0.5994112 0.0237899 0.0153145
17 0.4481812 0.5294022 0.0237898 0.0153145
26 0.4481812 0.3199222 0.0237898 0.0164084
20 0.6520942 0.3199222 0.0237899 0.0164084
2 0.3972030 0.5994112 0.0237898 0.0153145
1 0.3462247 0.5294022 0.0237899 0.0153145
23 0.6011160 0.4599402 0.0237898 0.0164084
6 0.3462247 0.3199222 0.0237899 0.0164084
12 0.4481812 0.4599402 0.0237898 0.0164084
9 0.6011160 0.5294022 0.0237898 0.0153145
14 0.5501377 0.3199222 0.0237898 0.0164084
27 0.3972030 0.5294022 0.0237898 0.0153145
6 0.6520942 0.4599402 0.0237899 0.0164084
26 0.3972030 0.3899312 0.0237898 0.0164084
3 0.4481812 0.5994112 0.0237898 0.0153145
29 0.6011160 0.3899312 0.0237898 0.0164084
22 0.6011160 0.3199222 0.0237898 0.0164084
7 0.4991594 0.3899312 0.0237899 0.0164084
8 0.3462247 0.5994112 0.0237899 0.0153145
2 0.4991594 0.5294022 0.0237899 0.0153145
10 0.5501377 0.5994112 0.0237898 0.0153145
27 0.6011160 0.5994112 0.0237898 0.0153145
23 0.4991594 0.3199222 0.0237899 0.0164084
1 0.3462247 0.4599402 0.0237899 0.0164084
15 0.4481812 0.3899312 0.0237898 0.0164084
18 0.5501377 0.3899312 0.0237898 0.0164084
18 0.6520942 0.5294022 0.0237899 0.0153145
27 0.6520942 0.3899312 0.0237899 0.0164084
23 0.3972030 0.3199222 0.0237898 0.0164084
2 0.4991594 0.5994112 0.0237899 0.0153145
9 0.4991594 0.4599402 0.0237899 0.0164084
