24 0.8070378 0.3529072 0.0228160 0.0161281
10 0.6603639 0.4266353 0.0228160 0.0161281
32 0.6511289 0.2380653 0.3715738 0.4739083
33 0.7793327 0.0263145 0.0130377 0.0195840
21 0.7581464 0.3529072 0.0228160 0.0161281
9 0.8070378 0.4266353 0.0228160 0.0161281
18 0.5625813 0.1322987 0.0228159 0.0172800
12 0.5136900 0.2060269 0.0228160 0.0172800
17 0.6114726 0.2060269 0.0228160 0.0172800
1 0.5136900 0.2797550 0.0228160 0.0172800
4 0.6114726 0.1322987 0.0228160 0.0172800
22 0.7092552 0.4266353 0.0228159 0.0161281
18 0.6603639 0.2060269 0.0228160 0.0172800
31 0.7092552 0.2797550 0.0228159 0.0172800
18 0.6114726 0.2797550 0.0228160 0.0172800
21 0.7581464 0.1322987 0.0228160 0.0172800
13 0.7092552 0.2060269 0.0228159 0.0172800
4 0.5136900 0.4266353 0.0228160 0.0161281
22 0.7092552 0.1322987 0.0228159 0.0172800
6 0.7581464 0.2797550 0.0228160 0.0172800
25 0.7581464 0.4266353 0.0228160 0.0161281
23 0.8070378 0.1322987 0.0228160 0.0172800
28 0.5625813 0.2060269 0.0228159 0.0172800
23 0.5136900 0.1322987 0.0228160 0.0172800
14 0.6114726 0.3529072 0.0228160 0.0161281
21 0.7581464 0.2060269 0.0228160 0.0172800
12 0.6603639 0.1322987 0.0228160 0.0172800
4 0.8070378 0.2797550 0.0228160 0.0172800
11 0.8070378 0.2060269 0.0228160 0.0172800
19 0.5136900 0.3529072 0.0228160 0.0161281
3 0.5625813 0.4266353 0.0228159 0.0161281
10 0.6603639 0.3529072 0.0228160 0.0161281
9 0.6603639 0.2797550 0.0228160 0.0172800
21 0.5625813 0.2797550 0.0228159 0.0172800
11 0.7092552 0.3529072 0.0228159 0.0161281
12 0.5625813 0.3529072 0.0228159 0.0161281
21 0.6114726 0.4266353 0.0228160 0.0161281
