22 0.4797752 0.4851461 0.0280391 0.0165166
9 0.4084030 0.5446058 0.0280391 0.0165166
32 0.5505101 0.5192804 0.5110760 0.4877899
33 0.6288921 0.2891493 0.0127451 0.0143144
34 0.4797752 0.6640759 0.0662742 0.0594598
21 0.4797752 0.6635253 0.0280391 0.0165167
31 0.3370308 0.7229850 0.0280391 0.0165167
13 0.6938918 0.6635253 0.0280391 0.0165167
5 0.4084030 0.6040656 0.0280391 0.0165165
28 0.6225196 0.6040656 0.0280391 0.0165165
24 0.4797752 0.6040656 0.0280391 0.0165165
28 0.5511474 0.6635253 0.0280391 0.0165167
20 0.6938918 0.5446058 0.0280391 0.0165166
16 0.3370308 0.4851461 0.0280391 0.0165166
11 0.5511474 0.4851461 0.0280391 0.0165166
30 0.6225196 0.4851461 0.0280391 0.0165166
9 0.7652641 0.6040656 0.0280391 0.0165165
31 0.3370308 0.6040656 0.0280391 0.0165165
19 0.5511474 0.4256864 0.0280391 0.0165166
24 0.7652641 0.6635253 0.0280391 0.0165167
12 0.6225196 0.7229850 0.0280391 0.0165167
24 0.7652641 0.4256864 0.0280391 0.0165166
2 0.7652641 0.4851461 0.0280391 0.0165166
16 0.6225196 0.5446058 0.0280391 0.0165166
16 0.3370308 0.5446058 0.0280391 0.0165166
5 0.4797752 0.5446058 0.0280391 0.0165166
27 0.4084030 0.4851461 0.0280391 0.0165166
29 0.6938918 0.7229850 0.0280391 0.0165167
8 0.4797752 0.7229850 0.0280391 0.0165167
3 0.5511474 0.6040656 0.0280391 0.0165165
25 0.7652641 0.5446058 0.0280391 0.0165166
27 0.4797752 0.4256864 0.0280391 0.0165166
24 0.6938918 0.4851461 0.0280391 0.0165166
9 0.7652641 0.7229850 0.0280391 0.0165167
25 0.6225196 0.4256864 0.0280391 0.0165166
1 0.4084030 0.7229850 0.0280391 0.0165167
18 0.3370308 0.6635253 0.0280391 0.0165167
28 0.6938918 0.4256864 0.0280391 0.0165166
19 0.4084030 0.4256864 0.0280391 0.0165166
21 0.5511474 0.5446058 0.0280391 0.0165166
22 0.3370308 0.4256864 0.0280391 0.0165166
12 0.6225196 0.6635253 0.0280391 0.0165167
19 0.6938918 0.6040656 0.0280391 0.0165165
21 0.4084030 0.6635253 0.0280391 0.0165167
20 0.5511474 0.7229850 0.0280391 0.0165167
