31 0.7061513 0.3765338 0.0265470 0.0166898
5 0.4358539 0.3164505 0.0265471 0.0166898
32 0.6379736 0.3509428 0.4838805 0.4929061
33 0.7121847 0.1183979 0.0120668 0.0144645
10 0.5034283 0.2563671 0.0265471 0.0166898
4 0.8412999 0.3765338 0.0265470 0.0166898
11 0.8412999 0.4366172 0.0265470 0.0166899
16 0.8412999 0.2563671 0.0265470 0.0166898
29 0.6385769 0.2563671 0.0265471 0.0166898
6 0.5710026 0.2563671 0.0265471 0.0166898
25 0.4358539 0.4967006 0.0265471 0.0166899
25 0.5710026 0.3164505 0.0265471 0.0166898
14 0.7061513 0.2563671 0.0265470 0.0166898
24 0.6385769 0.4967006 0.0265471 0.0166899
23 0.5034283 0.4366172 0.0265471 0.0166899
5 0.7737256 0.4366172 0.0265470 0.0166899
26 0.7061513 0.4967006 0.0265470 0.0166899
25 0.7737256 0.3164505 0.0265470 0.0166898
27 0.7737256 0.4967006 0.0265470 0.0166899
23 0.7061513 0.3164505 0.0265470 0.0166898
13 0.5710026 0.4366172 0.0265471 0.0166899
23 0.5710026 0.4967006 0.0265471 0.0166899
22 0.5710026 0.3765338 0.0265471 0.0166898
2 0.6385769 0.4366172 0.0265471 0.0166899
10 0.4358539 0.3765338 0.0265471 0.0166898
6 0.5034283 0.3164505 0.0265471 0.0166898
27 0.5034283 0.3765338 0.0265471 0.0166898
30 0.8412999 0.4967006 0.0265470 0.0166899
2 0.7737256 0.2563671 0.0265470 0.0166898
13 0.6385769 0.3765338 0.0265471 0.0166898
17 0.7737256 0.3765338 0.0265470 0.0166898
10 0.4358539 0.4366172 0.0265471 0.0166899
6 0.8412999 0.3164505 0.0265470 0.0166898
4 0.4358539 0.2563671 0.0265471 0.0166898
6 0.5034283 0.4967006 0.0265471 0.0166899
1 0.6385769 0.3164505 0.0265471 0.0166898
20 0.7061513 0.4366172 0.0265470 0.0166899
