10 0.4492214 0.4090249 0.0241702 0.0154906
19 0.6046011 0.1971353 0.0241702 0.0165971
32 0.4394382 0.2839934 0.3936287 0.4846353
33 0.5752516 0.0953397 0.0138115 0.0188101
22 0.5528079 0.1971353 0.0241702 0.0165971
3 0.2938416 0.3387639 0.0241702 0.0165971
26 0.5010146 0.4798392 0.0241702 0.0154906
10 0.6046011 0.4798392 0.0241702 0.0154906
4 0.5010146 0.2679496 0.0241702 0.0165971
1 0.5010146 0.3387639 0.0241702 0.0165971
17 0.4492214 0.2679496 0.0241702 0.0165971
3 0.2938416 0.4798392 0.0241702 0.0154906
13 0.5528079 0.2679496 0.0241702 0.0165971
11 0.3456349 0.2679496 0.0241702 0.0165971
26 0.4492214 0.3387639 0.0241702 0.0165971
17 0.6046011 0.3387639 0.0241702 0.0165971
29 0.6046011 0.4090249 0.0241702 0.0154906
26 0.5528079 0.4090249 0.0241702 0.0154906
25 0.3974281 0.2679496 0.0241702 0.0165971
6 0.4492214 0.4798392 0.0241702 0.0154906
18 0.3456349 0.4090249 0.0241702 0.0154906
21 0.3456349 0.3387639 0.0241702 0.0165971
30 0.5010146 0.1971353 0.0241702 0.0165971
26 0.6046011 0.2679496 0.0241702 0.0165971
21 0.2938416 0.1971353 0.0241702 0.0165971
15 0.3974281 0.4798392 0.0241702 0.0154906
15 0.5010146 0.4090249 0.0241702 0.0154906
29 0.5528079 0.3387639 0.0241702 0.0165971
15 0.2938416 0.2679496 0.0241702 0.0165971
22 0.4492214 0.1971353 0.0241702 0.0165971
15 0.3974281 0.3387639 0.0241702 0.0165971
24 0.3974281 0.1971353 0.0241702 0.0165971
26 0.3974281 0.4090249 0.0241702 0.0154906
2 0.3456349 0.4798392 0.0241702 0.0154906
29 0.5528079 0.4798392 0.0241702 0.0154906
18 0.2938416 0.4090249 0.0241702 0.0154906
4 0.3456349 0.1971353 0.0241702 0.0165971
