14 0.1258758 0.2630286 0.0268292 0.0161870
31 0.0575833 0.2630286 0.0268292 0.0161870
32 0.2624609 0.3488194 0.4926819 0.4791336
33 0.3374608 0.1205835 0.0109756 0.0140287
24 0.0575833 0.4378476 0.0268292 0.0161869
9 0.1258758 0.3213017 0.0268292 0.0161870
12 0.0575833 0.2047556 0.0268292 0.0161870
18 0.3307534 0.4378476 0.0268292 0.0161869
4 0.1258758 0.2047556 0.0268292 0.0161870
20 0.2624609 0.2047556 0.0268292 0.0161870
8 0.1258758 0.3795747 0.0268292 0.0161869
6 0.1258758 0.4378476 0.0268292 0.0161869
14 0.2624609 0.2630286 0.0268292 0.0161870
25 0.4673386 0.4378476 0.0268292 0.0161869
1 0.1941684 0.3795747 0.0268292 0.0161869
13 0.3990460 0.4378476 0.0268292 0.0161869
19 0.2624609 0.3795747 0.0268292 0.0161869
6 0.2624609 0.4378476 0.0268292 0.0161869
3 0.3990460 0.3213017 0.0268292 0.0161870
21 0.4673386 0.3213017 0.0268292 0.0161870
27 0.3307534 0.2630286 0.0268292 0.0161870
15 0.1941684 0.3213017 0.0268292 0.0161870
16 0.4673386 0.3795747 0.0268292 0.0161869
2 0.2624609 0.3213017 0.0268292 0.0161870
29 0.1941684 0.2047556 0.0268292 0.0161870
16 0.0575833 0.3795747 0.0268292 0.0161869
27 0.3307534 0.2047556 0.0268292 0.0161870
29 0.4673386 0.2047556 0.0268292 0.0161870
20 0.3990460 0.2630286 0.0268292 0.0161870
1 0.1941684 0.2630286 0.0268292 0.0161870
13 0.3990460 0.2047556 0.0268292 0.0161870
23 0.3307534 0.3795747 0.0268292 0.0161869
4 0.0575833 0.3213017 0.0268292 0.0161870
4 0.3307534 0.3213017 0.0268292 0.0161870
17 0.3990460 0.3795747 0.0268292 0.0161869
24 0.1941684 0.4378476 0.0268292 0.0161869
5 0.4673386 0.2630286 0.0268292 0.0161870
