26 0.3787413 0.2598882 0.0251510 0.0159224
24 0.2186895 0.3588344 0.0251510 0.0159223
32 0.3307258 0.3269896 0.4321399 0.3798623
33 0.5090692 0.1831197 0.0091458 0.0147851
3 0.2718496 0.2598882 0.0240078 0.0159224
1 0.2186895 0.3087927 0.0251510 0.0159224
26 0.3787413 0.4594865 0.0251510 0.0170597
12 0.4873479 0.3588344 0.0251510 0.0159223
25 0.3255812 0.4594865 0.0240078 0.0170597
27 0.4324730 0.3588344 0.0251510 0.0159223
29 0.3255812 0.4088761 0.0240078 0.0159224
8 0.3255812 0.3087927 0.0240078 0.0159224
4 0.1638146 0.3087927 0.0251510 0.0159224
26 0.4324730 0.4594865 0.0251510 0.0170597
9 0.2718496 0.4088761 0.0240078 0.0159224
19 0.3787413 0.3087927 0.0251510 0.0159224
20 0.3255812 0.2598882 0.0240078 0.0159224
19 0.2186895 0.4594865 0.0251510 0.0170597
5 0.2186895 0.2598882 0.0251510 0.0159224
14 0.3255812 0.3588344 0.0240078 0.0159223
6 0.4324730 0.2598882 0.0251510 0.0159224
30 0.3787413 0.4088761 0.0251510 0.0159224
29 0.4324730 0.4088761 0.0251510 0.0159224
21 0.2718496 0.3588344 0.0240078 0.0159223
19 0.1638146 0.4088761 0.0251510 0.0159224
13 0.4873479 0.4594865 0.0251510 0.0170597
5 0.1638146 0.3588344 0.0251510 0.0159223
9 0.2718496 0.4594865 0.0240078 0.0170597
23 0.2186895 0.4088761 0.0251510 0.0159224
7 0.1638146 0.2598882 0.0251510 0.0159224
8 0.2718496 0.3087927 0.0240078 0.0159224
12 0.4324730 0.3087927 0.0251510 0.0159224
8 0.4873479 0.4088761 0.0251510 0.0159224
31 0.1638146 0.4594865 0.0251510 0.0170597
19 0.4873479 0.3087927 0.0251510 0.0159224
29 0.4873479 0.2598882 0.0251510 0.0159224
12 0.3787413 0.3588344 0.0251510 0.0159223
