19 0.2179067 0.4930964 0.0268478 0.0170936
16 0.6279462 0.3700222 0.0268478 0.0170936
32 0.4229265 0.5221556 0.4930237 0.5059717
33 0.4979784 0.2811353 0.0109832 0.0148145
2 0.4229265 0.5546335 0.0268478 0.0170936
21 0.6279462 0.5546335 0.0268478 0.0170936
19 0.2179067 0.5546335 0.0268478 0.0170936
22 0.5596063 0.4930964 0.0268478 0.0170936
6 0.4229265 0.4315593 0.0268478 0.0170936
5 0.6279462 0.4930964 0.0268478 0.0170936
29 0.3545866 0.4315593 0.0268478 0.0170936
19 0.2179067 0.3700222 0.0268478 0.0170936
28 0.4912664 0.4315593 0.0268478 0.0170936
23 0.3545866 0.6161707 0.0268478 0.0170936
18 0.4912664 0.5546335 0.0268478 0.0170936
31 0.4229265 0.3700222 0.0268478 0.0170936
23 0.6279462 0.4315593 0.0268478 0.0170936
13 0.2862466 0.3700222 0.0268478 0.0170936
25 0.2862466 0.6161707 0.0268478 0.0170936
31 0.3545866 0.5546335 0.0268478 0.0170936
28 0.2179067 0.6161707 0.0268478 0.0170936
24 0.2862466 0.4315593 0.0268478 0.0170936
10 0.4229265 0.4930964 0.0268478 0.0170936
1 0.5596063 0.3700222 0.0268478 0.0170936
20 0.4229265 0.6161707 0.0268478 0.0170936
1 0.2179067 0.4315593 0.0268478 0.0170936
30 0.2862466 0.4930964 0.0268478 0.0170936
16 0.3545866 0.4930964 0.0268478 0.0170936
16 0.4912664 0.6161707 0.0268478 0.0170936
25 0.2862466 0.5546335 0.0268478 0.0170936
10 0.5596063 0.5546335 0.0268478 0.0170936
18 0.6279462 0.6161707 0.0268478 0.0170936
3 0.5596063 0.4315593 0.0268478 0.0170936
16 0.4912664 0.4930964 0.0268478 0.0170936
1 0.3545866 0.3700222 0.0268478 0.0170936
25 0.4912664 0.3700222 0.0268478 0.0170936
30 0.5596063 0.6161707 0.0268478 0.0170936
