9 0.5994427 0.4072426 0.0234205 0.0162272
28 0.5994427 0.3562427 0.0234205 0.0162272
32 0.6016732 0.3452314 0.4159928 0.4346581
33 0.7784422 0.1760045 0.0089221 0.0127500
35 0.4951657 0.4588220 0.0446105 0.0452044
23 0.4951657 0.4588220 0.0245357 0.0173863
29 0.6513024 0.4588220 0.0245358 0.0173863
28 0.5470253 0.4588220 0.0234205 0.0173863
20 0.5470253 0.4072426 0.0234205 0.0162272
10 0.5994427 0.4588220 0.0234205 0.0173863
26 0.4416331 0.3052429 0.0245358 0.0162272
21 0.7037197 0.3562427 0.0245357 0.0162272
17 0.7037197 0.5098219 0.0245357 0.0173863
23 0.7572523 0.3562427 0.0245357 0.0162272
16 0.4416331 0.3562427 0.0245358 0.0162272
13 0.5470253 0.3562427 0.0234205 0.0162272
25 0.5994427 0.3052429 0.0234205 0.0162272
3 0.6513024 0.4072426 0.0245358 0.0162272
20 0.6513024 0.3562427 0.0245358 0.0162272
2 0.4416331 0.4588220 0.0245358 0.0173863
12 0.7572523 0.2554020 0.0245357 0.0162272
8 0.7037197 0.4588220 0.0245357 0.0173863
13 0.5470253 0.3052429 0.0234205 0.0162272
30 0.5470253 0.5098219 0.0234205 0.0173863
20 0.7572523 0.4588220 0.0245357 0.0173863
23 0.4951657 0.3052429 0.0245357 0.0162272
26 0.7572523 0.4072426 0.0245357 0.0162272
13 0.4416331 0.5098219 0.0245358 0.0173863
18 0.5994427 0.5098219 0.0234205 0.0173863
29 0.5994427 0.2554020 0.0234205 0.0162272
28 0.7572523 0.5098219 0.0245357 0.0173863
31 0.4416331 0.4072426 0.0245358 0.0162272
6 0.6513024 0.2554020 0.0245358 0.0162272
3 0.4951657 0.4072426 0.0245357 0.0162272
14 0.7037197 0.3052429 0.0245357 0.0162272
18 0.6513024 0.5098219 0.0245358 0.0173863
19 0.4416331 0.2554020 0.0245358 0.0162272
28 0.7037197 0.4072426 0.0245357 0.0162272
30 0.5470253 0.2554020 0.0234205 0.0162272
8 0.7572523 0.3052429 0.0245357 0.0162272
15 0.4951657 0.5098219 0.0245357 0.0173863
3 0.4951657 0.2554020 0.0245357 0.0162272
13 0.4951657 0.3562427 0.0245357 0.0162272
23 0.6513024 0.3052429 0.0245358 0.0162272
19 0.7037197 0.2554020 0.0245357 0.0162272
