1 0.4671620 0.4418130 0.0264542 0.0159056
1 0.6691760 0.4990734 0.0264542 0.0159056
32 0.5345000 0.4688527 0.4857956 0.4708071
33 0.6084515 0.2445831 0.0108222 0.0137849
22 0.6691760 0.3845527 0.0264542 0.0159057
2 0.3998240 0.3272924 0.0264542 0.0159056
29 0.4671620 0.4990734 0.0264542 0.0159056
17 0.3324860 0.4418130 0.0264542 0.0159056
6 0.6018380 0.3845527 0.0264542 0.0159057
17 0.5345000 0.3272924 0.0264542 0.0159056
12 0.5345000 0.3845527 0.0264542 0.0159057
22 0.6018380 0.5563337 0.0264542 0.0159056
3 0.3998240 0.4418130 0.0264542 0.0159056
10 0.6691760 0.4418130 0.0264542 0.0159056
1 0.6018380 0.4990734 0.0264542 0.0159056
31 0.3324860 0.3845527 0.0264542 0.0159057
17 0.4671620 0.5563337 0.0264542 0.0159056
16 0.7365140 0.3845527 0.0264542 0.0159057
23 0.6691760 0.3272924 0.0264542 0.0159056
6 0.5345000 0.4418130 0.0264542 0.0159056
18 0.6018380 0.4418130 0.0264542 0.0159056
19 0.3998240 0.5563337 0.0264542 0.0159056
11 0.3324860 0.3272924 0.0264542 0.0159056
22 0.5345000 0.4990734 0.0264542 0.0159056
15 0.7365140 0.4990734 0.0264542 0.0159056
17 0.3998240 0.3845527 0.0264542 0.0159057
19 0.4671620 0.3845527 0.0264542 0.0159057
16 0.3324860 0.4990734 0.0264542 0.0159056
18 0.6018380 0.3272924 0.0264542 0.0159056
22 0.3324860 0.5563337 0.0264542 0.0159056
10 0.5345000 0.5563337 0.0264542 0.0159056
10 0.7365140 0.5563337 0.0264542 0.0159056
23 0.7365140 0.3272924 0.0264542 0.0159056
11 0.3998240 0.4990734 0.0264542 0.0159056
24 0.7365140 0.4418130 0.0264542 0.0159056
27 0.6691760 0.5563337 0.0264542 0.0159056
3 0.4671620 0.3272924 0.0264542 0.0159056
