23 0.2005309 0.4235589 0.0282454 0.0162929
27 0.2724283 0.4822131 0.0282454 0.0162929
32 0.2717863 0.3985765 0.5148370 0.4811819
33 0.3507452 0.1715629 0.0128389 0.0141205
34 0.0567360 0.5414105 0.0667619 0.0586542
6 0.0567360 0.5408674 0.0282454 0.0162929
15 0.1286334 0.4822131 0.0282454 0.0162929
20 0.4162231 0.3649046 0.0282454 0.0162929
27 0.4162231 0.5408674 0.0282454 0.0162929
24 0.3443257 0.3062504 0.0282454 0.0162929
23 0.3443257 0.5995216 0.0282454 0.0162928
19 0.0567360 0.4822131 0.0282454 0.0162929
18 0.2005309 0.4822131 0.0282454 0.0162929
8 0.4881206 0.3062504 0.0282454 0.0162929
11 0.2005309 0.3649046 0.0282454 0.0162929
28 0.2005309 0.5995216 0.0282454 0.0162928
2 0.0567360 0.3649046 0.0282454 0.0162929
4 0.2005309 0.5408674 0.0282454 0.0162929
15 0.4881206 0.5408674 0.0282454 0.0162929
14 0.2724283 0.3649046 0.0282454 0.0162929
17 0.1286334 0.5408674 0.0282454 0.0162929
2 0.1286334 0.3649046 0.0282454 0.0162929
5 0.2005309 0.3062504 0.0282454 0.0162929
16 0.4162231 0.4822131 0.0282454 0.0162929
16 0.4162231 0.4235589 0.0282454 0.0162929
11 0.4881206 0.3649046 0.0282454 0.0162929
1 0.3443257 0.4235589 0.0282454 0.0162929
20 0.4881206 0.4822131 0.0282454 0.0162929
25 0.2724283 0.3062504 0.0282454 0.0162929
27 0.4881206 0.5995216 0.0282454 0.0162928
5 0.3443257 0.3649046 0.0282454 0.0162929
29 0.4162231 0.3062504 0.0282454 0.0162929
4 0.4881206 0.4235589 0.0282454 0.0162929
15 0.0567360 0.5995216 0.0282454 0.0162928
24 0.2724283 0.5995216 0.0282454 0.0162928
6 0.1286334 0.3062504 0.0282454 0.0162929
31 0.1286334 0.4235589 0.0282454 0.0162929
30 0.2724283 0.4235589 0.0282454 0.0162929
27 0.0567360 0.4235589 0.0282454 0.0162929
21 0.4162231 0.5995216 0.0282454 0.0162928
2 0.1286334 0.5995216 0.0282454 0.0162928
30 0.2724283 0.5408674 0.0282454 0.0162929
16 0.3443257 0.4822131 0.0282454 0.0162929
23 0.3443257 0.5408674 0.0282454 0.0162929
9 0.0567360 0.3062504 0.0282454 0.0162929
