5 0.7101088 0.4941416 0.0240449 0.0162695
9 0.8297605 0.5534090 0.0251899 0.0162695
32 0.7089638 0.4186048 0.4133423 0.4439240
33 0.8961701 0.2146554 0.0114499 0.0174316
34 0.7095363 0.3116911 0.0503796 0.0511326
7 0.7101088 0.3122722 0.0240449 0.0174316
3 0.5916021 0.3727017 0.0251898 0.0174315
8 0.6499967 0.5534090 0.0251898 0.0162695
15 0.8881551 0.3122722 0.0251898 0.0174316
30 0.8881551 0.4337122 0.0251898 0.0162695
6 0.7696484 0.3122722 0.0240449 0.0174316
30 0.7101088 0.5534090 0.0240449 0.0162695
15 0.6499967 0.3122722 0.0251898 0.0174316
17 0.5916021 0.6144195 0.0251898 0.0174316
25 0.8297605 0.6144195 0.0251899 0.0174316
23 0.8297605 0.3122722 0.0251899 0.0174316
7 0.8881551 0.6144195 0.0251898 0.0174316
9 0.5916021 0.3122722 0.0251898 0.0174316
23 0.5320624 0.3122722 0.0251898 0.0174316
22 0.7696484 0.4337122 0.0240449 0.0162695
14 0.7696484 0.3727017 0.0240449 0.0174315
6 0.7696484 0.5534090 0.0240449 0.0162695
28 0.5320624 0.6144195 0.0251898 0.0174316
30 0.5320624 0.4337122 0.0251898 0.0162695
25 0.5916021 0.5534090 0.0251898 0.0162695
24 0.5916021 0.4337122 0.0251898 0.0162695
12 0.5320624 0.3727017 0.0251898 0.0174315
30 0.6499967 0.6144195 0.0251898 0.0174316
9 0.8297605 0.4337122 0.0251899 0.0162695
26 0.8881551 0.5534090 0.0251898 0.0162695
9 0.5320624 0.5534090 0.0251898 0.0162695
13 0.6499967 0.4337122 0.0251898 0.0162695
2 0.6499967 0.4941416 0.0251898 0.0162695
9 0.8297605 0.3727017 0.0251899 0.0174315
17 0.8881551 0.3727017 0.0251898 0.0174315
28 0.7696484 0.6144195 0.0240449 0.0174316
21 0.7101088 0.3727017 0.0240449 0.0174315
13 0.7101088 0.4337122 0.0240449 0.0162695
8 0.7696484 0.4941416 0.0240449 0.0162695
29 0.7101088 0.6144195 0.0240449 0.0174316
12 0.8881551 0.4941416 0.0251898 0.0162695
2 0.6499967 0.3727017 0.0251898 0.0174315
21 0.8297605 0.4941416 0.0251899 0.0162695
22 0.5916021 0.4941416 0.0251898 0.0162695
19 0.5320624 0.4941416 0.0251898 0.0162695
