27 0.6283295 0.3760424 0.0233521 0.0156652
24 0.7856776 0.2786945 0.0244640 0.0156652
32 0.6333335 0.3447120 0.4203362 0.3737267
33 0.8068057 0.2031659 0.0088960 0.0145463
29 0.5243575 0.2786945 0.0244640 0.0156652
24 0.7323016 0.3268090 0.0244640 0.0156652
6 0.6800376 0.4750688 0.0244640 0.0167841
3 0.4709814 0.3268090 0.0244640 0.0156652
22 0.5243575 0.3268090 0.0244640 0.0156652
14 0.4709814 0.4252759 0.0244640 0.0156652
6 0.6283295 0.3268090 0.0233521 0.0156652
3 0.5760655 0.3268090 0.0233521 0.0156652
25 0.6800376 0.4252759 0.0244640 0.0156652
22 0.6283295 0.2786945 0.0233521 0.0156652
19 0.5760655 0.4252759 0.0233521 0.0156652
29 0.7856776 0.4750688 0.0244640 0.0167841
29 0.7323016 0.4252759 0.0244640 0.0156652
18 0.5760655 0.2786945 0.0233521 0.0156652
10 0.5760655 0.4750688 0.0233521 0.0167841
6 0.5243575 0.4750688 0.0244640 0.0167841
24 0.5760655 0.3760424 0.0233521 0.0156652
28 0.6283295 0.4252759 0.0233521 0.0156652
22 0.6800376 0.3268090 0.0244640 0.0156652
30 0.6283295 0.4750688 0.0233521 0.0167841
28 0.4709814 0.4750688 0.0244640 0.0167841
19 0.7856776 0.4252759 0.0244640 0.0156652
24 0.7323016 0.2786945 0.0244640 0.0156652
28 0.4709814 0.3760424 0.0244640 0.0156652
13 0.6800376 0.2786945 0.0244640 0.0156652
25 0.5243575 0.4252759 0.0244640 0.0156652
1 0.5243575 0.3760424 0.0244640 0.0156652
3 0.4709814 0.2786945 0.0244640 0.0156652
21 0.6800376 0.3760424 0.0244640 0.0156652
9 0.7856776 0.3760424 0.0244640 0.0156652
29 0.7323016 0.3760424 0.0244640 0.0156652
6 0.7856776 0.3268090 0.0244640 0.0156652
22 0.7323016 0.4750688 0.0244640 0.0167841
