8 0.7571069 0.5520640 0.0244518 0.0154397
17 0.5826103 0.7235558 0.0244518 0.0165427
32 0.6398497 0.5377270 0.4012311 0.4212853
33 0.8215706 0.3441784 0.0111144 0.0165426
34 0.4681316 0.6094117 0.0489035 0.0485250
4 0.4681316 0.6094117 0.0244518 0.0154399
4 0.6987562 0.7235558 0.0233403 0.0165427
9 0.6987562 0.4368171 0.0233403 0.0165426
25 0.6409611 0.6094117 0.0233404 0.0154399
10 0.7571069 0.4368171 0.0244518 0.0165426
4 0.5826103 0.4368171 0.0244518 0.0165426
15 0.7571069 0.7235558 0.0244518 0.0165427
3 0.8137906 0.7235558 0.0244518 0.0165427
6 0.7571069 0.6656566 0.0244518 0.0154397
8 0.6409611 0.4368171 0.0233404 0.0165426
23 0.7571069 0.4941648 0.0244518 0.0165426
23 0.7571069 0.6094117 0.0244518 0.0154399
22 0.4681316 0.4368171 0.0244518 0.0165426
28 0.6987562 0.4941648 0.0233403 0.0165426
11 0.6987562 0.6094117 0.0233403 0.0154399
21 0.8137906 0.4368171 0.0244518 0.0165426
13 0.6409611 0.6656566 0.0233404 0.0154397
2 0.5259267 0.5520640 0.0244518 0.0154397
4 0.4681316 0.6656566 0.0244518 0.0154397
16 0.6409611 0.7235558 0.0233404 0.0165427
6 0.5259267 0.7235558 0.0244518 0.0165427
12 0.6987562 0.6656566 0.0233403 0.0154397
6 0.5826103 0.6656566 0.0244518 0.0154397
8 0.5259267 0.6656566 0.0244518 0.0154397
15 0.5826103 0.5520640 0.0244518 0.0154397
7 0.8137906 0.6094117 0.0244518 0.0154399
3 0.6409611 0.4941648 0.0233404 0.0165426
14 0.5259267 0.4941648 0.0244518 0.0165426
8 0.5259267 0.4368171 0.0244518 0.0165426
3 0.5826103 0.6094117 0.0244518 0.0154399
31 0.5259267 0.6094117 0.0244518 0.0154399
1 0.4681316 0.7235558 0.0244518 0.0165427
22 0.8137906 0.4941648 0.0244518 0.0165426
11 0.6409611 0.5520640 0.0233404 0.0154397
20 0.4681316 0.4941648 0.0244518 0.0165426
6 0.4681316 0.5520640 0.0244518 0.0154397
16 0.8137906 0.5520640 0.0244518 0.0154397
31 0.6987562 0.5520640 0.0233403 0.0154397
13 0.8137906 0.6656566 0.0244518 0.0154397
22 0.5826103 0.4941648 0.0244518 0.0165426
