19 0.2251955 0.4837753 0.0286872 0.0162416
3 0.5172833 0.6591844 0.0286872 0.0162415
32 0.4449133 0.5953008 0.5281051 0.4775026
33 0.5224991 0.3830774 0.0104317 0.0119105
25 0.5172833 0.7176541 0.0286872 0.0162416
4 0.5903052 0.4837753 0.0286872 0.0162416
7 0.4442613 0.6591844 0.0286872 0.0162415
13 0.6633272 0.5417036 0.0286872 0.0151588
3 0.3712394 0.7176541 0.0286872 0.0162416
1 0.5172833 0.5417036 0.0286872 0.0151588
19 0.2251955 0.7176541 0.0286872 0.0162416
15 0.4442613 0.5417036 0.0286872 0.0151588
2 0.2982175 0.7176541 0.0286872 0.0162416
27 0.4442613 0.6007147 0.0286872 0.0162415
11 0.2251955 0.6591844 0.0286872 0.0162415
11 0.2251955 0.5417036 0.0286872 0.0151588
31 0.2982175 0.6007147 0.0286872 0.0162415
27 0.2251955 0.6007147 0.0286872 0.0162415
8 0.5903052 0.6591844 0.0286872 0.0162415
31 0.5903052 0.5417036 0.0286872 0.0151588
3 0.4442613 0.4837753 0.0286872 0.0162416
9 0.3712394 0.4837753 0.0286872 0.0162416
15 0.5903052 0.6007147 0.0286872 0.0162415
7 0.6633272 0.7176541 0.0286872 0.0162416
1 0.6633272 0.6007147 0.0286872 0.0162415
8 0.6633272 0.4837753 0.0286872 0.0162416
22 0.3712394 0.5417036 0.0286872 0.0151588
9 0.5172833 0.4837753 0.0286872 0.0162416
29 0.3712394 0.6591844 0.0286872 0.0162415
11 0.4442613 0.7176541 0.0286872 0.0162416
13 0.5172833 0.6007147 0.0286872 0.0162415
3 0.5903052 0.7176541 0.0286872 0.0162416
31 0.3712394 0.6007147 0.0286872 0.0162415
5 0.2982175 0.6591844 0.0286872 0.0162415
15 0.6633272 0.6591844 0.0286872 0.0162415
17 0.2982175 0.4837753 0.0286872 0.0162416
27 0.2982175 0.5417036 0.0286872 0.0151588
