28 0.3536828 0.4644924 0.0285257 0.0165204
5 0.2810719 0.3455455 0.0285257 0.0165204
32 0.4982563 0.4391611 0.5199461 0.4879026
33 0.5779987 0.2089768 0.0129663 0.0143177
34 0.4262937 0.4055697 0.0674245 0.0594734
25 0.4262937 0.4050190 0.0285257 0.0165204
1 0.6441265 0.4644924 0.0285257 0.0165204
31 0.6441265 0.3455455 0.0285257 0.0165204
1 0.5715156 0.3455455 0.0285257 0.0165204
24 0.6441265 0.4050190 0.0285257 0.0165204
4 0.2810719 0.5239659 0.0285257 0.0165205
4 0.3536828 0.6429127 0.0285257 0.0165204
8 0.2810719 0.4644924 0.0285257 0.0165204
4 0.5715156 0.6429127 0.0285257 0.0165204
10 0.4989046 0.5239659 0.0285257 0.0165205
11 0.7167374 0.4644924 0.0285257 0.0165204
25 0.5715156 0.5834393 0.0285257 0.0165205
18 0.2810719 0.6429127 0.0285257 0.0165204
7 0.6441265 0.6429127 0.0285257 0.0165204
4 0.5715156 0.4050190 0.0285257 0.0165204
13 0.7167374 0.4050190 0.0285257 0.0165204
2 0.4262937 0.5239659 0.0285257 0.0165205
31 0.7167374 0.5834393 0.0285257 0.0165205
31 0.4989046 0.3455455 0.0285257 0.0165204
1 0.3536828 0.5239659 0.0285257 0.0165205
11 0.4262937 0.5834393 0.0285257 0.0165205
21 0.6441265 0.5834393 0.0285257 0.0165205
13 0.4989046 0.6429127 0.0285257 0.0165204
21 0.3536828 0.4050190 0.0285257 0.0165204
31 0.3536828 0.3455455 0.0285257 0.0165204
10 0.6441265 0.5239659 0.0285257 0.0165205
23 0.3536828 0.5834393 0.0285257 0.0165205
21 0.4262937 0.3455455 0.0285257 0.0165204
3 0.4989046 0.4050190 0.0285257 0.0165204
27 0.7167374 0.3455455 0.0285257 0.0165204
23 0.2810719 0.4050190 0.0285257 0.0165204
8 0.7167374 0.5239659 0.0285257 0.0165205
28 0.4989046 0.5834393 0.0285257 0.0165205
30 0.4262937 0.4644924 0.0285257 0.0165204
25 0.5715156 0.4644924 0.0285257 0.0165204
1 0.2810719 0.5834393 0.0285257 0.0165205
14 0.4989046 0.4644924 0.0285257 0.0165204
25 0.5715156 0.5239659 0.0285257 0.0165205
7 0.4262937 0.6429127 0.0285257 0.0165204
13 0.7167374 0.6429127 0.0285257 0.0165204
