20 0.4451286 0.3249207 0.0282478 0.0163328
19 0.5170321 0.5013145 0.0282478 0.0163327
32 0.3738670 0.4370723 0.5200167 0.4801830
33 0.4502645 0.2236577 0.0102719 0.0119774
34 0.5889357 0.6183659 0.0667676 0.0587979
31 0.5889357 0.6183659 0.0282478 0.0152439
27 0.5170321 0.3831742 0.0282478 0.0152439
7 0.1575144 0.3831742 0.0282478 0.0152439
30 0.4451286 0.5601124 0.0282478 0.0163327
5 0.5889357 0.3831742 0.0282478 0.0152439
11 0.3013215 0.4425166 0.0282478 0.0163328
3 0.4451286 0.3831742 0.0282478 0.0152439
14 0.5170321 0.4425166 0.0282478 0.0163328
16 0.1575144 0.5601124 0.0282478 0.0163327
13 0.1575144 0.4425166 0.0282478 0.0163328
10 0.3732250 0.6183659 0.0282478 0.0152439
25 0.3013215 0.3249207 0.0282478 0.0163328
6 0.5889357 0.4425166 0.0282478 0.0163328
1 0.3732250 0.4425166 0.0282478 0.0163328
6 0.3732250 0.5601124 0.0282478 0.0163327
13 0.3013215 0.3831742 0.0282478 0.0152439
25 0.3732250 0.3831742 0.0282478 0.0152439
27 0.2294179 0.3831742 0.0282478 0.0152439
26 0.3732250 0.5013145 0.0282478 0.0163327
10 0.2294179 0.3249207 0.0282478 0.0163328
5 0.5889357 0.3249207 0.0282478 0.0163328
31 0.4451286 0.4425166 0.0282478 0.0163328
29 0.4451286 0.5013145 0.0282478 0.0163327
3 0.1575144 0.6183659 0.0282478 0.0152439
27 0.5170321 0.5601124 0.0282478 0.0163327
24 0.3013215 0.5013145 0.0282478 0.0163327
19 0.5889357 0.5013145 0.0282478 0.0163327
12 0.1575144 0.3249207 0.0282478 0.0163328
24 0.5889357 0.5601124 0.0282478 0.0163327
17 0.2294179 0.6183659 0.0282478 0.0152439
27 0.3732250 0.3249207 0.0282478 0.0163328
2 0.5170321 0.3249207 0.0282478 0.0163328
29 0.2294179 0.4425166 0.0282478 0.0163328
26 0.1575144 0.5013145 0.0282478 0.0163327
2 0.3013215 0.6183659 0.0282478 0.0152439
8 0.5170321 0.6183659 0.0282478 0.0152439
1 0.3013215 0.5601124 0.0282478 0.0163327
20 0.4451286 0.6183659 0.0282478 0.0152439
13 0.2294179 0.5013145 0.0282478 0.0163327
17 0.2294179 0.5601124 0.0282478 0.0163327
