23 0.3270064 0.3542558 0.0233357 0.0159409
7 0.3768598 0.3052945 0.0233357 0.0159409
32 0.2798047 0.3935389 0.3956458 0.4269889
33 0.4479276 0.2272978 0.0084857 0.0125250
35 0.1785066 0.4043559 0.0424285 0.0455455
30 0.1785066 0.4043559 0.0233357 0.0159409
4 0.2776832 0.4043559 0.0222750 0.0159409
27 0.2776832 0.5552253 0.0222750 0.0170795
30 0.3270064 0.4043559 0.0233357 0.0159409
17 0.1275924 0.3542558 0.0233357 0.0159409
19 0.1785066 0.5552253 0.0233357 0.0170795
25 0.2776832 0.3542558 0.0222750 0.0159409
22 0.3270064 0.5552253 0.0233357 0.0170795
30 0.4277740 0.5051253 0.0233357 0.0170796
30 0.1785066 0.3052945 0.0233357 0.0159409
11 0.3768598 0.4544559 0.0233357 0.0159409
9 0.4277740 0.4544559 0.0233357 0.0159409
10 0.2278297 0.4043559 0.0222750 0.0159409
4 0.3768598 0.3542558 0.0233357 0.0159409
11 0.2278297 0.3052945 0.0222750 0.0159409
29 0.1275924 0.5051253 0.0233357 0.0170796
10 0.4277740 0.3542558 0.0233357 0.0159409
26 0.2278297 0.4544559 0.0222750 0.0159409
2 0.1785066 0.3542558 0.0233357 0.0159409
12 0.1275924 0.4544559 0.0233357 0.0159409
29 0.1785066 0.5051253 0.0233357 0.0170796
7 0.1275924 0.5552253 0.0233357 0.0170795
10 0.3270064 0.4544559 0.0233357 0.0159409
29 0.3768598 0.5051253 0.0233357 0.0170796
31 0.2776832 0.5051253 0.0222750 0.0170796
14 0.4277740 0.4043559 0.0233357 0.0159409
2 0.2776832 0.3052945 0.0222750 0.0159409
23 0.1785066 0.4544559 0.0233357 0.0159409
4 0.3270064 0.5051253 0.0233357 0.0170796
15 0.4277740 0.3052945 0.0233357 0.0159409
5 0.2278297 0.5051253 0.0222750 0.0170796
24 0.3768598 0.5552253 0.0233357 0.0170795
24 0.2278297 0.5552253 0.0222750 0.0170795
3 0.2278297 0.3542558 0.0222750 0.0159409
28 0.1275924 0.3052945 0.0233357 0.0159409
26 0.4277740 0.5552253 0.0233357 0.0170795
5 0.3768598 0.4043559 0.0233357 0.0159409
12 0.3270064 0.3052945 0.0233357 0.0159409
2 0.1275924 0.4043559 0.0233357 0.0159409
9 0.2776832 0.4544559 0.0222750 0.0159409
