22 0.4454646 0.2727074 0.0272664 0.0173017
20 0.3066537 0.2104214 0.0272664 0.0173017
32 0.4454646 0.3644063 0.5007107 0.5121296
33 0.5216866 0.1204526 0.0111544 0.0149948
9 0.4454646 0.2104214 0.0272664 0.0173017
20 0.2372482 0.3349934 0.0272664 0.0173017
4 0.6536809 0.3972795 0.0272665 0.0173017
3 0.2372482 0.2104214 0.0272664 0.0173017
20 0.4454646 0.3349934 0.0272664 0.0173017
26 0.2372482 0.2727074 0.0272664 0.0173017
7 0.4454646 0.4595655 0.0272664 0.0173017
19 0.6536809 0.3349934 0.0272665 0.0173017
24 0.3760591 0.2104214 0.0272664 0.0173017
29 0.3066537 0.4595655 0.0272664 0.0173017
15 0.5842754 0.2727074 0.0272664 0.0173017
13 0.5148700 0.2104214 0.0272664 0.0173017
4 0.3066537 0.3349934 0.0272664 0.0173017
27 0.5148700 0.2727074 0.0272664 0.0173017
1 0.5148700 0.3972795 0.0272664 0.0173017
17 0.3760591 0.3349934 0.0272664 0.0173017
15 0.3760591 0.3972795 0.0272664 0.0173017
27 0.5842754 0.3349934 0.0272664 0.0173017
2 0.6536809 0.2727074 0.0272665 0.0173017
3 0.5148700 0.3349934 0.0272664 0.0173017
26 0.6536809 0.4595655 0.0272665 0.0173017
3 0.5148700 0.4595655 0.0272664 0.0173017
24 0.4454646 0.3972795 0.0272664 0.0173017
15 0.5842754 0.4595655 0.0272664 0.0173017
29 0.3066537 0.2727074 0.0272664 0.0173017
23 0.3760591 0.4595655 0.0272664 0.0173017
15 0.6536809 0.2104214 0.0272665 0.0173017
9 0.2372482 0.4595655 0.0272664 0.0173017
31 0.5842754 0.2104214 0.0272664 0.0173017
7 0.3760591 0.2727074 0.0272664 0.0173017
23 0.2372482 0.3972795 0.0272664 0.0173017
22 0.3066537 0.3972795 0.0272664 0.0173017
23 0.5842754 0.3972795 0.0272664 0.0173017
