17 0.3250591 0.1065995 0.0250892 0.0155897
10 0.3786587 0.1555958 0.0250892 0.0155897
32 0.2743105 0.1774596 0.4253756 0.3526970
35 0.1106607 0.2541452 0.0456167 0.0434285
12 0.1106607 0.2541452 0.0250892 0.0167033
23 0.3786587 0.2045921 0.0250892 0.0155897
14 0.2720297 0.2541452 0.0239488 0.0167033
29 0.4333987 0.2541452 0.0250892 0.0167033
21 0.3786587 0.1065995 0.0250892 0.0155897
19 0.2184301 0.1065995 0.0239488 0.0155897
19 0.1654007 0.3031415 0.0250892 0.0167033
20 0.3250591 0.2045921 0.0250892 0.0155897
9 0.2720297 0.1065995 0.0239488 0.0155897
31 0.1106607 0.0587167 0.0250892 0.0155897
14 0.1106607 0.3031415 0.0250892 0.0167033
16 0.2184301 0.3031415 0.0239488 0.0167033
13 0.4333987 0.1065995 0.0250892 0.0155897
27 0.2184301 0.0587167 0.0239488 0.0155897
31 0.1106607 0.2045921 0.0250892 0.0155897
21 0.2184301 0.2541452 0.0239488 0.0167033
17 0.2184301 0.1555958 0.0239488 0.0155897
28 0.1654007 0.1065995 0.0250892 0.0155897
13 0.3786587 0.0587167 0.0250892 0.0155897
7 0.4333987 0.3031415 0.0250892 0.0167033
14 0.1654007 0.2541452 0.0250892 0.0167033
2 0.4333987 0.0587167 0.0250892 0.0155897
26 0.1654007 0.2045921 0.0250892 0.0155897
5 0.3250591 0.2541452 0.0250892 0.0167033
28 0.3250591 0.0587167 0.0250892 0.0155897
6 0.3250591 0.3031415 0.0250892 0.0167033
22 0.2720297 0.3031415 0.0239488 0.0167033
16 0.3786587 0.2541452 0.0250892 0.0167033
9 0.2184301 0.2045921 0.0239488 0.0155897
17 0.3786587 0.3031415 0.0250892 0.0167033
30 0.1654007 0.0587167 0.0250892 0.0155897
7 0.1106607 0.1555958 0.0250892 0.0155897
27 0.1106607 0.1065995 0.0250892 0.0155897
28 0.2720297 0.2045921 0.0239488 0.0155897
29 0.4333987 0.2045921 0.0250892 0.0155897
12 0.1654007 0.1555958 0.0250892 0.0155897
1 0.3250591 0.1555958 0.0250892 0.0155897
9 0.2720297 0.1555958 0.0239488 0.0155897
20 0.2720297 0.0587167 0.0239488 0.0155897
9 0.4333987 0.1555958 0.0250892 0.0155897
