6 0.8671067 0.5300216 0.0243051 0.0160902
25 0.5809686 0.5300216 0.0243052 0.0160902
32 0.6897894 0.3765900 0.3988256 0.3942100
33 0.8764973 0.1938512 0.0099430 0.0149409
3 0.6373124 0.5300216 0.0243051 0.0160902
26 0.8671067 0.4116436 0.0243051 0.0160902
23 0.6953133 0.3513053 0.0232004 0.0172395
19 0.6953133 0.4116436 0.0232004 0.0160902
19 0.5235200 0.2915417 0.0243052 0.0172395
1 0.8107629 0.5300216 0.0243051 0.0160902
20 0.8107629 0.4714072 0.0243051 0.0160902
28 0.6953133 0.2915417 0.0232004 0.0172395
1 0.7527619 0.3513053 0.0232004 0.0172395
14 0.5235200 0.4714072 0.0243052 0.0160902
31 0.5235200 0.3513053 0.0243052 0.0172395
16 0.8107629 0.4116436 0.0243051 0.0160902
9 0.6373124 0.4714072 0.0243051 0.0160902
30 0.5809686 0.2915417 0.0243052 0.0172395
23 0.7527619 0.5300216 0.0232004 0.0160902
22 0.5235200 0.4116436 0.0243052 0.0160902
2 0.6373124 0.4116436 0.0243051 0.0160902
21 0.6373124 0.2915417 0.0243051 0.0172395
10 0.5809686 0.3513053 0.0243052 0.0172395
28 0.8671067 0.4714072 0.0243051 0.0160902
3 0.6953133 0.4714072 0.0232004 0.0160902
13 0.6373124 0.3513053 0.0243051 0.0172395
22 0.8107629 0.3513053 0.0243051 0.0172395
17 0.5809686 0.4714072 0.0243052 0.0160902
4 0.7527619 0.4714072 0.0232004 0.0160902
8 0.7527619 0.4116436 0.0232004 0.0160902
5 0.6953133 0.5300216 0.0232004 0.0160902
16 0.5235200 0.5300216 0.0243052 0.0160902
9 0.7527619 0.2915417 0.0232004 0.0172395
5 0.8671067 0.2915417 0.0243051 0.0172395
15 0.5809686 0.4116436 0.0243052 0.0160902
28 0.8107629 0.2915417 0.0243051 0.0172395
15 0.8671067 0.3513053 0.0243051 0.0172395
