17 0.8661143 0.3578164 0.0241161 0.0153124
23 0.9849717 0.3578164 0.0252644 0.0153124
32 0.7989837 0.3435978 0.4020327 0.4178088
33 0.9930104 0.1516464 0.0114838 0.0164061
34 0.8058242 0.3003951 0.0505288 0.0492183
10 0.8063985 0.3003951 0.0241161 0.0164061
24 0.7461085 0.3003951 0.0252644 0.0164061
27 0.7461085 0.2435206 0.0252644 0.0164061
19 0.9849717 0.4146910 0.0252644 0.0153124
4 0.9264043 0.5278931 0.0252644 0.0164061
28 0.6278252 0.4704717 0.0252644 0.0153124
5 0.6278252 0.2435206 0.0252644 0.0164061
7 0.8063985 0.5278931 0.0241161 0.0164061
26 0.6875410 0.3003951 0.0252644 0.0164061
13 0.8063985 0.2435206 0.0241161 0.0164061
10 0.8661143 0.3003951 0.0241161 0.0164061
13 0.8063985 0.3578164 0.0241161 0.0153124
3 0.6875410 0.5278931 0.0252644 0.0164061
13 0.8063985 0.4146910 0.0241161 0.0153124
5 0.7461085 0.4146910 0.0252644 0.0153124
12 0.6278252 0.3578164 0.0252644 0.0153124
26 0.8063985 0.4704717 0.0241161 0.0153124
29 0.8661143 0.5278931 0.0241161 0.0164061
21 0.6278252 0.4146910 0.0252644 0.0153124
12 0.9849717 0.2435206 0.0252644 0.0164061
2 0.8661143 0.2435206 0.0241161 0.0164061
9 0.6278252 0.3003951 0.0252644 0.0164061
4 0.9264043 0.2435206 0.0252644 0.0164061
7 0.6875410 0.4146910 0.0252644 0.0153124
31 0.9849717 0.5278931 0.0252644 0.0164061
10 0.8661143 0.4704717 0.0241161 0.0153124
4 0.6875410 0.3578164 0.0252644 0.0153124
1 0.6278252 0.5278931 0.0252644 0.0164061
31 0.6875410 0.2435206 0.0252644 0.0164061
8 0.7461085 0.3578164 0.0252644 0.0153124
7 0.9849717 0.4704717 0.0252644 0.0153124
17 0.9849717 0.3003951 0.0252644 0.0164061
20 0.6875410 0.4704717 0.0252644 0.0153124
8 0.7461085 0.5278931 0.0252644 0.0164061
24 0.9264043 0.3003951 0.0252644 0.0164061
28 0.8661143 0.4146910 0.0241161 0.0153124
21 0.9264043 0.4704717 0.0252644 0.0153124
31 0.7461085 0.4704717 0.0252644 0.0153124
9 0.9264043 0.4146910 0.0252644 0.0153124
4 0.9264043 0.3578164 0.0252644 0.0153124
