7 0.5512123 0.3474905 0.0274154 0.0165081
19 0.2022887 0.3474905 0.0274154 0.0165081
32 0.4110198 0.3606970 0.4997084 0.4787358
33 0.4882815 0.1334351 0.0112154 0.0132065
34 0.2022887 0.5263286 0.0648001 0.0594293
1 0.2022887 0.5257783 0.0274154 0.0165082
23 0.4814276 0.4069198 0.0274154 0.0165081
5 0.6209970 0.2286319 0.0274154 0.0165081
30 0.5512123 0.4069198 0.0274154 0.0165081
13 0.5512123 0.5257783 0.0274154 0.0165082
3 0.5512123 0.2880612 0.0274154 0.0165081
17 0.4814276 0.2880612 0.0274154 0.0165081
7 0.4116429 0.5257783 0.0274154 0.0165082
16 0.3418581 0.4663490 0.0274154 0.0165082
15 0.4116429 0.2880612 0.0274154 0.0165081
7 0.2720734 0.4663490 0.0274154 0.0165082
5 0.5512123 0.4663490 0.0274154 0.0165082
2 0.3418581 0.3474905 0.0274154 0.0165081
4 0.4116429 0.4069198 0.0274154 0.0165081
18 0.3418581 0.2880612 0.0274154 0.0165081
29 0.2720734 0.2286319 0.0274154 0.0165081
31 0.2720734 0.4069198 0.0274154 0.0165081
29 0.6209970 0.3474905 0.0274154 0.0165081
6 0.4116429 0.3474905 0.0274154 0.0165081
17 0.3418581 0.2286319 0.0274154 0.0165081
6 0.4814276 0.5257783 0.0274154 0.0165082
27 0.6209970 0.5257783 0.0274154 0.0165082
16 0.4814276 0.4663490 0.0274154 0.0165082
30 0.3418581 0.4069198 0.0274154 0.0165081
31 0.2720734 0.2880612 0.0274154 0.0165081
31 0.2022887 0.2880612 0.0274154 0.0165081
28 0.4814276 0.3474905 0.0274154 0.0165081
24 0.5512123 0.2286319 0.0274154 0.0165081
29 0.6209970 0.2880612 0.0274154 0.0165081
6 0.2022887 0.2286319 0.0274154 0.0165081
13 0.2022887 0.4663490 0.0274154 0.0165082
18 0.6209970 0.4069198 0.0274154 0.0165081
14 0.2720734 0.3474905 0.0274154 0.0165081
16 0.4814276 0.2286319 0.0274154 0.0165081
17 0.2022887 0.4069198 0.0274154 0.0165081
4 0.4116429 0.4663490 0.0274154 0.0165082
13 0.6209970 0.4663490 0.0274154 0.0165082
23 0.4116429 0.2286319 0.0274154 0.0165081
29 0.3418581 0.5257783 0.0274154 0.0165082
14 0.2720734 0.5257783 0.0274154 0.0165082
