19 0.4100815 0.3357330 0.0281004 0.0159532
27 0.5531380 0.3931645 0.0281004 0.0159532
32 0.4816098 0.3054220 0.5160254 0.4722143
33 0.5601632 0.0804820 0.0114956 0.0138261
1 0.3385532 0.1634386 0.0281004 0.0159532
27 0.4100815 0.2208701 0.0281004 0.0159532
22 0.4816098 0.2783015 0.0281004 0.0159532
23 0.6246663 0.3931645 0.0281004 0.0159532
30 0.2670250 0.3931645 0.0281004 0.0159532
20 0.2670250 0.2783015 0.0281004 0.0159532
4 0.3385532 0.2783015 0.0281004 0.0159532
5 0.2670250 0.2208701 0.0281004 0.0159532
27 0.3385532 0.3357330 0.0281004 0.0159532
28 0.6961946 0.2208701 0.0281004 0.0159532
28 0.5531380 0.1634386 0.0281004 0.0159532
28 0.5531380 0.2783015 0.0281004 0.0159532
30 0.5531380 0.3357330 0.0281004 0.0159532
16 0.6961946 0.3931645 0.0281004 0.0159532
16 0.6961946 0.1634386 0.0281004 0.0159532
18 0.6246663 0.2208701 0.0281004 0.0159532
17 0.2670250 0.3357330 0.0281004 0.0159532
16 0.3385532 0.3931645 0.0281004 0.0159532
27 0.4100815 0.3931645 0.0281004 0.0159532
27 0.2670250 0.1634386 0.0281004 0.0159532
5 0.4816098 0.3931645 0.0281004 0.0159532
29 0.6246663 0.2783015 0.0281004 0.0159532
3 0.5531380 0.2208701 0.0281004 0.0159532
30 0.4100815 0.2783015 0.0281004 0.0159532
23 0.6246663 0.3357330 0.0281004 0.0159532
5 0.6961946 0.3357330 0.0281004 0.0159532
10 0.4816098 0.1634386 0.0281004 0.0159532
17 0.3385532 0.2208701 0.0281004 0.0159532
7 0.4816098 0.2208701 0.0281004 0.0159532
6 0.6246663 0.1634386 0.0281004 0.0159532
10 0.4100815 0.1634386 0.0281004 0.0159532
1 0.4816098 0.3357330 0.0281004 0.0159532
15 0.6961946 0.2783015 0.0281004 0.0159532
