15 0.5606772 0.4729213 0.0253626 0.0162748
15 0.3433655 0.5206607 0.0242098 0.0162748
32 0.3998550 0.3665927 0.4300120 0.4068696
33 0.5825812 0.2081848 0.0092228 0.0119348
35 0.5053405 0.5206607 0.0461139 0.0423145
5 0.5053405 0.5206607 0.0253627 0.0162748
29 0.2344214 0.3769001 0.0253627 0.0151898
27 0.3975493 0.3291608 0.0242098 0.0151898
27 0.4511567 0.2825064 0.0253626 0.0151898
16 0.5606772 0.5206607 0.0253626 0.0162748
14 0.2897581 0.4729213 0.0253626 0.0162748
14 0.4511567 0.3291608 0.0253626 0.0151898
17 0.2344214 0.3291608 0.0253627 0.0151898
7 0.2344214 0.4729213 0.0253627 0.0162748
22 0.3975493 0.4246395 0.0242098 0.0151898
28 0.3433655 0.3291608 0.0242098 0.0151898
10 0.5606772 0.3291608 0.0253626 0.0151898
2 0.2897581 0.3769001 0.0253626 0.0151898
13 0.5053405 0.4246395 0.0253627 0.0151898
14 0.5053405 0.3291608 0.0253627 0.0151898
10 0.2897581 0.5206607 0.0253626 0.0162748
25 0.5053405 0.4729213 0.0253627 0.0162748
4 0.3433655 0.4729213 0.0242098 0.0162748
20 0.3433655 0.2825064 0.0242098 0.0151898
13 0.5606772 0.3769001 0.0253626 0.0151898
22 0.5606772 0.4246395 0.0253626 0.0151898
18 0.2897581 0.3291608 0.0253626 0.0151898
8 0.3975493 0.4729213 0.0242098 0.0162748
2 0.3975493 0.2825064 0.0242098 0.0151898
9 0.3433655 0.3769001 0.0242098 0.0151898
31 0.2897581 0.2825064 0.0253626 0.0151898
1 0.5606772 0.2825064 0.0253626 0.0151898
10 0.3433655 0.4246395 0.0242098 0.0151898
17 0.5053405 0.2825064 0.0253627 0.0151898
28 0.5053405 0.3769001 0.0253627 0.0151898
14 0.2344214 0.5206607 0.0253627 0.0162748
1 0.2344214 0.2825064 0.0253627 0.0151898
20 0.4511567 0.4246395 0.0253626 0.0151898
29 0.3975493 0.5206607 0.0242098 0.0162748
17 0.2344214 0.4246395 0.0253627 0.0151898
12 0.3975493 0.3769001 0.0242098 0.0151898
5 0.4511567 0.5206607 0.0253626 0.0162748
28 0.4511567 0.4729213 0.0253626 0.0162748
1 0.4511567 0.3769001 0.0253626 0.0151898
9 0.2897581 0.4246395 0.0253626 0.0151898
