16 0.5645314 0.3897043 0.0269825 0.0165793
6 0.2211179 0.5687610 0.0269825 0.0165793
32 0.3578701 0.4836538 0.4918173 0.4896428
33 0.4332984 0.2526485 0.0122648 0.0143688
27 0.1524352 0.5687610 0.0269825 0.0165793
28 0.1524352 0.3897043 0.0269825 0.0165793
20 0.3584833 0.3897043 0.0269825 0.0165793
17 0.5645314 0.5687610 0.0269825 0.0165793
27 0.2211179 0.6284466 0.0269825 0.0165793
21 0.4958487 0.3897043 0.0269825 0.0165793
20 0.1524352 0.4493899 0.0269825 0.0165793
20 0.2898006 0.6284466 0.0269825 0.0165793
13 0.4958487 0.6284466 0.0269825 0.0165793
28 0.4271660 0.5090754 0.0269825 0.0165793
31 0.3584833 0.4493899 0.0269825 0.0165793
3 0.2211179 0.4493899 0.0269825 0.0165793
30 0.4958487 0.4493899 0.0269825 0.0165793
26 0.5645314 0.5090754 0.0269825 0.0165793
29 0.4271660 0.6284466 0.0269825 0.0165793
2 0.1524352 0.5090754 0.0269825 0.0165793
22 0.2898006 0.5687610 0.0269825 0.0165793
31 0.4958487 0.5090754 0.0269825 0.0165793
7 0.4271660 0.3897043 0.0269825 0.0165793
25 0.2211179 0.3897043 0.0269825 0.0165793
17 0.3584833 0.5090754 0.0269825 0.0165793
25 0.3584833 0.6284466 0.0269825 0.0165793
31 0.5645314 0.6284466 0.0269825 0.0165793
17 0.4271660 0.5687610 0.0269825 0.0165793
22 0.2898006 0.4493899 0.0269825 0.0165793
15 0.5645314 0.4493899 0.0269825 0.0165793
1 0.4271660 0.4493899 0.0269825 0.0165793
8 0.4958487 0.5687610 0.0269825 0.0165793
19 0.2211179 0.5090754 0.0269825 0.0165793
3 0.2898006 0.5090754 0.0269825 0.0165793
30 0.2898006 0.3897043 0.0269825 0.0165793
21 0.3584833 0.5687610 0.0269825 0.0165793
8 0.1524352 0.6284466 0.0269825 0.0165793
