8 0.4602410 0.5654964 0.0270125 0.0169524
2 0.4602410 0.5044675 0.0270125 0.0169525
32 0.4608549 0.4377877 0.4972751 0.4984026
33 0.5339114 0.2162754 0.0098227 0.0124318
34 0.3914820 0.6259602 0.0638477 0.0610288
26 0.3914820 0.6259602 0.0270125 0.0158223
28 0.6665182 0.5654964 0.0270125 0.0169524
5 0.6665182 0.5044675 0.0270125 0.0169525
15 0.2539639 0.5044675 0.0270125 0.0169525
6 0.5977591 0.4434386 0.0270125 0.0169524
16 0.4602410 0.6259602 0.0270125 0.0158223
22 0.2539639 0.5654964 0.0270125 0.0169524
14 0.5977591 0.5044675 0.0270125 0.0169525
4 0.5290001 0.5044675 0.0270125 0.0169525
17 0.5290001 0.3213808 0.0270125 0.0169524
5 0.6665182 0.4434386 0.0270125 0.0169524
22 0.5977591 0.5654964 0.0270125 0.0169524
1 0.5977591 0.3213808 0.0270125 0.0169524
7 0.5977591 0.6259602 0.0270125 0.0158223
4 0.3914820 0.3213808 0.0270125 0.0169524
6 0.4602410 0.3213808 0.0270125 0.0169524
22 0.4602410 0.4434386 0.0270125 0.0169524
1 0.2539639 0.6259602 0.0270125 0.0158223
2 0.6665182 0.3213808 0.0270125 0.0169524
4 0.2539639 0.3213808 0.0270125 0.0169524
1 0.3914820 0.4434386 0.0270125 0.0169524
14 0.5290001 0.3818446 0.0270125 0.0158223
1 0.4602410 0.3818446 0.0270125 0.0158223
13 0.6665182 0.6259602 0.0270125 0.0158223
2 0.2539639 0.3818446 0.0270125 0.0158223
1 0.6665182 0.3818446 0.0270125 0.0158223
20 0.3227230 0.3818446 0.0270125 0.0158223
9 0.3914820 0.3818446 0.0270125 0.0158223
16 0.3227230 0.3213808 0.0270125 0.0169524
14 0.5290001 0.6259602 0.0270125 0.0158223
12 0.5977591 0.3818446 0.0270125 0.0158223
12 0.3914820 0.5044675 0.0270125 0.0169525
3 0.3227230 0.4434386 0.0270125 0.0169524
2 0.3227230 0.5654964 0.0270125 0.0169524
22 0.3227230 0.5044675 0.0270125 0.0169525
9 0.5290001 0.5654964 0.0270125 0.0169524
9 0.2539639 0.4434386 0.0270125 0.0169524
12 0.3227230 0.6259602 0.0270125 0.0158223
12 0.5290001 0.4434386 0.0270125 0.0169524
22 0.3914820 0.5654964 0.0270125 0.0169524
