15 0.6757040 0.3982370 0.0267973 0.0163497
25 0.5392819 0.3982370 0.0267972 0.0163497
32 0.6068840 0.5290346 0.4884400 0.4741414
33 0.6824034 0.3039537 0.0109625 0.0130798
34 0.6074930 0.6342177 0.0633389 0.0588589
7 0.6074930 0.6336727 0.0267972 0.0163497
2 0.6074930 0.5748138 0.0267972 0.0163497
13 0.4710709 0.5748138 0.0267972 0.0163497
15 0.6757040 0.4570959 0.0267973 0.0163497
5 0.7439151 0.5159549 0.0267973 0.0163497
29 0.7439151 0.3982370 0.0267973 0.0163497
16 0.8121263 0.6336727 0.0267973 0.0163497
27 0.4710709 0.5159549 0.0267972 0.0163497
27 0.5392819 0.5159549 0.0267972 0.0163497
29 0.8121263 0.6925316 0.0267973 0.0163497
21 0.4028597 0.3982370 0.0267972 0.0163497
23 0.6074930 0.4570959 0.0267972 0.0163497
13 0.4028597 0.4570959 0.0267972 0.0163497
25 0.7439151 0.6925316 0.0267973 0.0163497
31 0.4710709 0.3982370 0.0267972 0.0163497
4 0.6074930 0.5159549 0.0267972 0.0163497
31 0.6757040 0.6336727 0.0267973 0.0163497
30 0.8121263 0.5159549 0.0267973 0.0163497
30 0.6074930 0.3982370 0.0267972 0.0163497
30 0.5392819 0.4570959 0.0267972 0.0163497
24 0.4028597 0.5748138 0.0267972 0.0163497
2 0.5392819 0.6336727 0.0267972 0.0163497
2 0.4028597 0.6925316 0.0267972 0.0163497
17 0.7439151 0.6336727 0.0267973 0.0163497
5 0.4710709 0.6336727 0.0267972 0.0163497
21 0.8121263 0.3982370 0.0267973 0.0163497
20 0.6757040 0.6925316 0.0267973 0.0163497
18 0.4710709 0.4570959 0.0267972 0.0163497
19 0.4710709 0.6925316 0.0267972 0.0163497
27 0.5392819 0.5748138 0.0267972 0.0163497
30 0.7439151 0.4570959 0.0267973 0.0163497
13 0.8121263 0.5748138 0.0267973 0.0163497
26 0.6757040 0.5748138 0.0267973 0.0163497
16 0.7439151 0.5748138 0.0267973 0.0163497
13 0.5392819 0.6925316 0.0267972 0.0163497
4 0.4028597 0.5159549 0.0267972 0.0163497
3 0.6757040 0.5159549 0.0267973 0.0163497
3 0.4028597 0.6336727 0.0267972 0.0163497
23 0.6074930 0.6925316 0.0267972 0.0163497
1 0.8121263 0.4570959 0.0267973 0.0163497
