3 0.9299867 0.4521589 0.0232520 0.0173651
5 0.9838892 0.6321779 0.0232520 0.0162075
32 0.8138553 0.4978872 0.3722894 0.4422331
33 0.9912875 0.2947147 0.0105691 0.0173651
34 0.9299867 0.5129370 0.0465040 0.0509378
24 0.9299867 0.5129370 0.0232520 0.0162075
7 0.6551902 0.5731363 0.0232520 0.0162075
24 0.6551902 0.6321779 0.0232520 0.0162075
2 0.9838892 0.3919596 0.0232520 0.0173652
18 0.8744990 0.3919596 0.0221951 0.0173652
21 0.8195397 0.6929560 0.0221951 0.0173652
14 0.8744990 0.6929560 0.0221951 0.0173652
6 0.9299867 0.6321779 0.0232520 0.0162075
11 0.9838892 0.5129370 0.0232520 0.0162075
14 0.8744990 0.5129370 0.0221951 0.0162075
31 0.8195397 0.4521589 0.0221951 0.0173651
17 0.9299867 0.3919596 0.0232520 0.0173652
14 0.7640519 0.3919596 0.0232520 0.0173652
7 0.7101495 0.6321779 0.0232520 0.0162075
29 0.9299867 0.6929560 0.0232520 0.0173652
31 0.9838892 0.6929560 0.0232520 0.0173652
12 0.8744990 0.6321779 0.0221951 0.0162075
24 0.9838892 0.4521589 0.0232520 0.0173651
27 0.7640519 0.4521589 0.0232520 0.0173651
15 0.7101495 0.5731363 0.0232520 0.0162075
24 0.7101495 0.4521589 0.0232520 0.0173651
2 0.6551902 0.3919596 0.0232520 0.0173652
30 0.9838892 0.5731363 0.0232520 0.0162075
20 0.7101495 0.5129370 0.0232520 0.0162075
29 0.7101495 0.3919596 0.0232520 0.0173652
28 0.7640519 0.6929560 0.0232520 0.0173652
11 0.8195397 0.3919596 0.0221951 0.0173652
26 0.8744990 0.5731363 0.0221951 0.0162075
29 0.6551902 0.5129370 0.0232520 0.0162075
28 0.7640519 0.5731363 0.0232520 0.0162075
17 0.6551902 0.4521589 0.0232520 0.0173651
19 0.7640519 0.5129370 0.0232520 0.0162075
26 0.6551902 0.6929560 0.0232520 0.0173652
27 0.7101495 0.6929560 0.0232520 0.0173652
1 0.8195397 0.5129370 0.0221951 0.0162075
4 0.9299867 0.5731363 0.0232520 0.0162075
29 0.8195397 0.6321779 0.0221951 0.0162075
19 0.8195397 0.5731363 0.0221951 0.0162075
22 0.7640519 0.6321779 0.0232520 0.0162075
4 0.8744990 0.4521589 0.0221951 0.0173651
