15 0.6490591 0.4623943 0.0267728 0.0168479
13 0.3083151 0.4017419 0.0267727 0.0168479
32 0.4446127 0.3697309 0.4916450 0.4986976
33 0.5194547 0.1321756 0.0109525 0.0146015
34 0.6490591 0.4023035 0.0632811 0.0606525
11 0.6490591 0.4017419 0.0267728 0.0168479
14 0.2401662 0.2804371 0.0267727 0.0168479
25 0.5127615 0.2197847 0.0267728 0.0168479
30 0.4446127 0.2197847 0.0267727 0.0168479
15 0.5127615 0.2804371 0.0267728 0.0168479
9 0.3764639 0.2197847 0.0267727 0.0168479
26 0.5809103 0.4623943 0.0267728 0.0168479
20 0.3764639 0.3410895 0.0267727 0.0168479
3 0.2401662 0.5230467 0.0267727 0.0168479
13 0.3083151 0.5230467 0.0267727 0.0168479
4 0.6490591 0.3410895 0.0267728 0.0168479
5 0.6490591 0.2804371 0.0267728 0.0168479
23 0.4446127 0.4623943 0.0267727 0.0168479
20 0.2401662 0.4623943 0.0267727 0.0168479
6 0.3764639 0.4623943 0.0267727 0.0168479
25 0.4446127 0.4017419 0.0267727 0.0168479
8 0.5127615 0.3410895 0.0267728 0.0168479
9 0.5809103 0.3410895 0.0267728 0.0168479
11 0.5127615 0.4017419 0.0267728 0.0168479
28 0.6490591 0.2197847 0.0267728 0.0168479
2 0.3764639 0.5230467 0.0267727 0.0168479
23 0.4446127 0.3410895 0.0267727 0.0168479
7 0.3083151 0.3410895 0.0267727 0.0168479
2 0.2401662 0.4017419 0.0267727 0.0168479
21 0.5809103 0.4017419 0.0267728 0.0168479
14 0.3083151 0.2804371 0.0267727 0.0168479
15 0.2401662 0.3410895 0.0267727 0.0168479
1 0.5809103 0.2804371 0.0267728 0.0168479
10 0.3764639 0.4017419 0.0267727 0.0168479
3 0.3764639 0.2804371 0.0267727 0.0168479
16 0.5127615 0.5230467 0.0267728 0.0168479
4 0.2401662 0.2197847 0.0267727 0.0168479
27 0.5809103 0.5230467 0.0267728 0.0168479
18 0.5809103 0.2197847 0.0267728 0.0168479
25 0.3083151 0.2197847 0.0267727 0.0168479
9 0.6490591 0.5230467 0.0267728 0.0168479
29 0.4446127 0.5230467 0.0267727 0.0168479
14 0.4446127 0.2804371 0.0267727 0.0168479
17 0.3083151 0.4623943 0.0267727 0.0168479
13 0.5127615 0.4623943 0.0267728 0.0168479
