10 0.5079745 0.2837771 0.0273309 0.0173138
22 0.3688350 0.4084364 0.0273309 0.0173138
32 0.4377836 0.3818886 0.4981691 0.5113341
33 0.5141861 0.1406498 0.0124232 0.0150053
34 0.6471140 0.2843542 0.0646004 0.0623296
27 0.6471140 0.2837771 0.0273309 0.0173138
31 0.5079745 0.5330958 0.0273309 0.0173138
29 0.5775442 0.2837771 0.0273310 0.0173138
18 0.4384047 0.4084364 0.0273310 0.0173138
18 0.2296955 0.5330958 0.0273310 0.0173138
18 0.2992652 0.5330958 0.0273310 0.0173138
22 0.5079745 0.4084364 0.0273309 0.0173138
12 0.2992652 0.2837771 0.0273310 0.0173138
23 0.4384047 0.3461068 0.0273310 0.0173138
26 0.4384047 0.4707661 0.0273310 0.0173138
5 0.6471140 0.5954254 0.0273309 0.0173138
8 0.5079745 0.5954254 0.0273309 0.0173138
21 0.2296955 0.2837771 0.0273310 0.0173138
29 0.2296955 0.4084364 0.0273310 0.0173138
15 0.2296955 0.5954254 0.0273310 0.0173138
15 0.5775442 0.3461068 0.0273310 0.0173138
18 0.2992652 0.4707661 0.0273310 0.0173138
19 0.6471140 0.5330958 0.0273309 0.0173138
28 0.3688350 0.3461068 0.0273309 0.0173138
24 0.5775442 0.4084364 0.0273310 0.0173138
7 0.2992652 0.3461068 0.0273310 0.0173138
29 0.3688350 0.2837771 0.0273309 0.0173138
21 0.5775442 0.5954254 0.0273310 0.0173138
26 0.2992652 0.5954254 0.0273310 0.0173138
30 0.3688350 0.5330958 0.0273309 0.0173138
1 0.3688350 0.4707661 0.0273309 0.0173138
21 0.5775442 0.5330958 0.0273310 0.0173138
14 0.6471140 0.3461068 0.0273309 0.0173138
15 0.4384047 0.5330958 0.0273310 0.0173138
14 0.4384047 0.2837771 0.0273310 0.0173138
22 0.6471140 0.4084364 0.0273309 0.0173138
28 0.3688350 0.5954254 0.0273309 0.0173138
2 0.5079745 0.3461068 0.0273309 0.0173138
12 0.2296955 0.4707661 0.0273310 0.0173138
31 0.2992652 0.4084364 0.0273310 0.0173138
4 0.4384047 0.5954254 0.0273310 0.0173138
18 0.2296955 0.3461068 0.0273310 0.0173138
11 0.5079745 0.4707661 0.0273309 0.0173138
28 0.5775442 0.4707661 0.0273310 0.0173138
26 0.6471140 0.4707661 0.0273309 0.0173138
