19 0.2187637 0.2369237 0.0240635 0.0160719
1 0.2187637 0.4889081 0.0240635 0.0172198
32 0.3757234 0.3258931 0.4079858 0.4304972
33 0.5490900 0.1582862 0.0087504 0.0126279
35 0.3735358 0.3873108 0.0426580 0.0459197
2 0.3735358 0.3873108 0.0229697 0.0160719
22 0.3735358 0.4383964 0.0229697 0.0172198
14 0.4758057 0.4889081 0.0240635 0.0172198
23 0.2187637 0.3367991 0.0240635 0.0160719
29 0.3221274 0.4889081 0.0229697 0.0172198
5 0.2712659 0.2862874 0.0240635 0.0160719
9 0.4243973 0.3873108 0.0240635 0.0160719
14 0.5283079 0.2369237 0.0240635 0.0160719
21 0.4758057 0.4383964 0.0240635 0.0172198
14 0.4758057 0.2369237 0.0240635 0.0160719
22 0.4243973 0.2862874 0.0240635 0.0160719
13 0.3735358 0.3367991 0.0229697 0.0160719
6 0.4243973 0.4383964 0.0240635 0.0172198
27 0.5283079 0.4889081 0.0240635 0.0172198
17 0.3221274 0.2369237 0.0229697 0.0160719
28 0.4243973 0.3367991 0.0240635 0.0160719
1 0.2187637 0.3873108 0.0240635 0.0160719
30 0.4758057 0.3873108 0.0240635 0.0160719
4 0.5283079 0.2862874 0.0240635 0.0160719
27 0.3735358 0.4889081 0.0229697 0.0172198
31 0.5283079 0.3367991 0.0240635 0.0160719
23 0.2187637 0.2862874 0.0240635 0.0160719
7 0.2712659 0.3873108 0.0240635 0.0160719
23 0.3221274 0.3367991 0.0229697 0.0160719
25 0.2187637 0.4383964 0.0240635 0.0172198
17 0.4758057 0.3367991 0.0240635 0.0160719
8 0.3221274 0.2862874 0.0229697 0.0160719
26 0.3735358 0.2862874 0.0229697 0.0160719
19 0.5283079 0.4383964 0.0240635 0.0172198
22 0.2712659 0.3367991 0.0240635 0.0160719
27 0.2712659 0.2369237 0.0240635 0.0160719
23 0.3735358 0.2369237 0.0229697 0.0160719
24 0.2712659 0.4889081 0.0240635 0.0172198
6 0.4243973 0.4889081 0.0240635 0.0172198
14 0.2712659 0.4383964 0.0240635 0.0172198
3 0.5283079 0.3873108 0.0240635 0.0160719
28 0.4243973 0.2369237 0.0240635 0.0160719
30 0.4758057 0.2862874 0.0240635 0.0160719
21 0.3221274 0.4383964 0.0229697 0.0172198
16 0.3221274 0.3873108 0.0229697 0.0160719
