25 0.3118443 0.5090184 0.0276045 0.0164154
24 0.2415784 0.6272093 0.0276044 0.0164153
32 0.3112169 0.5221507 0.5031540 0.4760470
33 0.3890113 0.2961652 0.0112928 0.0131324
23 0.3118443 0.3908274 0.0276045 0.0164154
5 0.2415784 0.4499228 0.0276044 0.0164154
29 0.4523761 0.6272093 0.0276044 0.0164153
19 0.3118443 0.4499228 0.0276045 0.0164154
7 0.1713125 0.5090184 0.0276044 0.0164154
31 0.1010466 0.6272093 0.0276045 0.0164153
21 0.3118443 0.5681138 0.0276045 0.0164154
4 0.1010466 0.5681138 0.0276045 0.0164154
16 0.1713125 0.5681138 0.0276044 0.0164154
3 0.3821102 0.4499228 0.0276044 0.0164154
30 0.1713125 0.4499228 0.0276044 0.0164154
25 0.2415784 0.3908274 0.0276044 0.0164154
30 0.3821102 0.5090184 0.0276044 0.0164154
21 0.1010466 0.5090184 0.0276045 0.0164154
19 0.4523761 0.5090184 0.0276044 0.0164154
21 0.1010466 0.3908274 0.0276045 0.0164154
3 0.5226420 0.5681138 0.0276045 0.0164154
23 0.1713125 0.3908274 0.0276044 0.0164154
5 0.2415784 0.5090184 0.0276044 0.0164154
18 0.5226420 0.4499228 0.0276045 0.0164154
30 0.5226420 0.5090184 0.0276045 0.0164154
21 0.5226420 0.6272093 0.0276045 0.0164153
21 0.2415784 0.5681138 0.0276044 0.0164154
21 0.1010466 0.4499228 0.0276045 0.0164154
7 0.3821102 0.5681138 0.0276044 0.0164154
7 0.4523761 0.3908274 0.0276044 0.0164154
5 0.4523761 0.5681138 0.0276044 0.0164154
26 0.3821102 0.6272093 0.0276044 0.0164153
13 0.3821102 0.3908274 0.0276044 0.0164154
13 0.4523761 0.4499228 0.0276044 0.0164154
6 0.3118443 0.6272093 0.0276045 0.0164153
27 0.1713125 0.6272093 0.0276044 0.0164153
2 0.5226420 0.3908274 0.0276045 0.0164154
