20 0.6328680 0.6639303 0.0226957 0.0157486
1 0.3896999 0.4485114 0.0226957 0.0168735
32 0.4777808 0.4648225 0.3696154 0.4927073
33 0.6053089 0.2730266 0.0129689 0.0191233
29 0.5842343 0.5919364 0.0226956 0.0157486
8 0.3410663 0.5919364 0.0226957 0.0157486
2 0.4383335 0.3765176 0.0226957 0.0168735
21 0.5842343 0.6639303 0.0226956 0.0157486
20 0.3410663 0.6639303 0.0226957 0.0157486
24 0.4383335 0.4485114 0.0226957 0.0168735
7 0.6328680 0.3765176 0.0226957 0.0168735
25 0.4869672 0.3765176 0.0226957 0.0168735
25 0.5356007 0.6639303 0.0226957 0.0157486
30 0.5356007 0.5205052 0.0226957 0.0168735
28 0.5842343 0.3765176 0.0226956 0.0168735
25 0.4869672 0.4485114 0.0226957 0.0168735
12 0.3896999 0.6639303 0.0226957 0.0157486
10 0.6328680 0.5205052 0.0226957 0.0168735
29 0.4383335 0.6639303 0.0226957 0.0157486
21 0.4869672 0.5205052 0.0226957 0.0168735
16 0.5356007 0.5919364 0.0226957 0.0157486
6 0.3410663 0.5205052 0.0226957 0.0168735
28 0.5842343 0.4485114 0.0226956 0.0168735
27 0.4383335 0.5205052 0.0226957 0.0168735
15 0.3896999 0.5919364 0.0226957 0.0157486
2 0.3896999 0.5205052 0.0226957 0.0168735
6 0.5356007 0.4485114 0.0226957 0.0168735
18 0.5842343 0.5205052 0.0226956 0.0168735
15 0.3410663 0.4485114 0.0226957 0.0168735
4 0.3410663 0.3765176 0.0226957 0.0168735
13 0.4869672 0.5919364 0.0226957 0.0157486
14 0.5356007 0.3765176 0.0226957 0.0168735
16 0.3896999 0.3765176 0.0226957 0.0168735
20 0.4869672 0.6639303 0.0226957 0.0157486
22 0.4383335 0.5919364 0.0226957 0.0157486
11 0.6328680 0.4485114 0.0226957 0.0168735
5 0.6328680 0.5919364 0.0226957 0.0157486
