29 0.3902974 0.4899639 0.0226004 0.0156707
30 0.6324453 0.4899639 0.0226004 0.0156707
32 0.4780088 0.3634792 0.3680648 0.4902678
33 0.6050019 0.1726330 0.0129145 0.0190287
6 0.5355861 0.4188862 0.0226005 0.0167900
23 0.5840158 0.2756116 0.0226005 0.0167900
26 0.5840158 0.4899639 0.0226005 0.0156707
25 0.5355861 0.4899639 0.0226005 0.0156707
18 0.6324453 0.4188862 0.0226004 0.0167900
1 0.4387270 0.4188862 0.0226005 0.0167900
8 0.5355861 0.5616012 0.0226005 0.0156707
8 0.4387270 0.5616012 0.0226005 0.0156707
2 0.3902974 0.4188862 0.0226004 0.0167900
24 0.6324453 0.2756116 0.0226004 0.0167900
19 0.3418678 0.4899639 0.0226005 0.0156707
10 0.5840158 0.5616012 0.0226005 0.0156707
24 0.4871566 0.2756116 0.0226005 0.0167900
13 0.4871566 0.3472489 0.0226005 0.0167900
4 0.3418678 0.4188862 0.0226005 0.0167900
29 0.4871566 0.4899639 0.0226005 0.0156707
13 0.3902974 0.5616012 0.0226004 0.0156707
27 0.4871566 0.5616012 0.0226005 0.0156707
4 0.5355861 0.3472489 0.0226005 0.0167900
2 0.4871566 0.4188862 0.0226005 0.0167900
6 0.3902974 0.3472489 0.0226004 0.0167900
2 0.3902974 0.2756116 0.0226004 0.0167900
10 0.4387270 0.2756116 0.0226005 0.0167900
17 0.6324453 0.3472489 0.0226004 0.0167900
30 0.5840158 0.4188862 0.0226005 0.0167900
10 0.3418678 0.2756116 0.0226005 0.0167900
21 0.4387270 0.4899639 0.0226005 0.0156707
21 0.5840158 0.3472489 0.0226005 0.0167900
15 0.4387270 0.3472489 0.0226005 0.0167900
21 0.6324453 0.5616012 0.0226004 0.0156707
10 0.3418678 0.3472489 0.0226005 0.0167900
14 0.5355861 0.2756116 0.0226005 0.0167900
4 0.3418678 0.5616012 0.0226005 0.0156707
