5 0.5840884 0.5485191 0.0287063 0.0169353
17 0.4379473 0.4875520 0.0287063 0.0169353
32 0.4385997 0.4209398 0.5284567 0.4978980
33 0.5162372 0.1996518 0.0104387 0.0124192
29 0.5840884 0.4265849 0.0287063 0.0169353
12 0.3648767 0.4265849 0.0287063 0.0169353
19 0.3648767 0.3650533 0.0287063 0.0158063
20 0.2187356 0.3650533 0.0287063 0.0158063
22 0.2918062 0.4875520 0.0287063 0.0169353
20 0.5110179 0.4265849 0.0287063 0.0169353
15 0.2918062 0.4265849 0.0287063 0.0169353
22 0.4379473 0.5485191 0.0287063 0.0169353
8 0.5840884 0.4875520 0.0287063 0.0169353
9 0.3648767 0.3046507 0.0287063 0.0169353
13 0.2187356 0.4265849 0.0287063 0.0169353
24 0.2918062 0.3046507 0.0287063 0.0169353
1 0.4379473 0.4265849 0.0287063 0.0169353
15 0.5110179 0.4875520 0.0287063 0.0169353
11 0.2187356 0.4875520 0.0287063 0.0169353
29 0.5110179 0.3650533 0.0287063 0.0158063
25 0.4379473 0.3046507 0.0287063 0.0169353
13 0.6571590 0.4265849 0.0287063 0.0169353
15 0.3648767 0.4875520 0.0287063 0.0169353
5 0.2918062 0.3650533 0.0287063 0.0158063
31 0.5840884 0.3046507 0.0287063 0.0169353
16 0.5110179 0.5485191 0.0287063 0.0169353
11 0.3648767 0.5485191 0.0287063 0.0169353
18 0.6571590 0.3650533 0.0287063 0.0158063
19 0.6571590 0.4875520 0.0287063 0.0169353
7 0.2187356 0.5485191 0.0287063 0.0169353
21 0.5110179 0.3046507 0.0287063 0.0169353
4 0.6571590 0.5485191 0.0287063 0.0169353
20 0.6571590 0.3046507 0.0287063 0.0169353
9 0.4379473 0.3650533 0.0287063 0.0158063
26 0.2918062 0.5485191 0.0287063 0.0169353
24 0.2187356 0.3046507 0.0287063 0.0169353
31 0.5840884 0.3650533 0.0287063 0.0158063
