19 0.2586355 0.6115731 0.0285255 0.0165365
19 0.4038564 0.4329782 0.0285255 0.0165366
32 0.2596043 0.5057391 0.5167086 0.4795602
33 0.3383773 0.2780858 0.0116695 0.0132292
14 0.1860250 0.4329782 0.0285255 0.0165366
16 0.0408041 0.6115731 0.0285255 0.0165365
17 0.0408041 0.3734467 0.0285255 0.0165366
3 0.4764669 0.3734467 0.0285255 0.0165366
16 0.3312460 0.5520415 0.0285255 0.0165365
27 0.3312460 0.4329782 0.0285255 0.0165366
25 0.4038564 0.3734467 0.0285255 0.0165366
27 0.2586355 0.4925098 0.0285255 0.0165366
21 0.1134145 0.3734467 0.0285255 0.0165366
6 0.4038564 0.5520415 0.0285255 0.0165365
17 0.2586355 0.3734467 0.0285255 0.0165366
4 0.1860250 0.6115731 0.0285255 0.0165365
5 0.0408041 0.4925098 0.0285255 0.0165366
3 0.0408041 0.5520415 0.0285255 0.0165365
17 0.1860250 0.5520415 0.0285255 0.0165365
31 0.1134145 0.5520415 0.0285255 0.0165365
30 0.2586355 0.4329782 0.0285255 0.0165366
20 0.3312460 0.6115731 0.0285255 0.0165365
13 0.4038564 0.4925098 0.0285255 0.0165366
21 0.4038564 0.6115731 0.0285255 0.0165365
4 0.1134145 0.6115731 0.0285255 0.0165365
25 0.1134145 0.4329782 0.0285255 0.0165366
15 0.3312460 0.3734467 0.0285255 0.0165366
6 0.1860250 0.4925098 0.0285255 0.0165366
27 0.4764669 0.4925098 0.0285255 0.0165366
28 0.1134145 0.4925098 0.0285255 0.0165366
16 0.4764669 0.4329782 0.0285255 0.0165366
16 0.1860250 0.3734467 0.0285255 0.0165366
30 0.0408041 0.4329782 0.0285255 0.0165366
31 0.4764669 0.5520415 0.0285255 0.0165365
24 0.4764669 0.6115731 0.0285255 0.0165365
18 0.3312460 0.4925098 0.0285255 0.0165366
14 0.2586355 0.5520415 0.0285255 0.0165365
