27 0.6717635 0.5657299 0.0274215 0.0164332
16 0.6019632 0.3882520 0.0274216 0.0164331
32 0.6013400 0.4605578 0.4998202 0.4765612
33 0.6786189 0.2343281 0.0112180 0.0131465
18 0.8113641 0.3290926 0.0274216 0.0164331
18 0.7415639 0.4474113 0.0274216 0.0164332
5 0.3925622 0.3882520 0.0274216 0.0164331
18 0.5321629 0.5065706 0.0274216 0.0164331
31 0.6717635 0.4474113 0.0274215 0.0164332
3 0.5321629 0.4474113 0.0274216 0.0164332
29 0.4623625 0.5657299 0.0274216 0.0164332
5 0.7415639 0.5065706 0.0274216 0.0164331
20 0.4623625 0.5065706 0.0274216 0.0164331
13 0.6019632 0.4474113 0.0274216 0.0164332
16 0.3925622 0.5065706 0.0274216 0.0164331
5 0.6019632 0.5657299 0.0274216 0.0164332
15 0.7415639 0.3882520 0.0274216 0.0164331
27 0.6717635 0.5065706 0.0274215 0.0164331
24 0.6019632 0.5065706 0.0274216 0.0164331
2 0.8113641 0.5657299 0.0274216 0.0164332
3 0.5321629 0.5657299 0.0274216 0.0164332
23 0.5321629 0.3882520 0.0274216 0.0164331
3 0.3925622 0.3290926 0.0274216 0.0164331
26 0.8113641 0.4474113 0.0274216 0.0164332
17 0.6717635 0.3290926 0.0274215 0.0164331
21 0.4623625 0.3882520 0.0274216 0.0164331
30 0.7415639 0.3290926 0.0274216 0.0164331
1 0.3925622 0.5657299 0.0274216 0.0164332
2 0.8113641 0.5065706 0.0274216 0.0164331
14 0.7415639 0.5657299 0.0274216 0.0164332
3 0.6019632 0.3290926 0.0274216 0.0164331
28 0.6717635 0.3882520 0.0274215 0.0164331
15 0.5321629 0.3290926 0.0274216 0.0164331
5 0.4623625 0.3290926 0.0274216 0.0164331
6 0.3925622 0.4474113 0.0274216 0.0164332
5 0.4623625 0.4474113 0.0274216 0.0164332
24 0.8113641 0.3882520 0.0274216 0.0164331
