18 0.3811270 0.6211207 0.0268649 0.0166652
21 0.3127437 0.3811426 0.0268649 0.0166651
32 0.3121331 0.5144638 0.4896734 0.4832891
33 0.3878432 0.2850404 0.0109902 0.0133321
30 0.1075937 0.5011317 0.0268649 0.0166652
31 0.4495103 0.5011317 0.0268649 0.0166652
28 0.5178936 0.5611262 0.0268649 0.0166651
5 0.1075937 0.4411372 0.0268649 0.0166651
2 0.2443604 0.5611262 0.0268649 0.0166651
16 0.3127437 0.6211207 0.0268649 0.0166652
4 0.4495103 0.6211207 0.0268649 0.0166652
7 0.3811270 0.3811426 0.0268649 0.0166651
4 0.2443604 0.4411372 0.0268649 0.0166651
18 0.1075937 0.6211207 0.0268649 0.0166652
17 0.1075937 0.5611262 0.0268649 0.0166651
26 0.5178936 0.6211207 0.0268649 0.0166652
2 0.3127437 0.5611262 0.0268649 0.0166651
2 0.2443604 0.6211207 0.0268649 0.0166652
21 0.1759770 0.4411372 0.0268649 0.0166651
16 0.1759770 0.6211207 0.0268649 0.0166652
19 0.1759770 0.3811426 0.0268649 0.0166651
21 0.5178936 0.5011317 0.0268649 0.0166652
2 0.3811270 0.5611262 0.0268649 0.0166651
2 0.2443604 0.3811426 0.0268649 0.0166651
27 0.5178936 0.4411372 0.0268649 0.0166651
31 0.4495103 0.5611262 0.0268649 0.0166651
2 0.3127437 0.5011317 0.0268649 0.0166652
26 0.1759770 0.5011317 0.0268649 0.0166652
21 0.3811270 0.4411372 0.0268649 0.0166651
18 0.1075937 0.3811426 0.0268649 0.0166651
24 0.3127437 0.4411372 0.0268649 0.0166651
17 0.1759770 0.5611262 0.0268649 0.0166651
1 0.4495103 0.3811426 0.0268649 0.0166651
25 0.2443604 0.5011317 0.0268649 0.0166652
26 0.4495103 0.4411372 0.0268649 0.0166651
2 0.3811270 0.5011317 0.0268649 0.0166652
21 0.5178936 0.3811426 0.0268649 0.0166651
