19 0.5487177 0.2245536 0.0233704 0.0161036
18 0.3999972 0.1244811 0.0233704 0.0161037
32 0.5014458 0.2152054 0.3962338 0.4281886
33 0.6698187 0.0456884 0.0084983 0.0126529
35 0.6496351 0.1244811 0.0424916 0.0460103
9 0.6496351 0.1244811 0.0233704 0.0161037
5 0.6496351 0.2245536 0.0233704 0.0161036
12 0.5986452 0.2245536 0.0233704 0.0161036
12 0.4493936 0.3769629 0.0223081 0.0172539
3 0.3490073 0.1739422 0.0233704 0.0161036
11 0.4993212 0.1739422 0.0223081 0.0161036
27 0.6496351 0.3769629 0.0233704 0.0172539
13 0.4993212 0.1244811 0.0223081 0.0161037
26 0.5986452 0.3263516 0.0233704 0.0172539
19 0.3999972 0.3769629 0.0233704 0.0172539
24 0.3999972 0.3263516 0.0233704 0.0172539
9 0.3490073 0.2751650 0.0233704 0.0161036
8 0.5986452 0.2751650 0.0233704 0.0161036
22 0.3490073 0.2245536 0.0233704 0.0161036
16 0.5487177 0.3769629 0.0233704 0.0172539
6 0.5487177 0.1739422 0.0233704 0.0161036
25 0.4493936 0.1244811 0.0223081 0.0161037
21 0.3999972 0.2245536 0.0233704 0.0161036
17 0.3490073 0.1244811 0.0233704 0.0161037
30 0.5986452 0.1739422 0.0233704 0.0161036
29 0.4993212 0.2751650 0.0223081 0.0161036
21 0.5487177 0.1244811 0.0233704 0.0161037
4 0.4493936 0.2751650 0.0223081 0.0161036
3 0.6496351 0.1739422 0.0233704 0.0161036
22 0.3999972 0.2751650 0.0233704 0.0161036
26 0.4493936 0.1739422 0.0223081 0.0161036
24 0.4993212 0.2245536 0.0223081 0.0161036
3 0.3999972 0.1739422 0.0233704 0.0161036
24 0.3490073 0.3263516 0.0233704 0.0172539
15 0.6496351 0.2751650 0.0233704 0.0161036
3 0.4993212 0.3263516 0.0223081 0.0172539
6 0.5986452 0.3769629 0.0233704 0.0172539
31 0.5487177 0.2751650 0.0233704 0.0161036
21 0.3490073 0.3769629 0.0233704 0.0172539
2 0.5986452 0.1244811 0.0233704 0.0161037
8 0.4493936 0.3263516 0.0223081 0.0172539
6 0.4993212 0.3769629 0.0223081 0.0172539
3 0.4493936 0.2245536 0.0223081 0.0161036
31 0.6496351 0.3263516 0.0233704 0.0172539
5 0.5487177 0.3263516 0.0233704 0.0172539
